7	1	-1280	-1024	-1.000	-1.000	-1.000	-1.000	4	-1280	-1024	-1.000	-1.000	-1.000	-1.000	4
27	2	-1280	-1024	0.706	0.713	-1.000	-1.000	4	-1280	-1024	0.491	0.745	-1.000	-1.000	4
47	3	-1280	-1024	-1.000	-1.000	-1.000	-1.000	4	-1280	-1024	-1.000	-1.000	-1.000	-1.000	4
67	4	686	416	0.706	0.713	823.652	3.993	0	685	452	0.491	0.745	821.805	4.364	0
87	5	694	376	0.706	0.713	823.652	3.987	0	691	444	0.491	0.745	821.805	4.390	0
107	6	680	402	0.706	0.713	823.652	4.015	0	680	414	0.491	0.745	821.805	4.448	0
126	7	683	384	0.706	0.712	823.208	4.018	0	679	391	0.491	0.745	825.780	4.505	0
147	8	704	406	0.706	0.712	823.208	4.050	0	706	398	0.491	0.745	825.780	4.314	0
193	9	688	378	0.707	0.712	823.208	3.953	0	712	419	0.491	0.744	825.780	4.362	0
194	10	724	423	0.708	0.712	823.208	4.082	0	693	468	0.492	0.744	825.780	4.561	0
206	11	691	407	0.708	0.712	823.208	3.997	0	662	442	0.492	0.744	825.780	4.312	0
226	12	657	402	0.707	0.712	825.022	3.985	0	697	469	0.492	0.744	823.989	4.376	0
246	13	678	399	0.707	0.712	825.022	3.997	0	714	371	0.492	0.744	823.989	4.332	0
266	14	705	381	0.708	0.712	825.022	3.914	0	706	419	0.493	0.744	823.989	4.330	0
286	15	687	390	0.708	0.712	825.022	3.851	0	695	459	0.493	0.744	823.989	4.240	0
306	16	682	432	0.708	0.711	825.022	3.961	0	708	459	0.492	0.744	823.989	4.307	0
326	17	675	429	0.707	0.711	825.144	3.902	0	705	457	0.492	0.744	825.200	4.288	0
346	18	-1280	-1024	-1.000	-1.000	-1.000	-1.000	4	-1280	-1024	-1.000	-1.000	-1.000	-1.000	4
366	19	-1280	-1024	-1.000	-1.000	-1.000	-1.000	4	-1280	-1024	-1.000	-1.000	-1.000	-1.000	4
406	20	-1280	-1024	-1.000	-1.000	-1.000	-1.000	4	-1280	-1024	-1.000	-1.000	-1.000	-1.000	4
426	21	-1280	-1024	0.492	0.743	-1.000	-1.000	4	720	351	0.492	0.743	825.200	4.155	0
445	22	-1280	-1024	0.708	0.712	-1.000	-1.000	4	721	353	0.492	0.744	824.255	4.151	0
465	23	-1280	-1024	0.492	0.744	-1.000	-1.000	4	666	400	0.492	0.744	824.255	4.221	0
485	24	728	390	0.709	0.712	826.151	3.775	0	702	364	0.493	0.745	824.255	4.045	0
505	25	705	403	0.709	0.712	826.151	3.818	0	699	424	0.493	0.745	824.255	3.987	0
525	26	701	414	0.709	0.712	826.151	3.840	0	698	384	0.493	0.745	824.255	4.177	0
545	27	697	429	0.709	0.713	823.068	3.847	0	698	380	0.493	0.745	823.883	4.069	0
565	28	689	387	0.709	0.713	823.068	3.815	0	681	414	0.493	0.745	823.883	4.066	0
585	29	708	386	0.710	0.713	823.068	3.797	0	703	418	0.495	0.745	823.883	4.278	0
605	30	680	389	0.711	0.713	823.068	3.790	0	667	412	0.495	0.745	823.883	4.050	0
625	31	604	476	0.712	0.714	823.068	3.831	0	604	439	0.496	0.746	823.883	4.053	0
645	32	668	485	0.712	0.715	821.424	3.814	0	667	443	0.498	0.746	822.915	4.053	0
665	33	424	635	0.713	0.715	821.424	3.817	0	457	624	0.498	0.747	822.915	4.146	0
685	34	419	679	0.714	0.715	821.424	3.875	0	375	650	0.499	0.747	822.915	4.001	0
705	35	413	616	0.715	0.716	821.424	3.877	0	401	624	0.500	0.747	822.915	4.047	0
725	36	404	633	0.713	0.716	821.424	3.863	0	377	633	0.499	0.747	822.915	4.121	0
745	37	448	640	0.715	0.716	820.498	3.854	0	386	640	0.500	0.747	824.238	4.064	0
764	38	405	660	0.715	0.716	820.498	3.895	0	371	652	0.500	0.747	824.238	4.214	0
784	39	415	667	0.715	0.716	820.498	3.835	0	371	630	0.500	0.747	824.238	4.101	0
804	40	398	636	0.715	0.716	820.498	3.798	0	380	638	0.501	0.747	824.238	4.079	0
824	41	394	635	0.715	0.716	820.498	3.879	0	397	627	0.501	0.747	824.238	4.097	0
844	42	397	635	0.715	0.716	818.539	3.829	0	401	624	0.501	0.747	827.053	4.101	0
864	43	307	606	0.716	0.716	818.539	3.767	0	314	621	0.501	0.747	827.053	4.133	0
884	44	336	663	0.715	0.716	818.539	3.962	0	308	639	0.501	0.747	827.053	4.215	0
904	45	321	645	0.715	0.715	818.539	3.878	0	326	634	0.501	0.746	827.053	4.163	0
924	46	319	646	0.715	0.716	818.539	3.898	0	312	624	0.501	0.746	827.053	4.159	0
944	47	316	647	0.716	0.716	818.838	3.920	0	319	632	0.501	0.746	827.428	4.158	0
964	48	320	647	0.716	0.716	818.838	3.915	0	297	631	0.501	0.747	827.428	4.085	0
984	49	332	637	0.715	0.716	818.838	3.814	0	296	622	0.501	0.747	827.428	4.101	0
1004	50	311	628	0.715	0.716	818.838	3.782	0	293	641	0.501	0.747	827.428	4.110	0
1024	51	355	638	0.715	0.716	818.838	3.807	0	315	638	0.500	0.747	827.428	4.074	0
1044	52	359	629	0.712	0.715	823.381	3.815	0	315	640	0.498	0.746	826.164	4.077	0
1064	53	782	635	0.710	0.715	823.381	3.988	0	767	579	0.496	0.747	826.164	4.196	0
1083	54	796	563	0.710	0.715	823.381	3.899	0	762	583	0.496	0.747	826.164	4.251	0
1103	55	786	637	0.709	0.715	823.381	3.978	0	778	582	0.495	0.747	826.164	4.211	0
1123	56	783	571	0.709	0.715	823.381	3.858	0	775	566	0.495	0.747	826.164	4.137	0
1143	57	783	593	0.709	0.715	826.913	3.888	0	778	566	0.495	0.747	826.400	4.151	0
1163	58	759	622	0.708	0.715	826.913	3.960	0	760	554	0.494	0.747	826.400	4.136	0
1183	59	774	562	0.708	0.715	826.913	3.877	0	794	528	0.493	0.747	826.400	4.256	0
1203	60	803	603	0.709	0.715	826.913	3.822	0	758	589	0.494	0.747	826.400	4.283	0
1223	61	787	552	0.708	0.715	826.913	3.849	0	766	582	0.494	0.747	826.400	4.258	0
1243	62	774	565	0.707	0.715	826.071	3.817	0	773	575	0.493	0.747	826.653	4.268	0
1263	63	784	608	0.707	0.715	826.071	4.169	0	805	535	0.493	0.747	826.653	4.117	0
1283	64	776	614	0.706	0.715	826.071	3.920	0	-1280	-1024	0.706	0.715	-1.000	-1.000	4
1303	65	779	574	0.706	0.715	826.071	3.848	0	-1280	-1024	0.706	0.715	-1.000	-1.000	4
1323	66	785	591	0.706	0.715	826.071	3.777	0	767	561	0.492	0.747	826.653	4.150	0
1343	67	782	581	0.706	0.715	827.849	3.715	0	766	562	0.491	0.747	826.022	4.147	0
1363	68	-1280	-1024	-1.000	-1.000	-1.000	-1.000	4	-1280	-1024	-1.000	-1.000	-1.000	-1.000	4
1382	69	-1280	-1024	0.492	0.747	-1.000	-1.000	4	796	520	0.492	0.747	826.022	4.302	0
1402	70	682	470	0.706	0.715	827.849	3.828	0	714	528	0.492	0.747	826.022	4.236	0
1422	71	701	475	0.706	0.715	827.849	3.740	0	670	505	0.492	0.747	826.022	4.179	0
1442	72	701	475	0.705	0.715	827.377	3.738	0	627	504	0.491	0.747	824.684	4.116	0
1462	73	696	534	0.705	0.715	827.377	3.941	0	671	479	0.491	0.747	824.684	4.003	0
1482	74	698	528	0.706	0.715	827.377	3.819	0	686	482	0.492	0.748	824.684	4.096	0
1502	75	712	531	0.706	0.715	827.377	3.812	0	687	524	0.492	0.748	824.684	4.180	0
1522	76	679	478	0.706	0.715	827.377	3.772	0	682	482	0.491	0.748	824.684	4.114	0
1542	77	741	469	0.706	0.715	828.110	3.757	0	748	499	0.491	0.748	822.828	4.139	0
1562	78	700	532	0.706	0.716	828.110	3.785	0	693	456	0.491	0.748	822.828	4.037	0
1582	79	607	371	0.706	0.715	828.110	3.930	0	595	436	0.492	0.747	822.828	4.059	0
1602	80	438	154	0.708	0.713	828.110	3.772	0	444	193	0.494	0.745	822.828	3.993	0
1622	81	392	113	0.708	0.712	828.110	3.839	0	387	132	0.495	0.745	822.828	4.022	0
1642	82	365	108	0.708	0.712	813.788	3.811	0	343	73	0.494	0.744	821.517	4.010	0
1662	83	432	158	0.708	0.712	813.788	3.727	0	370	109	0.494	0.744	821.517	4.060	0
1682	84	400	149	0.707	0.712	813.788	3.721	0	394	194	0.494	0.744	821.517	4.076	0
1702	85	417	166	0.708	0.712	813.788	3.650	0	424	123	0.494	0.744	821.517	4.082	0
1722	86	410	189	0.708	0.712	813.788	3.789	0	431	109	0.494	0.744	821.517	4.071	0
1741	87	419	192	0.708	0.712	813.379	3.771	0	439	130	0.494	0.744	822.959	4.078	0
1761	88	388	138	0.708	0.712	813.379	3.734	0	379	140	0.494	0.744	822.959	3.946	0
1781	89	377	160	0.708	0.712	813.379	3.674	0	428	140	0.494	0.744	822.959	3.975	0
1801	90	382	152	0.708	0.712	813.379	3.698	0	401	100	0.494	0.744	822.959	3.966	0
1821	91	376	187	0.708	0.712	813.379	3.746	0	369	121	0.494	0.744	822.959	3.979	0
1841	92	378	192	0.709	0.712	814.123	3.726	0	340	110	0.495	0.744	822.075	3.973	0
1861	93	377	33	0.709	0.712	814.123	3.746	0	352	51	0.495	0.744	822.075	3.968	0
1881	94	346	60	0.708	0.712	814.123	3.765	0	371	-21	0.494	0.744	822.075	4.029	0
1901	95	358	60	0.708	0.712	814.123	3.777	0	352	34	0.494	0.744	822.075	4.064	0
1921	96	367	76	0.708	0.712	814.123	3.738	0	378	36	0.494	0.744	822.075	3.891	0
1941	97	375	79	0.709	0.712	815.037	3.754	0	374	52	0.495	0.744	815.813	3.895	0
1961	98	369	48	0.709	0.712	815.037	3.718	0	345	24	0.495	0.744	815.813	4.006	0
1981	99	359	38	0.708	0.711	815.037	3.658	0	380	37	0.494	0.744	815.813	3.973	0
2001	100	350	6	0.708	0.711	815.037	3.711	0	389	79	0.494	0.743	815.813	3.882	0
2021	101	372	76	0.708	0.711	815.037	3.677	0	403	139	0.494	0.743	815.813	3.963	0
2041	102	373	67	0.709	0.711	814.489	3.698	0	415	157	0.495	0.743	819.247	3.945	0
2061	103	334	32	0.709	0.711	814.489	3.741	0	379	67	0.495	0.743	819.247	4.039	0
2080	104	319	48	0.709	0.711	814.489	3.691	0	365	61	0.495	0.743	819.247	4.090	0
2100	105	320	44	0.709	0.711	814.489	3.899	0	359	60	0.495	0.743	819.247	3.885	0
2120	106	327	40	0.709	0.711	814.489	3.762	0	348	41	0.495	0.743	819.247	3.931	0
2140	107	332	55	0.709	0.711	811.771	3.779	0	340	47	0.495	0.743	815.115	3.877	0
2160	108	337	96	0.710	0.711	811.771	3.720	0	340	18	0.495	0.743	815.115	3.985	0
2180	109	345	47	0.709	0.711	811.771	3.755	0	349	37	0.495	0.743	815.115	3.947	0
2200	110	331	69	0.709	0.711	811.771	3.704	0	334	87	0.495	0.743	815.115	3.897	0
2220	111	332	57	0.709	0.711	811.771	3.725	0	344	35	0.495	0.743	815.115	3.804	0
2240	112	334	68	0.710	0.711	811.971	3.731	0	337	51	0.496	0.743	814.995	3.756	0
2260	113	338	51	0.711	0.711	811.971	3.642	0	372	53	0.496	0.743	814.995	3.925	0
2280	114	328	49	0.710	0.711	811.971	3.705	0	358	34	0.496	0.743	814.995	3.865	0
2300	115	340	23	0.710	0.711	811.971	3.643	0	366	84	0.496	0.742	814.995	3.935	0
2320	116	323	114	0.710	0.710	811.971	3.728	0	342	38	0.496	0.742	814.995	4.075	0
2340	117	325	108	0.711	0.710	813.428	3.722	0	339	47	0.497	0.742	818.834	4.094	0
2360	118	315	80	0.711	0.710	813.428	3.791	0	348	65	0.497	0.742	818.834	4.043	0
2379	119	327	89	0.710	0.710	813.428	3.842	0	339	38	0.496	0.742	818.834	3.866	0
2399	120	324	88	0.710	0.710	813.428	3.688	0	335	54	0.496	0.742	818.834	3.938	0
2419	121	319	69	0.711	0.710	813.428	3.673	0	368	106	0.496	0.742	818.834	3.897	0
2439	122	317	84	0.711	0.710	808.983	3.638	0	376	104	0.497	0.742	817.363	3.924	0
2459	123	338	73	0.712	0.710	808.983	3.740	0	342	61	0.497	0.742	817.363	3.929	0
2479	124	193	71	0.712	0.710	808.983	3.789	0	226	78	0.498	0.742	817.363	3.982	0
2499	125	164	102	0.712	0.710	808.983	3.643	0	177	64	0.498	0.742	817.363	3.998	0
2519	126	187	96	0.712	0.710	808.983	3.735	0	204	59	0.498	0.742	817.363	4.048	0
2539	127	173	79	0.713	0.710	812.553	3.738	0	180	68	0.499	0.742	817.029	4.074	0
2559	128	193	100	0.713	0.710	812.553	3.811	0	187	40	0.499	0.742	817.029	3.970	0
2579	129	167	97	0.713	0.710	812.553	3.767	0	164	69	0.499	0.742	817.029	3.776	0
2599	130	188	75	0.714	0.710	812.553	3.783	0	169	16	0.500	0.742	817.029	3.965	0
2619	131	194	85	0.714	0.710	812.553	3.803	0	181	17	0.500	0.742	817.029	3.957	0
2639	132	162	92	0.714	0.710	806.189	3.756	0	141	19	0.500	0.742	815.369	3.899	0
2659	133	170	96	0.714	0.710	806.189	3.787	0	172	22	0.500	0.742	815.369	4.076	0
2679	134	168	76	0.715	0.710	806.189	3.792	0	196	16	0.500	0.742	815.369	3.967	0
2698	135	206	94	0.715	0.710	806.189	3.766	0	198	49	0.501	0.742	815.369	4.024	0
2718	136	198	97	0.715	0.710	806.189	3.740	0	193	78	0.501	0.741	815.369	3.962	0
2738	137	200	89	0.715	0.710	807.242	3.737	0	194	98	0.501	0.741	810.483	3.956	0
2758	138	168	67	0.715	0.710	807.242	3.815	0	199	118	0.501	0.741	810.483	3.978	0
2778	139	188	100	0.715	0.710	807.242	3.812	0	170	88	0.501	0.741	810.483	3.926	0
2798	140	171	77	0.715	0.710	807.242	3.851	0	172	82	0.501	0.741	810.483	4.016	0
2818	141	225	90	0.715	0.710	807.242	3.824	0	170	75	0.501	0.741	810.483	3.984	0
2838	142	232	79	0.715	0.710	807.413	3.833	0	169	63	0.501	0.741	812.214	3.990	0
2858	143	42	31	0.716	0.710	807.413	3.916	0	22	74	0.502	0.741	812.214	4.088	0
2878	144	45	57	0.716	0.710	807.413	3.816	0	65	79	0.502	0.741	812.214	4.115	0
2898	145	49	69	0.716	0.710	807.413	3.839	0	42	50	0.502	0.741	812.214	3.995	0
2918	146	22	70	0.716	0.710	807.413	3.837	0	33	71	0.502	0.741	812.214	3.962	0
2938	147	21	79	0.716	0.710	805.711	3.826	0	43	70	0.502	0.742	810.559	3.920	0
2958	148	56	84	0.717	0.711	805.711	3.835	0	35	69	0.502	0.742	810.559	4.011	0
2978	149	60	57	0.717	0.711	805.711	3.821	0	28	20	0.503	0.742	810.559	4.012	0
2998	150	56	61	0.717	0.711	805.711	3.794	0	49	60	0.503	0.742	810.559	4.010	0
3017	151	50	57	0.717	0.711	805.711	3.896	0	46	71	0.503	0.742	810.559	3.978	0
3037	152	46	55	0.717	0.711	806.893	3.893	0	44	52	0.503	0.742	812.393	3.984	0
3057	153	41	51	0.717	0.711	806.893	3.848	0	25	40	0.503	0.742	812.393	4.132	0
3077	154	45	47	0.717	0.711	806.893	3.864	0	41	49	0.503	0.742	812.393	4.050	0
3097	155	53	69	0.717	0.710	806.893	3.869	0	33	45	0.503	0.741	812.393	4.036	0
3117	156	40	88	0.717	0.710	806.893	3.873	0	38	101	0.503	0.741	812.393	4.091	0
3137	157	41	89	0.716	0.711	809.052	3.887	0	31	93	0.502	0.742	818.554	4.074	0
3157	158	443	299	0.714	0.712	809.052	4.039	0	476	299	0.500	0.743	818.554	4.120	0
3177	159	755	511	0.711	0.713	809.052	3.939	0	754	529	0.497	0.744	818.554	4.212	0
3197	160	933	639	0.710	0.715	809.052	4.043	0	951	629	0.496	0.745	818.554	4.125	0
3217	161	947	638	0.710	0.715	809.052	4.170	0	954	574	0.496	0.745	818.554	4.158	0
3237	162	992	616	0.710	0.714	825.275	4.239	0	970	626	0.496	0.745	817.234	4.178	0
3257	163	935	630	0.710	0.714	825.275	4.072	0	947	628	0.496	0.745	817.234	4.237	0
3277	164	927	610	0.709	0.714	825.275	4.142	0	949	634	0.495	0.745	817.234	4.163	0
3297	165	948	640	0.711	0.714	825.275	4.220	0	968	648	0.496	0.745	817.234	4.159	0
3316	166	956	638	0.711	0.714	825.275	4.135	0	947	621	0.496	0.745	817.234	4.237	0
3336	167	963	638	0.711	0.714	822.771	4.147	0	928	629	0.496	0.745	815.518	4.190	0
3356	168	934	637	0.711	0.714	822.771	4.090	0	940	600	0.496	0.745	815.518	4.205	0
3376	169	913	673	0.711	0.714	822.771	4.153	0	914	637	0.496	0.745	815.518	4.141	0
3396	170	940	634	0.711	0.714	822.771	4.057	0	932	637	0.496	0.745	815.518	4.168	0
3416	171	961	624	0.711	0.715	822.771	4.160	0	941	623	0.496	0.745	815.518	4.191	0
3436	172	961	635	0.711	0.715	819.754	4.116	0	932	641	0.496	0.745	816.665	4.171	0
3456	173	928	671	0.711	0.715	819.754	4.132	0	929	618	0.496	0.745	816.665	4.198	0
3476	174	958	635	0.711	0.715	819.754	4.072	0	944	611	0.496	0.745	816.665	4.125	0
3496	175	963	648	0.711	0.715	819.754	4.044	0	963	628	0.496	0.746	816.665	4.135	0
3516	176	952	649	0.711	0.715	819.754	4.071	0	932	652	0.496	0.746	816.665	4.189	0
3536	177	952	647	0.711	0.715	821.112	4.068	0	943	658	0.496	0.746	815.564	4.148	0
3556	178	929	684	0.711	0.715	821.112	4.075	0	931	651	0.496	0.746	815.564	4.208	0
3576	179	942	660	0.711	0.715	821.112	4.031	0	933	661	0.496	0.746	815.564	4.234	0
3596	180	924	664	0.711	0.715	821.112	4.005	0	928	630	0.496	0.746	815.564	4.213	0
3616	181	949	659	0.711	0.715	821.112	4.017	0	961	647	0.496	0.746	815.564	4.139	0
3636	182	945	659	0.711	0.715	820.920	4.002	0	961	645	0.496	0.746	814.454	4.136	0
3655	183	948	666	0.711	0.715	820.920	4.003	0	951	615	0.496	0.746	814.454	4.193	0
3675	184	966	645	0.711	0.715	820.920	3.986	0	943	643	0.496	0.747	814.454	4.098	0
3695	185	947	624	0.711	0.716	820.920	4.033	0	914	645	0.496	0.747	814.454	4.117	0
3715	186	795	657	0.712	0.716	820.920	3.939	0	804	662	0.498	0.747	814.454	4.109	0
3735	187	789	652	0.713	0.716	821.301	3.938	0	780	663	0.498	0.747	819.431	4.144	0
3755	188	787	690	0.713	0.716	821.301	3.999	0	777	661	0.498	0.747	819.431	4.138	0
3775	189	795	662	0.713	0.716	821.301	4.077	0	788	653	0.498	0.747	819.431	4.243	0
3795	190	802	666	0.714	0.716	821.301	3.980	0	827	658	0.499	0.747	819.431	4.117	0
3815	191	785	654	0.714	0.716	821.301	4.073	0	775	682	0.499	0.747	819.431	4.181	0
3835	192	768	654	0.713	0.716	821.537	4.040	0	827	680	0.498	0.747	820.318	4.210	0
3855	193	784	668	0.713	0.716	821.537	4.040	0	781	627	0.498	0.747	820.318	4.267	0
3875	194	800	656	0.714	0.716	821.537	4.007	0	756	642	0.499	0.746	820.318	4.175	0
3895	195	779	710	0.714	0.716	821.537	4.004	0	767	635	0.499	0.746	820.318	4.125	0
3915	196	782	679	0.714	0.716	821.537	3.888	0	762	651	0.499	0.746	820.318	4.103	0
3935	197	815	687	0.714	0.716	821.711	3.862	0	781	652	0.499	0.746	820.092	4.120	0
3955	198	780	711	0.714	0.716	821.711	3.968	0	774	662	0.499	0.746	820.092	4.091	0
3974	199	791	676	0.714	0.716	821.711	3.970	0	777	663	0.499	0.746	820.092	4.153	0
3994	200	805	680	0.714	0.716	821.711	3.940	0	799	664	0.499	0.746	820.092	4.128	0
4014	201	806	686	0.714	0.716	821.711	4.045	0	805	645	0.499	0.746	820.092	4.153	0
4034	202	803	691	0.714	0.716	820.809	4.041	0	812	643	0.499	0.746	821.085	4.150	0
4054	203	783	646	0.714	0.715	820.809	3.926	0	789	620	0.499	0.746	821.085	4.145	0
4074	204	811	307	0.713	0.713	820.809	3.850	0	814	336	0.499	0.744	821.085	4.171	0
4094	205	779	176	0.713	0.712	820.809	3.827	0	792	155	0.500	0.743	821.085	4.061	0
4114	206	768	112	0.714	0.713	820.809	3.830	0	809	171	0.500	0.743	821.085	4.234	0
4134	207	769	56	0.714	0.713	816.756	3.814	0	797	190	0.500	0.743	820.196	4.222	0
4154	208	792	126	0.714	0.713	816.756	4.081	0	779	169	0.500	0.743	820.196	4.034	0
4174	209	771	111	0.715	0.713	816.756	3.920	0	794	199	0.500	0.743	820.196	4.068	0
4194	210	762	117	0.715	0.713	816.756	3.795	0	783	167	0.500	0.743	820.196	4.067	0
4214	211	758	145	0.715	0.713	816.756	3.833	0	757	135	0.500	0.743	820.196	4.198	0
4234	212	751	138	0.714	0.712	817.829	3.876	0	741	142	0.499	0.743	819.062	4.223	0
4254	213	748	114	0.714	0.712	817.829	3.913	0	768	161	0.499	0.743	819.062	4.262	0
4273	214	748	136	0.715	0.712	817.829	3.857	0	779	117	0.500	0.743	819.062	4.123	0
4293	215	770	135	0.715	0.712	817.829	3.830	0	789	138	0.500	0.743	819.062	4.052	0
4313	216	785	152	0.715	0.712	817.829	3.876	0	797	136	0.500	0.743	819.062	4.070	0
4333	217	798	149	0.714	0.712	821.498	3.891	0	806	141	0.499	0.743	815.586	4.070	0
4353	218	781	178	0.714	0.712	821.498	3.839	0	793	149	0.499	0.743	815.586	4.035	0
4373	219	775	166	0.715	0.712	821.498	3.906	0	788	158	0.500	0.743	815.586	4.065	0
4393	220	777	166	0.715	0.712	821.498	3.864	0	806	167	0.500	0.743	815.586	4.092	0
4413	221	754	126	0.715	0.712	821.498	3.930	0	805	149	0.500	0.743	815.586	4.044	0
4433	222	747	116	0.714	0.712	821.301	3.923	0	804	154	0.499	0.743	816.356	4.070	0
4453	223	777	166	0.714	0.712	821.301	3.781	0	772	139	0.499	0.743	816.356	3.964	0
4473	224	781	145	0.715	0.712	821.301	3.842	0	803	126	0.500	0.742	816.356	4.123	0
4493	225	779	142	0.715	0.712	821.301	3.817	0	786	194	0.500	0.743	816.356	4.088	0
4513	226	783	253	0.715	0.713	821.301	3.743	0	777	324	0.500	0.743	816.356	4.323	0
4533	227	782	248	0.714	0.714	821.863	3.767	0	769	345	0.500	0.745	819.376	4.394	0
4553	228	802	524	0.715	0.715	821.863	3.911	0	788	531	0.500	0.745	819.376	4.131	0
4573	229	800	498	0.716	0.715	821.863	3.968	0	782	516	0.501	0.745	819.376	4.053	0
4592	230	801	543	0.716	0.715	821.863	3.853	0	777	522	0.501	0.745	819.376	4.138	0
4612	231	784	539	0.716	0.715	821.863	3.918	0	809	464	0.501	0.745	819.376	4.160	0
4632	232	777	533	0.715	0.715	823.622	3.926	0	816	451	0.500	0.745	820.265	4.150	0
4652	233	805	513	0.715	0.715	823.622	4.006	0	788	554	0.500	0.745	820.265	4.109	0
4672	234	814	468	0.716	0.715	823.622	3.920	0	790	533	0.501	0.745	820.265	4.203	0
4692	235	783	580	0.715	0.714	823.622	3.930	0	786	531	0.500	0.745	820.265	4.148	0
4712	236	797	522	0.715	0.714	823.622	3.925	0	806	490	0.500	0.745	820.265	4.189	0
4732	237	822	528	0.715	0.714	823.618	3.930	0	837	473	0.500	0.744	821.569	4.172	0
4752	238	-1280	-1024	0.500	0.744	-1.000	-1.000	4	794	490	0.500	0.744	821.569	4.308	0
4772	239	790	553	0.716	0.715	823.618	3.958	0	761	561	0.501	0.745	821.569	4.255	0
4792	240	831	772	0.716	0.717	823.618	4.004	0	823	737	0.501	0.747	821.569	4.225	0
4812	241	777	988	0.716	0.718	823.618	3.991	0	807	993	0.501	0.748	821.569	4.198	0
4832	242	790	1211	0.715	0.718	816.022	3.942	0	791	1123	0.500	0.748	816.711	4.148	0
4852	243	809	961	0.715	0.718	816.022	4.028	0	780	975	0.500	0.748	816.711	4.118	0
4872	244	817	992	0.716	0.718	816.022	4.069	0	773	959	0.501	0.748	816.711	4.206	0
4892	245	789	995	0.715	0.718	816.022	4.036	0	767	956	0.500	0.748	816.711	4.172	0
4911	246	782	989	0.715	0.718	816.022	4.036	0	755	953	0.499	0.748	816.711	4.255	0
4931	247	776	988	0.715	0.718	817.635	4.043	0	781	950	0.499	0.748	819.257	4.273	0
4951	248	790	1006	0.715	0.718	817.635	4.046	0	758	945	0.499	0.748	819.257	4.319	0
4971	249	791	988	0.715	0.718	817.635	4.051	0	744	972	0.499	0.748	819.257	4.310	0
4991	250	784	993	0.715	0.718	817.635	4.063	0	745	958	0.499	0.748	819.257	4.242	0
5011	251	797	977	0.715	0.718	817.635	4.101	0	765	970	0.499	0.748	819.257	4.309	0
5031	252	795	974	0.715	0.718	815.905	4.103	0	760	966	0.499	0.748	818.553	4.283	0
5051	253	794	1005	0.715	0.718	815.905	4.116	0	746	950	0.499	0.748	818.553	4.336	0
5071	254	765	968	0.715	0.718	815.905	4.151	0	733	968	0.500	0.748	818.553	4.346	0
5091	255	573	787	0.716	0.716	815.905	4.300	0	562	764	0.501	0.747	818.553	4.351	0
5111	256	408	679	0.717	0.715	815.905	4.052	0	392	647	0.503	0.746	818.553	4.367	0
5131	257	318	590	0.718	0.715	816.661	4.105	0	307	571	0.503	0.746	824.542	4.407	0
5151	258	410	698	0.718	0.715	816.661	4.260	0	369	633	0.503	0.746	824.542	4.421	0
5171	259	407	673	0.718	0.715	816.661	4.084	0	367	645	0.502	0.746	824.542	4.399	0
5191	260	401	681	0.718	0.715	816.661	4.112	0	354	633	0.502	0.746	824.542	4.377	0
5211	261	389	641	0.718	0.715	816.661	4.065	0	348	639	0.502	0.746	824.542	4.390	0
5230	262	384	636	0.718	0.715	814.220	4.057	0	344	649	0.502	0.746	819.281	4.353	0
5250	263	403	674	0.718	0.715	814.220	4.087	0	383	641	0.502	0.746	819.281	4.444	0
5270	264	419	687	0.718	0.715	814.220	4.113	0	383	630	0.502	0.746	819.281	4.414	0
5290	265	415	690	0.717	0.715	814.220	4.092	0	377	659	0.502	0.746	819.281	4.400	0
5310	266	401	671	0.717	0.715	814.220	4.041	0	373	642	0.502	0.746	819.281	4.349	0
5330	267	411	680	0.717	0.715	812.601	4.036	0	370	641	0.502	0.746	821.020	4.332	0
5350	268	375	673	0.717	0.715	812.601	4.035	0	358	671	0.502	0.746	821.020	4.411	0
5370	269	388	677	0.717	0.715	812.601	4.052	0	377	639	0.502	0.746	821.020	4.428	0
5390	270	-1280	-1024	0.501	0.746	-1.000	-1.000	4	402	820	0.501	0.746	821.020	4.519	0
5410	271	-1280	-1024	-1.000	-1.000	-1.000	-1.000	4	-1280	-1024	-1.000	-1.000	-1.000	-1.000	4
5430	272	-1280	-1024	-1.000	-1.000	-1.000	-1.000	4	-1280	-1024	-1.000	-1.000	-1.000	-1.000	4
5450	273	-1280	-1024	-1.000	-1.000	-1.000	-1.000	4	-1280	-1024	-1.000	-1.000	-1.000	-1.000	4
5470	274	-1280	-1024	-1.000	-1.000	-1.000	-1.000	4	-1280	-1024	-1.000	-1.000	-1.000	-1.000	4
5490	275	-1280	-1024	-1.000	-1.000	-1.000	-1.000	4	-1280	-1024	-1.000	-1.000	-1.000	-1.000	4
5510	276	-1280	-1024	-1.000	-1.000	-1.000	-1.000	4	-1280	-1024	-1.000	-1.000	-1.000	-1.000	4
5530	277	-1280	-1024	-1.000	-1.000	-1.000	-1.000	4	-1280	-1024	-1.000	-1.000	-1.000	-1.000	4
5549	278	-1280	-1024	-1.000	-1.000	-1.000	-1.000	4	-1280	-1024	-1.000	-1.000	-1.000	-1.000	4
5569	279	-1280	-1024	-1.000	-1.000	-1.000	-1.000	4	-1280	-1024	-1.000	-1.000	-1.000	-1.000	4
5589	280	572	577	0.715	0.715	812.601	4.280	0	569	660	0.499	0.746	821.020	4.360	0
5609	281	572	562	0.715	0.715	823.492	4.336	0	569	654	0.499	0.746	825.972	4.386	0
5629	282	602	665	0.715	0.715	823.492	4.145	0	566	633	0.499	0.747	825.972	4.462	0
5649	283	601	676	0.715	0.716	823.492	4.072	0	572	655	0.499	0.747	825.972	4.350	0
5669	284	590	670	0.715	0.716	823.492	4.151	0	554	665	0.499	0.747	825.972	4.369	0
5689	285	607	692	0.715	0.716	823.492	4.274	0	560	666	0.499	0.747	825.972	4.338	0
5709	286	601	698	0.715	0.715	820.663	4.254	0	557	670	0.498	0.747	822.548	4.322	0
5729	287	680	591	0.714	0.715	820.663	4.215	0	672	579	0.498	0.746	822.548	4.387	0
5749	288	733	428	0.713	0.714	820.663	4.192	0	747	431	0.497	0.745	822.548	4.407	0
5769	289	736	409	0.713	0.714	820.663	4.157	0	724	452	0.497	0.745	822.548	4.326	0
5789	290	724	432	0.713	0.714	820.663	4.131	0	729	400	0.497	0.745	822.548	4.328	0
5809	291	725	423	0.713	0.714	823.193	4.117	0	723	402	0.497	0.745	819.607	4.315	0
5829	292	720	409	0.713	0.714	823.193	4.215	0	-1280	-1024	0.713	0.714	-1.000	-1.000	4
5849	293	734	435	0.713	0.714	823.193	4.224	0	751	407	0.497	0.745	819.607	4.334	0
5868	294	752	429	0.713	0.714	823.193	4.286	0	727	404	0.497	0.745	819.607	4.377	0
5888	295	750	448	0.713	0.714	823.193	4.196	0	732	388	0.496	0.745	819.607	4.357	0
5908	296	748	456	0.712	0.714	819.602	4.196	0	720	380	0.496	0.745	820.338	4.382	0
5928	297	746	420	0.712	0.714	819.602	4.164	0	768	386	0.496	0.745	820.338	4.407	0
5948	298	762	366	0.712	0.714	819.602	4.168	0	758	386	0.496	0.745	820.338	4.392	0
5968	299	748	407	0.712	0.714	819.602	4.162	0	754	398	0.496	0.745	820.338	4.434	0
5988	300	740	446	0.712	0.714	819.602	4.163	0	753	405	0.496	0.745	820.338	4.397	0
6008	301	745	426	0.712	0.714	822.852	4.180	0	745	407	0.496	0.745	821.655	4.420	0
6028	302	749	416	0.712	0.714	822.852	4.226	0	749	418	0.496	0.745	821.655	4.363	0
6048	303	762	426	0.712	0.714	822.852	4.209	0	732	421	0.496	0.745	821.655	4.442	0
6068	304	738	337	0.712	0.713	822.852	4.178	0	736	319	0.496	0.745	821.655	4.405	0
6088	305	711	146	0.712	0.712	822.852	4.170	0	676	131	0.497	0.744	821.655	4.460	0
6108	306	709	120	0.712	0.712	817.105	4.133	0	666	100	0.497	0.744	814.616	4.417	0
6128	307	-1280	-1024	-1.000	-1.000	-1.000	-1.000	4	-1280	-1024	-1.000	-1.000	-1.000	-1.000	4
6148	308	-1280	-1024	0.498	0.744	-1.000	-1.000	4	692	144	0.498	0.744	814.616	4.495	0
6168	309	668	160	0.713	0.712	817.105	4.138	0	689	163	0.498	0.744	814.616	4.428	0
6188	310	670	137	0.713	0.712	817.105	4.273	0	685	111	0.498	0.744	814.616	4.511	0
6207	311	671	138	0.712	0.712	816.544	4.270	0	681	100	0.497	0.743	817.404	4.509	0
6227	312	679	153	0.712	0.712	816.544	4.055	0	660	191	0.497	0.743	817.404	4.355	0
6247	313	673	138	0.713	0.712	816.544	4.129	0	657	191	0.498	0.743	817.404	4.240	0
6267	314	669	146	0.713	0.711	816.544	4.268	0	673	156	0.498	0.743	817.404	4.413	0
6287	315	649	162	0.714	0.711	816.544	4.246	0	668	117	0.498	0.743	817.404	4.401	0
6307	316	641	160	0.712	0.711	815.372	4.218	0	664	100	0.497	0.742	818.057	4.392	0
6327	317	715	24	0.712	0.711	815.372	4.233	0	714	-7	0.497	0.742	818.057	4.384	0
6347	318	720	-9	0.713	0.711	815.372	4.017	0	729	14	0.498	0.742	818.057	4.352	0
6367	319	722	9	0.713	0.711	815.372	4.213	0	717	41	0.498	0.742	818.057	4.409	0
6387	320	701	41	0.713	0.711	815.372	4.138	0	740	38	0.498	0.742	818.057	4.235	0
6407	321	694	27	0.713	0.711	816.596	4.077	0	740	45	0.497	0.742	814.132	4.201	0
6427	322	724	51	0.713	0.710	816.596	4.090	0	719	36	0.497	0.742	814.132	4.383	0
6447	323	726	44	0.713	0.710	816.596	3.999	0	704	59	0.498	0.742	814.132	4.363	0
6467	324	703	47	0.713	0.710	816.596	4.154	0	714	34	0.498	0.742	814.132	4.299	0
6487	325	716	46	0.713	0.710	816.596	4.031	0	693	10	0.498	0.742	814.132	4.211	0
6507	326	704	43	0.713	0.710	818.145	4.101	0	692	12	0.498	0.742	814.246	4.172	0
6527	327	694	40	0.713	0.710	818.145	4.028	0	710	9	0.498	0.742	814.246	4.202	0
6546	328	686	-9	0.714	0.710	818.145	4.035	0	664	6	0.499	0.742	814.246	4.294	0
6566	329	660	29	0.714	0.710	818.145	3.962	0	684	14	0.499	0.742	814.246	4.235	0
6586	330	629	44	0.714	0.710	818.145	4.025	0	671	33	0.499	0.742	814.246	4.130	0
6606	331	678	27	0.713	0.710	818.180	4.010	0	681	38	0.498	0.742	813.216	4.150	0
6626	332	666	8	0.713	0.710	818.180	4.020	0	626	-16	0.498	0.742	813.216	4.040	0
6646	333	640	27	0.714	0.710	818.180	3.853	0	665	51	0.499	0.741	813.216	4.269	0
6666	334	678	-27	0.715	0.710	818.180	4.037	0	664	19	0.499	0.741	813.216	4.288	0
6686	335	677	8	0.715	0.710	818.180	3.936	0	657	4	0.499	0.741	813.216	4.310	0
6706	336	676	11	0.714	0.710	815.345	3.879	0	655	36	0.499	0.741	811.571	4.322	0
6726	337	673	22	0.714	0.710	815.345	4.036	0	660	-4	0.499	0.742	811.571	4.224	0
6746	338	665	4	0.715	0.710	815.345	4.056	0	681	10	0.500	0.742	811.571	4.268	0
6766	339	674	21	0.715	0.710	815.345	4.002	0	631	24	0.500	0.742	811.571	4.232	0
6786	340	626	24	0.716	0.711	815.345	4.092	0	657	6	0.500	0.742	811.571	4.267	0
6806	341	616	20	0.715	0.711	815.190	4.085	0	631	2	0.500	0.742	813.948	4.267	0
6826	342	671	11	0.715	0.711	815.190	4.025	0	644	-14	0.500	0.742	813.948	4.216	0
6846	343	638	-3	0.716	0.711	815.190	4.013	0	654	-42	0.501	0.742	813.948	4.206	0
6865	344	660	13	0.716	0.711	815.190	4.051	0	704	-31	0.501	0.742	813.948	4.138	0
6885	345	649	28	0.716	0.711	815.190	3.991	0	667	-36	0.501	0.742	813.948	4.208	0
6905	346	660	25	0.716	0.711	815.383	3.997	0	689	-25	0.501	0.741	812.226	4.177	0
6925	347	671	-11	0.716	0.711	815.383	3.952	0	675	34	0.501	0.741	812.226	4.132	0
6945	348	651	21	0.717	0.711	815.383	3.948	0	685	9	0.502	0.741	812.226	4.250	0
6965	349	644	21	0.717	0.711	815.383	4.025	0	691	23	0.502	0.741	812.226	4.141	0
6985	350	639	19	0.717	0.711	815.383	4.047	0	676	72	0.502	0.741	812.226	4.216	0
7005	351	633	16	0.716	0.711	816.249	4.074	0	674	61	0.501	0.741	814.527	4.179	0
7025	352	658	21	0.716	0.711	816.249	3.990	0	692	37	0.501	0.741	814.527	4.288	0
7045	353	649	6	0.717	0.711	816.249	4.029	0	704	-19	0.502	0.741	814.527	4.169	0
7065	354	663	25	0.717	0.710	816.249	3.949	0	681	13	0.502	0.741	814.527	4.231	0
7085	355	661	23	0.717	0.710	816.249	3.906	0	691	15	0.502	0.741	814.527	4.158	0
7105	356	658	19	0.716	0.710	816.897	3.902	0	681	22	0.501	0.741	812.628	4.166	0
7125	357	661	27	0.716	0.710	816.897	4.037	0	659	14	0.501	0.741	812.628	4.181	0
7145	358	658	12	0.717	0.710	816.897	3.844	0	643	30	0.502	0.741	812.628	4.183	0
7164	359	679	19	0.717	0.710	816.897	3.897	0	649	35	0.501	0.741	812.628	4.076	0
7184	360	665	19	0.717	0.710	816.897	3.912	0	637	-11	0.502	0.741	812.628	4.193	0
7204	361	674	14	0.716	0.710	818.618	3.934	0	637	-8	0.501	0.741	813.963	4.175	0
7224	362	675	89	0.716	0.711	818.618	3.978	0	651	78	0.501	0.741	813.963	4.255	0
7244	363	661	185	0.717	0.711	818.618	3.932	0	643	156	0.502	0.742	813.963	4.094	0
7264	364	686	166	0.717	0.711	818.618	3.998	0	661	165	0.501	0.742	813.963	4.162	0
7284	365	702	150	0.717	0.711	818.618	3.931	0	658	139	0.501	0.742	813.963	4.168	0
7304	366	719	137	0.716	0.711	817.182	3.946	0	652	128	0.501	0.742	817.351	4.191	0
7324	367	688	186	0.716	0.711	817.182	3.880	0	655	162	0.501	0.742	817.351	4.273	0
7344	368	660	198	0.717	0.712	817.182	3.905	0	671	135	0.502	0.742	817.351	4.261	0
7364	369	690	146	0.717	0.712	817.182	3.912	0	667	162	0.502	0.742	817.351	4.303	0
7384	370	699	136	0.717	0.712	817.182	3.948	0	647	156	0.502	0.742	817.351	4.139	0
7404	371	710	128	0.717	0.712	816.382	3.961	0	637	145	0.501	0.742	819.010	4.141	0
7424	372	688	135	0.717	0.712	816.382	4.021	0	681	125	0.501	0.742	819.010	4.091	0
7444	373	688	132	0.717	0.712	816.382	4.042	0	702	179	0.502	0.742	819.010	4.388	0
7464	374	669	165	0.717	0.712	816.382	4.017	0	685	160	0.502	0.742	819.010	4.194	0
7483	375	685	163	0.717	0.711	816.382	3.864	0	668	159	0.502	0.742	819.010	4.345	0
7503	376	675	158	0.716	0.711	817.888	3.862	0	653	167	0.501	0.742	815.237	4.247	0
7523	377	658	143	0.716	0.711	817.888	4.124	0	670	131	0.501	0.742	815.237	4.315	0
7543	378	718	230	0.717	0.712	817.888	4.066	0	710	260	0.502	0.742	815.237	4.371	0
7563	379	813	441	0.716	0.713	817.888	4.113	0	756	426	0.501	0.743	815.237	4.262	0
7583	380	841	497	0.716	0.714	817.888	4.023	0	800	534	0.501	0.744	815.237	4.257	0
7603	381	869	543	0.716	0.714	825.487	4.061	0	846	636	0.501	0.744	820.324	4.279	0
7623	382	814	506	0.716	0.714	825.487	4.084	0	799	514	0.501	0.744	820.324	4.235	0
7643	383	835	498	0.717	0.714	825.487	4.084	0	781	521	0.501	0.744	820.324	4.305	0
7663	384	818	485	0.717	0.714	825.487	4.035	0	782	493	0.501	0.744	820.324	4.194	0
7683	385	842	487	0.717	0.714	825.487	4.031	0	804	517	0.501	0.744	820.324	4.297	0
7703	386	840	494	0.716	0.714	822.668	4.013	0	812	512	0.501	0.744	821.594	4.263	0
7723	387	801	522	0.716	0.714	822.668	4.023	0	780	528	0.501	0.744	821.594	4.361	0
7743	388	828	484	0.716	0.714	822.668	4.039	0	779	475	0.501	0.744	821.594	4.221	0
7763	389	820	462	0.716	0.714	822.668	3.994	0	795	502	0.501	0.744	821.594	4.197	0
7783	390	942	617	0.715	0.715	822.668	3.981	0	952	582	0.500	0.744	821.594	4.245	0
7802	391	967	602	0.715	0.715	820.538	3.957	0	963	576	0.500	0.745	814.133	4.207	0
7822	392	1008	613	0.715	0.715	820.538	4.087	0	979	631	0.500	0.745	814.133	4.235	0
7842	393	1019	629	0.716	0.715	820.538	4.196	0	979	638	0.501	0.745	814.133	4.166	0
7862	394	988	639	0.716	0.715	820.538	4.048	0	996	640	0.500	0.745	814.133	4.217	0
7882	395	1003	634	0.716	0.715	820.538	4.034	0	941	644	0.500	0.745	814.133	4.088	0
7902	396	987	640	0.715	0.715	819.460	4.014	0	934	646	0.499	0.745	814.349	4.080	0
7922	397	1017	642	0.715	0.715	819.460	3.946	0	974	634	0.499	0.745	814.349	4.077	0
7942	398	999	656	0.715	0.715	819.460	3.918	0	955	630	0.499	0.745	814.349	4.099	0
7962	399	1019	641	0.715	0.715	819.460	3.954	0	992	616	0.499	0.745	814.349	4.110	0
7982	400	984	658	0.715	0.715	819.460	4.002	0	967	627	0.499	0.745	814.349	4.141	0
8002	401	986	654	0.715	0.715	818.756	3.998	0	969	622	0.499	0.745	813.318	4.153	0
8022	402	857	670	0.716	0.715	818.756	3.957	0	846	628	0.500	0.745	813.318	4.128	0
8042	403	811	677	0.716	0.715	818.756	3.941	0	-1280	-1024	0.716	0.715	-1.000	-1.000	4
8062	404	812	662	0.716	0.715	818.756	3.905	0	778	638	0.501	0.745	813.318	4.169	0
8082	405	818	678	0.716	0.715	818.756	3.929	0	799	633	0.501	0.745	813.318	4.168	0
8101	406	817	673	0.716	0.715	820.829	3.923	0	800	628	0.501	0.745	817.473	4.189	0
8121	407	-1280	-1024	-1.000	-1.000	-1.000	-1.000	4	-1280	-1024	-1.000	-1.000	-1.000	-1.000	4
8141	408	-1280	-1024	-1.000	-1.000	-1.000	-1.000	4	-1280	-1024	-1.000	-1.000	-1.000	-1.000	4
8161	409	-1280	-1024	0.501	0.745	-1.000	-1.000	4	810	605	0.501	0.745	817.473	4.327	0
8181	410	809	651	0.717	0.715	820.829	3.949	0	817	642	0.501	0.746	817.473	4.142	0
8201	411	809	650	0.716	0.715	821.770	3.954	0	817	644	0.500	0.746	815.955	4.135	0
8221	412	982	632	0.715	0.716	821.770	4.062	0	946	644	0.500	0.746	815.955	4.163	0
8241	413	959	655	0.716	0.716	821.770	4.022	0	958	636	0.500	0.746	815.955	4.140	0
8261	414	994	663	0.716	0.716	821.770	4.025	0	946	603	0.500	0.746	815.955	4.097	0
8281	415	982	669	0.716	0.717	821.770	4.007	0	962	595	0.500	0.747	815.955	4.173	0
8301	416	1002	677	0.715	0.717	818.669	3.988	0	958	595	0.500	0.747	810.039	4.121	0
8321	417	991	632	0.715	0.717	818.669	3.949	0	974	622	0.500	0.746	810.039	4.060	0
8341	418	979	657	0.715	0.716	818.669	3.983	0	975	611	0.500	0.746	810.039	4.102	0
8361	419	973	688	0.715	0.716	818.669	4.019	0	985	634	0.500	0.746	810.039	4.088	0
8381	420	982	667	0.715	0.716	818.669	3.996	0	980	655	0.500	0.746	810.039	4.136	0
8401	421	979	678	0.715	0.716	820.611	4.022	0	985	655	0.500	0.746	813.290	4.160	0
8421	422	974	653	0.715	0.716	820.611	4.019	0	961	638	0.500	0.746	813.290	4.089	0
8440	423	980	669	0.716	0.716	820.611	3.979	0	960	691	0.501	0.746	813.290	4.202	0
8460	424	958	667	0.716	0.716	820.611	3.992	0	965	645	0.501	0.746	813.290	4.243	0
8480	425	1067	670	0.716	0.716	820.611	3.930	0	1066	637	0.500	0.746	813.290	4.148	0
8500	426	1089	669	0.714	0.716	820.346	3.916	0	1106	650	0.499	0.746	814.526	4.225	0
8520	427	1119	638	0.714	0.716	820.346	3.962	0	1087	617	0.499	0.746	814.526	4.123	0
8540	428	1134	649	0.714	0.716	820.346	3.949	0	1085	658	0.499	0.746	814.526	4.083	0
8560	429	1116	655	0.714	0.716	820.346	3.958	0	1090	645	0.499	0.746	814.526	4.120	0
8580	430	1117	649	0.714	0.716	820.346	3.932	0	1106	636	0.498	0.746	814.526	4.131	0
8600	431	1119	649	0.714	0.716	820.686	3.931	0	1104	656	0.498	0.746	814.137	4.119	0
8620	432	1122	638	0.714	0.716	820.686	3.963	0	1114	635	0.498	0.746	814.137	4.047	0
8640	433	1121	627	0.714	0.716	820.686	4.013	0	1089	659	0.498	0.746	814.137	4.116	0
8660	434	1128	638	0.714	0.716	820.686	3.999	0	1121	624	0.498	0.746	814.137	4.136	0
8680	435	1137	652	0.714	0.716	820.686	3.935	0	1102	630	0.499	0.746	814.137	4.093	0
8700	436	1137	650	0.714	0.716	819.921	3.950	0	1099	632	0.498	0.746	815.184	4.098	0
8720	437	1115	648	0.714	0.716	819.921	3.963	0	1121	608	0.498	0.746	815.184	4.148	0
8740	438	1134	636	0.714	0.716	819.921	4.039	0	1139	588	0.498	0.746	815.184	4.180	0
8759	439	1152	624	0.714	0.716	819.921	4.004	0	1103	612	0.498	0.746	815.184	4.104	0
8779	440	1133	640	0.714	0.716	819.921	4.009	0	1099	627	0.498	0.746	815.184	4.226	0
8799	441	1139	634	0.714	0.716	821.621	4.022	0	1096	627	0.498	0.746	812.966	4.204	0
8819	442	1150	622	0.714	0.716	821.621	3.984	0	1123	648	0.498	0.746	812.966	4.109	0
8839	443	1141	622	0.714	0.716	821.621	3.968	0	1123	628	0.498	0.746	812.966	4.133	0
8859	444	1111	633	0.713	0.716	821.621	3.990	0	1112	648	0.498	0.746	812.966	4.168	0
8879	445	1131	650	0.713	0.716	821.621	3.949	0	1117	634	0.498	0.746	812.966	4.089	0
8899	446	1116	658	0.713	0.716	819.706	3.941	0	1115	642	0.498	0.746	812.372	4.105	0
8919	447	1147	618	0.713	0.716	819.706	3.955	0	1125	618	0.498	0.747	812.372	4.029	0
8939	448	1140	618	0.713	0.717	819.706	3.941	0	1150	610	0.498	0.747	812.372	4.141	0
8959	449	1120	642	0.714	0.717	819.706	3.926	0	1119	652	0.498	0.747	812.372	4.138	0
8979	450	1130	632	0.714	0.717	819.706	4.016	0	1135	632	0.498	0.747	812.372	4.110	0
8999	451	1123	637	0.714	0.717	822.298	4.023	0	1144	638	0.498	0.747	813.211	4.104	0
9019	452	1159	611	0.713	0.717	822.298	3.989	0	1127	624	0.498	0.747	813.211	4.084	0
9039	453	1141	640	0.713	0.717	822.298	3.927	0	1134	645	0.498	0.747	813.211	4.065	0
9058	454	1144	647	0.713	0.717	822.298	3.939	0	1149	633	0.498	0.747	813.211	4.122	0
9078	455	1154	602	0.713	0.717	822.298	4.025	0	1135	635	0.498	0.747	813.211	4.064	0
9098	456	1142	621	0.713	0.717	819.412	3.986	0	1147	634	0.498	0.747	816.592	4.100	0
9118	457	1138	635	0.713	0.717	819.412	3.932	0	1151	628	0.498	0.747	816.592	4.093	0
9138	458	1124	654	0.713	0.717	819.412	3.936	0	1143	626	0.497	0.747	816.592	4.091	0
9158	459	1117	638	0.713	0.717	819.412	3.972	0	1110	626	0.497	0.747	816.592	4.149	0
9178	460	1131	642	0.713	0.717	819.412	3.919	0	1108	622	0.497	0.747	816.592	3.969	0
9198	461	1125	644	0.713	0.717	822.681	3.945	0	1113	623	0.497	0.747	813.755	3.959	0
9218	462	1144	630	0.713	0.717	822.681	4.020	0	1141	626	0.497	0.747	813.755	4.006	0
9238	463	1171	606	0.712	0.717	822.681	3.949	0	1149	632	0.497	0.747	813.755	4.066	0
9258	464	1133	634	0.712	0.717	822.681	3.907	0	1126	620	0.497	0.747	813.755	3.981	0
9278	465	1137	624	0.712	0.716	822.681	3.891	0	1139	644	0.496	0.747	813.755	4.105	0
9298	466	1138	622	0.712	0.716	820.089	3.862	0	1134	643	0.496	0.747	813.544	4.089	0
9318	467	1160	625	0.712	0.717	820.089	3.914	0	1119	628	0.496	0.747	813.544	4.057	0
9338	468	1149	610	0.712	0.717	820.089	3.961	0	1124	648	0.496	0.747	813.544	4.012	0
9358	469	1151	610	0.712	0.717	820.089	3.959	0	1142	612	0.496	0.747	813.544	4.040	0
9377	470	1138	653	0.712	0.717	820.089	3.874	0	1133	635	0.496	0.747	813.544	3.982	0
9397	471	1134	646	0.712	0.717	820.985	3.897	0	1143	633	0.496	0.748	815.978	3.994	0
9417	472	1146	642	0.711	0.717	820.985	3.893	0	1125	634	0.496	0.748	815.978	4.074	0
9437	473	1138	624	0.711	0.717	820.985	3.934	0	1141	618	0.496	0.748	815.978	4.015	0
9457	474	1162	608	0.711	0.718	820.985	3.940	0	1146	606	0.495	0.748	815.978	3.999	0
9477	475	1145	618	0.711	0.718	820.985	3.863	0	1137	612	0.495	0.749	815.978	4.058	0
9497	476	1145	612	0.711	0.717	820.435	3.880	0	1137	606	0.495	0.748	815.550	4.021	0
9517	477	1141	628	0.710	0.717	820.435	3.917	0	1143	615	0.495	0.748	815.550	4.012	0
9537	478	1171	628	0.710	0.717	820.435	3.976	0	1146	632	0.495	0.748	815.550	4.030	0
9557	479	1151	645	0.710	0.717	820.435	3.900	0	1135	623	0.494	0.748	815.550	4.059	0
9577	480	1178	630	0.710	0.717	820.435	3.897	0	1124	620	0.494	0.749	815.550	4.057	0
9597	481	1176	635	0.710	0.717	821.143	3.897	0	1121	625	0.494	0.749	816.685	4.061	0
9617	482	1018	644	0.711	0.717	821.143	3.979	0	1032	628	0.495	0.749	816.685	4.058	0
9637	483	964	630	0.712	0.718	821.143	3.947	0	944	634	0.496	0.749	816.685	4.068	0
9657	484	970	629	0.712	0.718	821.143	3.976	0	935	660	0.496	0.749	816.685	4.095	0
9677	485	954	669	0.712	0.718	821.143	3.946	0	963	637	0.496	0.749	816.685	4.066	0
9696	486	951	663	0.712	0.718	820.342	3.951	0	964	649	0.496	0.749	814.242	4.062	0
9716	487	952	666	0.712	0.718	820.342	3.901	0	941	638	0.496	0.749	814.242	4.114	0
9736	488	950	693	0.711	0.718	820.342	3.942	0	927	640	0.496	0.749	814.242	4.095	0
9756	489	954	646	0.711	0.718	820.342	3.925	0	937	640	0.496	0.749	814.242	4.090	0
9776	490	957	658	0.711	0.718	820.342	3.982	0	942	630	0.496	0.749	814.242	4.077	0
9796	491	954	657	0.711	0.717	821.735	3.995	0	943	626	0.496	0.749	817.433	4.085	0
9816	492	964	674	0.711	0.717	821.735	3.916	0	953	617	0.496	0.748	817.433	4.089	0
9836	493	956	652	0.711	0.717	821.735	4.006	0	967	608	0.496	0.748	817.433	4.067	0
9856	494	960	679	0.711	0.717	821.735	3.960	0	954	597	0.496	0.748	817.433	4.068	0
9876	495	970	690	0.711	0.717	821.735	4.022	0	942	621	0.496	0.748	817.433	4.089	0
9896	496	967	687	0.711	0.717	821.465	4.011	0	944	619	0.495	0.748	812.831	4.056	0
9916	497	944	685	0.711	0.717	821.465	4.038	0	938	615	0.495	0.748	812.831	4.053	0
9936	498	953	680	0.711	0.717	821.465	4.048	0	934	635	0.495	0.748	812.831	4.048	0
9956	499	959	677	0.711	0.717	821.465	4.031	0	-1280	-1024	0.711	0.717	-1.000	-1.000	4
9976	500	1028	640	0.710	0.717	821.465	4.050	0	997	641	0.495	0.748	812.831	4.139	0
9996	501	1035	634	0.709	0.717	820.663	4.041	0	998	639	0.494	0.748	814.828	4.149	0
10015	502	1158	632	0.709	0.717	820.663	4.021	0	1120	585	0.494	0.748	814.828	4.236	0
10035	503	1153	636	0.709	0.717	820.663	4.008	0	1114	624	0.494	0.748	814.828	4.209	0
10055	504	1158	620	0.709	0.717	820.663	4.024	0	1126	613	0.494	0.748	814.828	4.135	0
10075	505	1142	630	0.709	0.717	820.663	4.003	0	1120	612	0.494	0.748	814.828	4.197	0
10095	506	1141	628	0.709	0.717	821.034	4.008	0	1123	611	0.494	0.749	816.687	4.177	0
10115	507	1132	645	0.709	0.717	821.034	4.002	0	1129	604	0.494	0.749	816.687	4.155	0
10135	508	1145	647	0.709	0.717	821.034	4.019	0	1110	612	0.494	0.748	816.687	4.253	0
