1	62	199	710	409
2	341	279	474	470
3	860	160	176	545
4	1318	259	153	329
5	2016	100	312	221
6	2136	100	253	200
7	2255	219	301	235
8	2514	299	146	270
9	2893	120	133	243
10	4289	299	132	537
11	4687	120	209	535
12	4887	140	689	533
13	5046	279	740	555
14	5585	100	441	695
15	5744	159	444	683
16	5924	299	458	533
17	6482	140	300	196
18	6960	120	102	420
19	7200	120	58	444
20	7399	160	193	515
21	7618	219	191	466
22	7957	120	315	541
23	8117	359	205	266
24	8615	100	192	338
25	8815	179	1130	278
26	9173	100	1157	388
27	9293	239	1166	358
28	9652	140	685	278
29	10190	140	34	263
30	10390	100	130	245
31	10589	120	725	222
32	11048	339	1258	199
33	13121	120	510	184
34	13380	120	277	184
35	13619	359	267	208
36	14018	339	215	212
37	14497	179	181	268
38	15195	100	258	240
39	15414	678	214	205
40	16630	160	125	302
41	17348	140	1183	391
42	17567	160	639	334
43	17806	100	620	289
44	17926	219	632	340
45	18743	100	619	273
46	18963	100	609	267
47	19182	100	622	277
48	19381	120	620	276
49	19601	140	620	291
50	20000	259	65	291
51	21116	120	204	339
52	21315	120	199	348
53	21535	100	202	345
54	21774	239	197	349
55	22232	239	640	452
56	22930	459	639	404
57	23528	140	628	385
58	23827	100	620	339
59	24027	379	175	267
60	24446	120	0	293
61	24625	179	588	295
62	24924	100	631	266
63	25123	120	636	284
64	25323	100	637	275
65	25901	818	567	288
66	26798	160	552	289
67	27077	219	545	300
68	27416	140	550	306
69	27675	100	553	306
70	27855	100	552	304
71	28034	140	549	293
72	28273	120	547	305
73	28413	100	487	257
74	28971	120	554	296
75	29171	119	555	300
76	29370	120	556	291
77	29569	120	551	298
78	29769	120	558	293
79	29968	120	557	289
80	30168	120	558	291
81	30467	199	194	491
82	30865	179	478	985
83	31065	239	480	886
84	31324	219	520	1002
85	31583	180	513	464
86	31862	120	123	505
87	32082	159	135	550
88	32620	180	610	395
89	32839	120	623	309
90	33118	120	632	263
91	33338	120	620	243
92	33557	200	639	258
93	33836	159	647	256
94	34055	199	658	264
95	34374	140	662	280
96	34614	120	662	268
97	34813	239	658	270
98	35172	179	653	281
99	35431	159	658	279
100	35650	100	656	283
101	35989	678	717	262
102	36727	179	773	268
103	36926	180	1058	205
104	37126	120	1043	196
105	37305	179	1053	332
106	37524	180	1144	222
107	37804	120	1030	204
108	38023	239	725	277
109	38442	219	762	282
110	38781	140	755	273
111	38940	120	779	279
112	39219	120	758	273
113	39419	120	761	285
114	39618	100	566	267
115	39738	100	632	339
116	40116	100	635	383
117	40296	120	645	368
118	40515	120	639	360
119	40714	120	644	373
120	40914	140	639	383
121	41213	100	637	372
122	41711	179	637	360
123	42050	140	751	255
124	42210	100	736	256
125	42329	299	756	238
126	42728	219	762	265
127	43027	219	757	260
128	43326	857	750	270
129	44204	339	744	279
130	44622	120	644	298
131	44822	160	637	293
132	45121	160	657	372
133	45400	638	632	377
134	46197	100	642	364
135	46397	120	629	386
136	46775	120	223	580
137	46915	100	76	605
138	47035	339	91	601
139	47613	179	160	614
140	47872	120	215	619
141	48072	219	46	519
142	48311	120	100	545
143	48450	1136	113	558
144	49607	140	97	580
145	49766	140	106	584
146	49926	518	133	565
147	50962	1097	74	626
148	52079	459	135	657
149	52896	180	710	629
150	53096	160	727	625
151	53275	199	778	622
152	53494	120	698	595
153	53694	160	110	616
154	53873	379	137	640
155	54471	219	683	605
156	55628	439	692	618
157	56186	239	129	643
158	56724	199	682	613
159	57023	100	691	631
160	57143	160	718	650
161	57322	299	739	651
162	57641	259	777	650
163	57941	159	752	647
164	58120	299	706	642
165	58459	239	704	637
166	58758	857	764	653
167	59655	359	781	676
168	60034	159	772	696
169	60572	219	291	179
170	60811	279	328	258
171	62107	199	237	179
172	62706	100	103	285
173	63064	120	101	310
174	63722	100	145	635
175	63842	160	135	689
176	64041	199	464	648
177	64420	359	450	592
178	64819	120	256	255
179	65218	259	223	255
180	65517	140	315	214
181	66254	100	141	185
182	66952	159	272	188
183	67172	239	285	191
184	67550	439	162	340
185	68109	439	150	242
186	68567	179	210	248
187	68786	219	351	207
188	69165	399	324	175
189	69584	100	416	195
190	69943	359	1164	360
191	70501	100	245	158
192	70641	180	197	210
193	71139	140	125	271
194	72236	100	1215	278
195	72674	100	1274	188
196	72874	199	1200	287
197	73113	120	1162	340
198	74269	120	288	225
199	74788	119	77	222
200	76383	140	481	132
201	76542	140	533	133
202	78376	179	328	223
203	78655	259	493	189
204	78935	159	480	173
205	79114	100	422	186
206	79293	199	244	196
207	79513	259	343	217
208	79792	120	433	182
209	79931	140	425	182
210	80151	139	536	171
211	80390	120	625	173
212	80729	140	635	186
213	81048	140	525	189
214	81247	159	496	192
215	81487	120	492	187
216	81686	140	494	198
217	81985	100	496	197
218	82184	120	499	199
219	82384	120	497	193
220	82583	120	659	222
221	83181	140	309	180
222	84059	179	310	235
223	84358	100	168	579
224	84557	180	124	589
225	84836	100	701	628
226	84956	877	764	649
227	85853	199	763	696
228	86072	359	770	694
229	86451	140	789	692
230	86611	658	734	668
231	87687	160	730	684
232	87926	100	712	686
233	88126	897	103	643
234	89043	857	82	633
235	89920	299	76	572
236	90718	399	85	640
237	91136	199	130	653
238	91356	718	89	639
239	92153	558	88	601
240	92731	319	146	689
241	93110	2213	93	722
242	95563	458	94	785
243	96061	419	101	702
244	96500	738	111	785
245	97257	459	130	797
246	97736	259	142	714
247	98214	120	746	649
248	98374	538	710	649
249	98932	199	720	646
250	99151	259	725	653
251	99430	180	720	650
252	99630	160	708	663
253	99809	379	712	657
254	100208	339	727	677
255	100627	279	774	697
256	100946	997	703	774
257	102002	140	706	776
258	102321	1615	699	854
259	103996	120	477	772
260	104136	100	446	749
261	104255	359	460	776
262	104634	199	445	717
263	104853	100	449	728
264	104973	219	442	708
265	105392	180	509	724
266	105830	439	755	897
267	106329	199	885	681
268	106548	160	1007	688
269	106727	479	723	789
270	107226	219	775	817
271	107465	339	757	784
272	107864	239	836	781
273	108123	100	984	787
274	108243	459	995	786
275	108901	120	978	885
276	109040	179	1002	925
277	109499	678	751	914
278	110835	140	511	169
279	110994	120	272	180
280	111174	239	341	218
281	112111	279	244	199
282	113028	140	126	641
283	113187	160	135	642
284	113367	120	94	631
285	113506	319	79	592
286	113905	179	106	573
287	114164	140	131	575
288	114603	638	790	643
289	115460	738	767	694
290	116278	259	984	680
291	116557	179	993	674
292	116756	1137	1002	660
293	117952	319	760	650
294	118291	159	747	642
295	118770	179	777	617
296	119109	279	714	624
297	119507	439	132	631
298	119966	339	101	615
299	120345	139	146	614
300	120504	279	201	614
301	120803	180	253	615
302	121302	279	347	614
303	121621	518	77	608
304	122159	140	88	613
305	122498	199	693	574
306	122817	120	703	576
307	122957	179	747	589
308	123475	160	787	615
309	123674	120	775	621
310	123814	219	786	620
311	124292	139	200	594
312	124691	120	128	592
313	125050	478	773	638
314	125548	120	798	647
315	125748	219	720	623
316	126545	100	141	638
317	126984	199	768	649
318	127562	199	777	649
319	127781	120	765	664
320	128021	219	773	657
321	128260	379	756	659
322	128659	239	755	664
323	129795	179	763	643
324	129995	139	758	658
325	130194	120	765	649
326	130393	120	738	636
327	130553	319	762	641
328	131211	179	140	665
329	131490	140	718	650
330	131649	917	772	668
331	132686	100	732	661
332	132806	558	775	668
333	133743	100	147	665
334	133862	120	140	649
335	134002	180	152	696
336	134540	179	486	162
337	134760	120	208	202
338	134899	120	230	204
339	135497	499	236	193
340	136554	159	128	653
341	136733	259	96	629
342	137013	279	147	697
343	137312	379	159	731
344	137710	180	152	748
345	137910	140	103	659
346	138069	578	116	609
347	138667	100	128	644
348	138887	120	69	579
349	139405	160	166	696
350	139684	159	153	711
351	139864	199	146	675
352	140202	339	131	738
353	140561	219	145	734
354	141239	160	794	674
355	141419	379	787	708
356	141817	200	774	661
357	142057	140	761	650
358	142356	339	773	727
359	142715	439	790	703
360	143173	439	788	732
361	143632	299	786	752
362	143951	199	767	772
363	144170	259	776	800
364	144509	239	761	843
365	144808	179	778	847
366	145007	1077	728	811
367	146224	179	738	657
368	146603	120	765	653
369	147041	259	772	664
370	147320	319	750	640
371	147759	180	763	644
372	147978	159	762	643
373	148158	120	753	639
374	148317	120	750	650
375	148516	339	761	642
376	148915	479	761	653
377	149414	180	769	644
378	149852	459	127	646
379	150710	199	128	649
380	151567	100	414	119
381	151706	179	490	168
382	151966	439	483	183
383	152424	319	531	198
384	152783	120	644	205
385	153062	239	628	206
386	153381	399	638	201
387	153860	100	637	196
388	154139	199	536	233
389	154358	219	527	239
390	154597	259	532	232
391	154876	379	429	200
392	155275	459	491	218
393	155993	140	715	220
394	156192	100	735	183
395	156551	319	784	219
396	156910	120	625	220
397	157149	120	624	217
398	157548	259	498	208
399	157947	100	185	203
400	158306	120	44	250
401	158884	100	287	243
402	159043	100	220	224
403	159961	379	292	179
404	160439	100	319	233
405	160658	379	229	187
406	161356	259	46	269
407	162493	120	218	203
408	162692	120	47	207
409	163250	239	124	646
410	163509	279	154	679
411	163808	319	141	700
412	164147	359	157	729
413	164526	419	139	729
414	164965	479	134	736
415	165463	179	125	686
416	165663	159	141	677
417	165842	279	133	664
418	166161	179	157	782
419	166361	120	172	783
420	166500	199	154	753
421	166719	419	165	727
422	167357	279	139	789
423	167656	179	163	802
424	167936	199	145	642
425	168155	518	113	636
426	168733	179	162	720
427	168932	120	118	688
428	169132	199	178	706
429	169351	379	153	740
430	169770	359	102	731
431	170149	877	163	757
432	171046	1455	125	759
433	172521	199	132	767
434	172740	379	198	783
435	173299	578	243	759
436	173897	219	314	770
437	174176	120	228	796
438	174316	180	181	797
439	174535	379	125	760
440	174934	279	185	771
441	175233	180	253	760
442	175432	140	234	769
443	175592	479	126	761
444	176090	578	137	767
445	176688	1097	211	798
446	177805	459	227	810
447	178283	179	288	806
448	178482	179	218	805
449	178841	359	176	779
450	179220	100	168	772
451	179340	578	163	820
452	179938	319	134	816
453	180297	199	237	822
454	180536	997	141	828
455	181573	658	202	853
456	182251	319	162	835
457	182749	159	116	746
458	182929	319	133	747
459	183347	139	736	742
460	183507	379	768	743
461	184145	219	768	660
462	184623	199	741	672
463	184922	319	769	779
464	185281	319	761	789
465	185720	379	756	660
466	186138	160	745	659
467	186517	140	171	207
468	186677	239	246	209
469	187215	160	47	221
470	187414	160	163	310
471	187833	100	229	216
472	188112	120	222	217
473	189010	459	223	205
474	189568	120	63	247
475	189887	638	213	224
476	190904	239	220	744
477	191163	279	219	797
478	191462	618	211	847
479	192100	299	148	853
480	192419	718	155	902
481	193396	140	90	433
482	193555	100	194	462
483	194771	219	243	215
484	195230	160	74	268
485	195489	100	217	215
486	196008	578	751	812
487	196666	219	762	679
488	196905	140	748	641
489	197064	319	742	630
490	197503	239	762	743
491	197782	259	746	784
492	198061	1196	755	808
493	199297	1635	716	804
494	200952	180	769	807
495	201431	478	797	834
496	201929	239	822	851
497	202188	180	888	831
498	202388	518	744	814
499	202926	1475	761	839
500	204461	199	786	863
501	204700	399	720	864
502	205119	299	738	880
503	205438	259	803	884
504	205717	179	854	880
505	205916	219	735	875
506	206156	1575	764	894
507	207990	379	744	916
508	208389	319	727	794
509	208728	1336	748	796
510	210083	299	766	902
511	210602	778	761	908
512	211399	419	730	770
513	211898	419	193	778
514	212376	159	174	749
515	212556	239	203	791
516	212815	877	208	841
517	213931	120	78	602
518	214191	100	60	610
519	214350	100	63	596
520	214470	798	58	606
521	215287	179	17	554
522	215686	199	83	562
523	216104	339	102	583
524	216483	160	199	617
525	217062	259	64	627
526	217341	518	83	640
527	217919	140	55	507
528	218078	279	149	531
529	218517	100	97	565
530	218696	159	85	578
531	218936	180	81	576
532	219414	180	94	596
533	219773	379	111	666
534	220710	758	113	670
535	221667	339	83	604
536	222026	379	79	678
537	222425	778	105	695
538	223322	180	87	602
539	223621	139	114	650
540	224219	1695	131	760
541	226313	498	127	752
542	226831	179	126	723
543	227030	957	138	744
544	228047	160	237	777
545	228227	459	182	790
546	228705	1017	178	828
547	229742	658	162	778
548	230420	179	148	829
549	230619	538	190	843
550	231536	140	791	773
551	231696	419	745	768
552	232134	319	750	844
553	232473	758	755	900
554	233251	877	736	810
555	234148	478	762	717
556	234646	279	727	742
557	234946	100	712	780
558	235165	140	729	645
559	235324	219	708	869
560	235564	279	710	801
561	236042	140	745	675
562	236202	120	729	653
563	236441	120	728	660
564	236640	140	752	659
565	236800	917	710	778
566	237737	279	729	686
567	238036	299	723	783
568	238355	219	754	796
569	238594	219	753	822
570	238973	140	717	658
571	239152	957	720	658
572	240129	219	729	654
573	240368	259	743	696
574	240648	120	772	741
575	240787	219	769	835
576	241305	140	758	807
577	241465	299	739	687
578	241804	160	710	615
579	242043	179	708	607
580	242342	180	722	607
581	242562	199	732	634
582	242841	219	742	633
583	243080	279	751	650
584	243379	299	728	662
585	243698	140	717	653
586	244057	538	745	672
587	244615	658	728	698
588	245293	439	757	713
589	245791	439	746	829
590	246390	120	258	230
591	246589	100	374	208
592	246709	199	413	214
593	247167	319	619	205
594	247566	160	630	218
595	247845	299	617	219
596	248164	160	497	238
597	248343	519	500	244
598	249141	219	455	205
599	249440	678	514	229
600	250796	100	239	209
601	250995	120	234	197
602	251135	140	208	231
603	251892	140	100	263
604	252271	199	111	209
605	252670	399	245	223
606	253607	100	138	303
607	254085	120	105	636
608	254265	399	166	692
609	254743	319	141	721
610	255102	199	177	767
611	255322	120	214	783
612	255461	379	191	824
613	255860	399	154	870
614	256279	259	143	890
615	256558	219	158	907
616	256837	219	168	720
617	257275	140	137	684
618	257435	239	138	690
619	257754	140	162	781
620	257913	140	201	779
621	258073	359	186	765
622	258452	299	232	758
623	258771	299	196	792
624	259090	140	217	810
625	259249	259	187	829
626	259608	319	235	826
627	259947	100	201	840
628	260067	100	206	833
629	260186	1136	153	884
630	261343	139	154	904
631	261721	379	227	896
632	262120	498	159	896
633	262698	199	251	904
634	262918	120	310	898
635	263117	459	199	547
636	263636	279	179	532
637	264194	439	94	587
638	265031	179	83	575
639	267643	140	98	619
640	268102	100	184	695
641	268859	279	137	704
642	269158	578	101	685
643	269816	279	149	702
644	270115	219	229	695
645	270354	239	155	708
646	270633	299	243	719
647	271052	259	119	720
648	271431	160	121	728
649	271710	100	113	707
650	271910	1136	207	751
651	273066	199	184	745
652	273445	159	124	710
653	273644	140	206	760
654	273883	439	230	757
655	274501	598	122	744
656	275119	239	185	769
657	275379	199	230	785
658	275598	518	137	768
659	276236	339	138	745
660	276595	678	138	742
661	277592	678	190	734
662	278290	598	193	773
663	278908	279	229	807
664	279207	199	207	813
665	279486	738	144	740
666	280243	1176	119	712
667	281739	299	147	694
668	282058	698	89	687
669	282775	379	138	692
670	283174	279	230	699
671	283473	259	98	680
672	283752	219	184	730
673	284031	160	126	673
674	284211	179	160	682
675	284550	538	87	681
676	285607	140	172	718
677	285766	100	177	704
678	285886	459	207	731
679	286364	518	197	775
680	286942	399	190	731
681	287361	239	246	718
682	287660	100	145	741
683	287780	917	142	723
684	288936	439	189	725
685	289395	160	185	768
686	289574	479	243	770
687	290073	160	319	771
688	290252	199	206	801
689	290471	957	217	757
690	291448	140	151	699
691	291707	299	159	707
692	292026	379	146	734
693	292425	578	198	754
694	293023	778	180	746
695	293821	778	129	715
696	294877	160	117	692
697	295057	219	101	692
698	295296	339	145	726
699	295655	120	100	705
700	295795	179	104	711
701	295994	339	174	730
702	296353	239	168	726
703	296612	937	131	758
704	297569	279	188	759
705	298087	120	205	767
706	298227	738	190	784
707	298985	120	190	767
708	299124	140	247	752
709	299284	120	188	752
710	299423	359	149	747
711	299802	160	189	748
712	300041	678	190	777
713	300739	877	204	778
714	302075	100	129	273
715	302374	180	99	312
716	302593	160	91	274
717	302773	279	75	225
718	303231	120	128	321
719	303471	1057	141	250
720	304607	140	127	261
721	304767	140	129	248
722	304926	160	125	281
723	305185	160	131	256
724	305365	180	139	293
725	306222	159	193	780
726	306401	817	199	768
727	307279	199	154	805
728	307498	239	228	800
729	307757	179	129	689
730	307956	578	159	684
731	308953	339	784	738
732	309352	618	767	834
733	309990	977	767	779
734	311047	499	726	861
735	311565	100	722	769
736	311685	2133	721	703
737	313838	140	721	707
738	314137	319	175	751
739	314476	299	113	710
740	315014	120	743	699
741	315154	140	723	708
742	315313	100	728	671
743	315513	120	142	671
744	315652	1615	114	703
745	317287	459	107	693
746	317766	120	145	626
747	318164	120	88	659
748	318424	339	46	604
749	318783	259	88	614
750	319082	120	75	562
751	319361	160	134	535
752	319540	159	153	543
753	319720	100	156	544
754	319959	160	90	581
755	320138	279	104	605
756	320537	199	97	606
757	320756	179	91	677
758	320976	259	109	676
759	321255	159	116	682
760	321654	120	72	661
761	321793	100	131	695
762	321913	199	90	673
763	322132	837	127	703
764	322989	259	122	725
765	323268	259	160	746
766	323548	698	185	781
767	324265	179	126	805
768	324465	179	168	809
769	324664	259	220	809
770	325202	120	743	680
771	325362	160	722	656
772	325541	299	743	634
773	325900	140	761	643
774	326339	120	720	602
775	326538	179	729	616
776	326738	120	718	620
777	327037	100	738	616
778	327176	279	757	632
779	327475	1196	744	673
780	328691	359	717	662
781	329070	140	719	659
782	329389	100	721	624
783	329509	758	727	689
784	330306	160	720	707
785	330486	778	717	708
786	331323	199	200	767
787	331542	479	188	801
788	332041	817	190	783
789	332878	279	168	744
790	333337	219	718	718
791	333576	479	724	715
792	334134	120	708	626
793	334713	259	93	623
794	334992	120	128	637
795	335291	100	162	636
796	335590	100	168	538
797	335969	100	160	524
798	336088	100	75	503
799	336308	319	198	530
800	336647	379	180	518
801	337085	140	168	497
802	337843	279	156	632
803	338222	219	111	623
804	338461	139	80	565
805	338660	219	93	561
806	338959	100	99	559
807	339139	140	133	593
808	339358	179	144	642
809	339717	120	104	618
810	339876	279	131	648
811	340255	219	106	661
812	340494	897	140	724
813	341412	239	157	744
814	341671	459	145	738
815	342428	279	729	637
816	342827	419	706	602
817	343286	219	723	619
818	343525	379	736	616
819	343964	239	742	642
820	344223	119	752	640
821	344382	179	750	640
822	344582	199	740	634
823	345080	698	749	677
824	345798	658	748	709
825	346476	419	782	748
826	346934	120	795	764
827	347074	299	827	761
828	347393	219	827	733
829	347632	419	775	733
830	348170	598	179	749
831	348948	379	209	760
832	349347	279	189	789
833	349646	219	160	726
834	349945	100	760	701
835	350084	180	752	725
836	350284	279	740	716
837	350583	239	726	711
838	350922	399	167	732
839	351998	199	196	747
840	352218	259	189	795
841	352557	100	685	608
842	352995	199	733	610
843	353254	159	712	623
844	353514	160	714	638
845	353813	259	709	637
846	354092	239	721	656
847	354351	219	725	680
848	354590	279	719	693
849	354889	1077	740	713
850	355986	219	700	640
851	356245	120	705	642
852	357102	199	68	603
853	357421	120	132	597
854	357820	120	120	604
855	358438	558	155	693
856	359016	179	143	688
857	359216	219	148	732
858	359734	120	319	200
859	360292	140	449	194
860	360492	120	629	224
861	360631	638	625	234
862	361289	1774	628	240
863	363183	399	530	263
864	363602	1256	442	232
865	365157	120	286	189
866	365656	160	100	246
867	366074	239	69	243
868	366433	120	111	252
869	366872	160	176	261
870	367131	279	239	224
871	367450	259	425	202
872	367729	179	433	206
873	367928	120	240	199
874	368128	279	237	206
875	368427	160	156	252
876	369145	100	74	205
877	369484	120	71	202
878	370261	199	330	207
879	370480	558	234	201
880	371079	379	234	213
881	371557	100	169	255
882	371796	120	121	259
883	372075	140	83	201
884	372414	200	153	208
885	372773	119	68	216
886	373471	259	327	203
887	373810	299	230	208
888	375066	159	239	203
889	375246	140	239	207
890	375764	458	136	674
891	376242	419	146	694
892	376761	399	202	553
893	377299	459	162	760
894	377778	578	177	778
895	378376	219	163	792
896	378655	200	139	764
897	378874	120	107	730
898	379034	558	159	727
899	379632	518	149	812
900	380170	219	229	809
901	380469	219	95	833
902	380708	319	114	838
903	381187	259	151	826
904	381466	439	204	835
905	381925	140	260	831
906	382104	997	114	835
907	383240	179	184	835
908	383440	219	179	844
909	383679	778	190	845
910	384476	100	232	852
911	384596	259	197	855
912	384875	1097	141	842
913	385992	1356	222	865
914	388484	180	108	242
915	388683	100	141	324
916	389660	219	187	823
917	389900	439	154	831
918	390358	479	192	845
919	390857	399	244	846
920	391275	279	183	871
921	391594	219	234	865
922	391853	219	171	871
923	392093	180	158	879
924	392412	778	183	879
925	393389	100	160	874
926	393528	259	173	874
927	393827	140	495	818
928	393987	618	473	783
929	394724	299	446	758
930	395223	279	183	859
931	395522	120	283	872
932	395881	120	457	759
933	396020	180	517	772
934	396379	140	546	777
935	396539	120	455	748
936	396958	120	484	758
937	397117	359	474	786
938	397536	239	472	847
939	397795	199	526	823
940	398014	140	502	812
941	398373	239	170	870
942	398632	120	214	871
943	399111	120	105	154
944	399569	159	167	366
945	399749	100	181	424
946	400128	159	209	30
947	400407	160	207	821
948	400586	319	180	855
949	401104	140	802	750
950	401264	957	783	754
951	402241	100	754	739
952	402380	100	733	729
953	402540	259	729	734
954	402839	578	729	744
955	403437	259	782	753
956	403716	479	808	776
957	404215	379	884	782
958	404613	120	925	773
959	404753	1097	743	780
960	405869	359	827	781
961	406248	259	792	793
962	406687	359	786	810
963	407126	179	235	817
964	407325	140	232	859
965	407484	379	169	817
966	407883	518	197	850
967	408581	678	757	729
968	409279	419	791	725
969	409717	160	859	725
970	409897	957	732	731
971	410894	219	783	746
972	411133	738	805	765
973	411891	179	850	787
974	412090	459	804	773
975	412568	179	841	767
976	412768	180	798	759
977	413147	120	154	838
978	413286	299	204	844
979	413605	279	198	845
980	413904	259	159	828
981	414183	359	223	829
982	414582	120	276	818
983	414901	100	734	659
984	415021	239	744	699
985	415380	140	756	728
986	415539	179	751	741
987	415858	399	758	752
988	416277	1196	818	759
989	417493	419	820	793
990	417932	140	851	801
991	418091	140	795	757
992	418251	459	770	744
993	418729	518	774	771
994	419267	359	813	771
995	419646	159	850	782
996	419985	279	765	730
997	420284	179	771	727
998	420484	180	851	726
999	420683	718	740	726
1000	421421	937	740	756
1001	422378	379	787	744
1002	422776	279	829	749
1003	423076	120	901	736
1004	423275	120	739	753
1005	423434	459	735	746
1006	423973	259	793	764
1007	424411	718	802	768
1008	425149	678	758	750
1009	425847	1136	813	760
1010	427003	179	885	770
1011	427203	379	793	785
1012	427701	239	741	768
1013	428040	279	750	760
1014	428498	180	821	776
1015	428698	379	804	776
1016	429097	518	821	781
1017	429635	837	820	820
1018	430492	199	812	851
1019	430712	319	856	842
1020	431310	319	809	853
1021	431649	279	776	801
1022	432008	299	813	781
1023	432327	279	860	782
1024	432626	618	815	790
1025	433264	558	800	768
1026	433842	140	764	779
1027	434221	837	775	777
1028	435237	518	777	781
1029	435816	778	823	782
1030	436613	140	792	791
1031	436773	339	833	777
1032	437131	499	857	784
1033	438507	100	96	254
1034	438906	100	106	294
1035	439225	139	304	266
1036	439384	279	359	218
1037	439684	219	302	232
1038	440202	100	99	282
1039	440660	558	307	231
1040	441318	100	468	176
1041	441597	319	797	776
1042	441956	479	772	784
1043	442475	399	831	789
1044	442893	219	830	819
1045	443133	100	862	818
1046	443252	359	901	817
1047	443631	638	769	806
1048	444289	1017	833	816
1049	445326	419	770	823
1050	445764	299	820	827
1051	446083	439	834	841
1052	446542	359	763	833
1053	447020	837	834	849
1054	447878	359	769	847
1055	448257	937	842	873
1056	449214	219	908	878
1057	449652	359	832	884
1058	450031	837	777	859
1059	450888	538	773	859
1060	451626	159	778	861
1061	451805	538	815	836
1062	452364	239	749	857
1063	452663	279	960	852
1064	452962	1376	725	864
1065	454457	219	771	784
1066	454696	638	801	869
1067	455354	439	891	880
1068	455853	379	784	897
1069	456251	179	837	904
1070	456451	179	772	919
1071	456810	239	754	759
1072	457069	2173	746	772
1073	459262	738	792	801
1074	460020	957	750	796
1075	460997	259	820	815
1076	461415	159	829	835
1077	461615	479	810	847
1078	462113	1176	766	807
1079	463309	917	813	834
1080	464246	1236	767	825
1081	465622	1137	823	846
1082	466778	558	773	852
1083	467357	299	769	856
1084	467676	758	838	868
1085	468453	917	749	876
1086	469390	2672	810	878
1087	472381	498	1094	793
1088	472899	379	1075	756
1089	473358	179	495	781
1090	473557	120	464	751
1091	473697	638	484	772
1092	474375	160	1128	764
1093	474554	499	1096	758
1094	475072	498	1114	753
1095	475591	179	1097	785
1096	475930	159	1117	796
1097	476149	738	812	860
1098	476907	140	766	849
1099	477226	120	761	657
1100	477425	160	764	710
1101	477604	279	751	728
1102	478083	179	793	821
1103	478282	120	738	704
1104	478422	239	730	682
1105	478681	120	712	650
1106	478821	139	740	661
1107	478980	299	768	662
1108	479319	140	764	673
1109	479479	518	724	634
1110	480017	140	748	636
1111	480176	100	710	623
1112	480675	299	745	662
1113	480994	160	746	668
1114	481173	179	744	671
1115	481472	199	768	744
1116	481692	199	760	812
1117	481911	459	751	719
1118	482469	578	742	681
1119	483087	359	743	685
1120	483486	359	744	704
1121	483865	538	765	739
1122	484463	239	743	810
1123	484722	319	754	873
1124	485061	1176	718	897
1125	486257	778	798	862
1126	487274	179	250	873
1127	487474	239	202	883
1128	487773	180	866	871
1129	487992	478	819	875
1130	488490	518	774	879
1131	489029	379	745	914
1132	489587	180	744	675
1133	489786	180	716	646
1134	490185	738	710	611
1135	490943	219	722	618
1136	491222	239	721	645
1137	491501	997	724	668
1138	492518	698	733	719
1139	493236	758	745	729
1140	494292	1416	771	760
1141	495728	538	764	773
1142	496286	239	762	814
1143	496545	259	774	843
1144	496824	758	768	866
1145	497821	140	136	744
1146	498040	159	122	725
1147	498220	159	121	664
1148	498698	100	71	480
1149	498918	160	159	514
1150	499097	379	196	527
1151	499795	897	109	639
1152	500812	120	96	578
1153	500951	139	91	502
1154	501270	120	96	585
1155	501569	160	111	610
1156	501948	698	130	728
1157	502666	179	125	730
1158	502865	439	119	801
1159	503483	1077	137	802
1160	504580	419	148	840
1161	505019	339	164	878
1162	505378	239	203	878
1163	505637	160	172	848
1164	505816	678	166	834
1165	506514	1077	171	882
1166	507710	877	794	894
1167	508707	199	219	890
1168	508986	239	178	886
1169	509245	159	157	885
1170	509764	100	355	173
1171	509943	339	424	169
1172	510880	160	513	193
1173	511179	1296	580	215
1174	512495	160	572	225
1175	512675	658	588	221
1176	513352	538	586	228
1177	513911	160	561	217
1178	514090	359	513	236
1179	514469	997	486	226
1180	515865	100	315	181
1181	516622	179	209	303
1182	516901	100	123	225
1183	517121	120	318	214
1184	517280	219	331	229
1185	518576	159	186	762
1186	518756	778	151	707
1187	519553	339	159	821
1188	519912	618	189	874
1189	520550	359	166	746
1190	520929	199	141	710
1191	521148	259	163	740
1192	521427	160	167	745
1193	521607	219	175	767
1194	521945	538	129	810
1195	522504	299	179	834
1196	522823	199	192	872
1197	523042	100	176	913
1198	523501	180	817	914
1199	523720	359	806	804
1200	524198	399	787	745
1201	524617	159	798	754
1202	524916	120	860	737
1203	525255	100	178	796
1204	525395	1635	120	814
1205	527329	140	196	780
1206	527508	120	199	760
1207	527767	159	174	764
1208	527967	359	88	803
1209	528346	100	152	786
1210	528465	438	104	810
1211	528924	219	143	809
1212	529522	439	166	777
1213	529980	199	198	779
1214	530200	419	178	773
1215	530638	837	166	767
1216	531496	1017	136	735
1217	532532	299	183	755
1218	532851	179	218	753
1219	533051	159	147	721
1220	533270	259	170	721
1221	534008	179	160	668
1222	534207	1216	160	704
1223	535443	180	113	749
1224	535643	199	168	748
1225	535862	159	228	749
1226	536041	319	171	755
1227	536380	140	232	751
1228	536739	179	189	718
1229	536938	239	85	734
1230	537198	897	106	740
1231	538115	180	106	747
1232	538314	339	90	746
1233	538952	199	173	767
1234	539191	199	245	759
1235	539451	199	282	751
1236	539750	798	113	758
1237	540587	1236	183	792
1238	541843	140	192	841
1239	542003	199	243	842
1240	542381	160	226	861
1241	542660	140	239	697
1242	542860	140	199	640
1243	543139	100	136	589
1244	543279	139	130	611
1245	543797	299	163	666
1246	544176	279	144	782
1247	544475	797	171	793
1248	545292	698	159	789
1249	546210	977	188	785
1250	547206	538	227	783
1251	547764	319	216	793
1252	548104	179	285	794
1253	548303	100	313	805
1254	548442	1236	165	807
1255	549698	239	230	821
1256	549958	319	294	819
1257	550297	179	255	824
1258	550496	678	162	814
1259	551194	239	250	842
1260	551772	160	236	863
1261	551951	259	226	877
1262	552230	518	228	836
1263	552769	259	190	843
1264	553048	439	147	833
1265	553566	120	221	844
1266	553706	359	255	846
1267	554085	359	237	863
1268	554464	239	295	863
1269	554723	319	142	842
1270	555062	997	154	748
1271	556557	119	132	240
1272	556696	259	81	259
1273	557055	219	273	231
1274	557315	100	91	166
1275	557474	100	334	230
1276	557634	339	510	200
1277	558192	180	792	648
1278	558391	379	748	628
1279	558890	100	713	618
1280	559069	120	751	624
1281	559209	239	762	645
1282	559627	518	714	640
1283	560166	678	718	639
1284	560883	718	719	708
1285	561761	419	721	712
1286	562199	1077	779	742
1287	563296	339	745	709
1288	563655	299	725	705
1289	564053	499	181	747
1290	564632	738	114	700
1291	565449	100	727	667
1292	565987	100	531	150
1293	566227	100	281	168
1294	566685	179	193	341
1295	567004	339	283	202
1296	567363	159	245	205
1297	567941	100	161	713
1298	568081	259	155	719
1299	568380	319	149	734
1300	568719	1176	94	740
1301	569915	140	161	751
1302	570075	140	222	742
1303	570533	1077	193	782
1304	571630	578	164	777
1305	572228	698	133	765
1306	572946	319	200	772
1307	573544	419	195	793
1308	573982	498	176	829
1309	574501	179	253	837
1310	574700	239	266	806
1311	574959	778	206	807
1312	575757	459	127	743
1313	576235	179	216	743
1314	576494	479	137	684
1315	577192	139	176	671
1316	577392	479	112	659
1317	577890	319	94	661
1318	578229	499	164	685
1319	578787	199	230	696
1320	579007	359	148	696
1321	579385	817	101	667
1322	580223	678	158	713
1323	580960	180	102	726
1324	581319	299	118	723
1325	581638	877	111	726
1326	582535	259	179	752
1327	582815	199	144	724
1328	583054	778	126	742
1329	583851	259	190	756
1330	584470	917	180	776
1331	585446	1296	173	747
1332	586762	159	245	744
1333	587101	1037	191	789
1334	588158	279	146	799
1335	588597	817	123	748
1336	589434	140	140	759
1337	589593	179	118	749
1338	590012	219	178	744
1339	590251	498	155	717
1340	590770	180	212	705
1341	590969	219	121	716
1342	591208	299	109	714
1343	591527	180	107	652
1344	591766	160	143	599
1345	592006	120	141	668
1346	592185	1097	95	651
1347	593302	239	165	686
1348	593601	1176	143	673
1349	594797	499	208	702
1350	595315	499	193	768
1351	596213	199	181	691
1352	596432	160	180	698
1353	596611	180	163	720
1354	596811	758	126	681
1355	597708	738	173	692
1356	598466	1196	113	694
1357	599702	199	190	719
1358	599921	160	202	726
1359	600100	897	156	740
1360	601077	299	219	746
1361	601396	160	274	727
1362	601835	199	169	730
1363	602294	140	143	713
1364	602493	299	103	662
1365	602812	199	98	654
1366	603051	538	96	662
1367	603709	120	159	675
1368	603928	100	112	677
1369	604048	239	114	665
1370	604307	578	160	680
1371	604905	877	101	680
1372	605803	120	118	658
1373	606839	339	158	693
1374	607497	498	97	665
1375	608016	259	184	728
1376	608394	179	176	708
1377	608713	180	126	701
1378	608913	798	128	749
1379	609730	160	132	755
1380	609910	160	157	759
1381	610129	279	226	760
1382	610747	219	154	704
1383	611006	239	239	710
1384	611266	299	144	694
1385	611604	239	179	747
1386	611864	379	145	692
1387	612262	718	194	748
1388	613199	1017	177	745
1389	614236	578	200	783
1390	614834	439	125	744
1391	615293	419	127	751
1392	615731	219	215	764
1393	615971	120	180	759
1394	616310	319	155	796
1395	616648	219	137	788
1396	616888	179	197	789
1397	617087	239	228	798
1398	617366	160	502	780
1399	617546	180	449	774
1400	617745	140	492	783
1401	617944	518	133	713
1402	618483	140	165	681
1403	618642	120	458	802
1404	618782	179	465	769
1405	619061	279	454	763
1406	619360	199	473	767
1407	619619	937	98	749
1408	620915	179	160	746
1409	621115	498	176	752
1410	621633	1077	205	786
1411	622730	758	186	783
1412	623726	738	144	767
1413	624484	1456	181	792
1414	625959	498	217	797
1415	626478	259	294	796
1416	626856	778	202	819
1417	627654	279	271	803
1418	627953	797	161	806
1419	628930	160	240	815
1420	629169	419	212	819
1421	629608	140	229	812
1422	629787	319	290	813
1423	630126	179	169	816
1424	630326	419	185	819
1425	630764	339	298	815
1426	631123	678	246	829
1427	631861	997	183	826
1428	632878	259	266	833
1429	633157	139	249	840
1430	633536	319	296	832
1431	633954	100	236	842
1432	634074	638	171	844
1433	634732	179	202	844
1434	634931	1675	252	870
1435	636626	219	325	903
1436	636865	239	372	898
1437	637124	678	237	858
1438	637822	219	210	896
1439	638061	199	185	908
1440	638301	160	270	912
1441	638819	159	211	921
1442	638998	419	253	921
1443	639457	658	138	923
1444	640235	199	223	920
1445	640474	578	324	913
1446	641092	140	196	763
1447	641251	180	145	705
1448	641690	578	744	713
1449	642288	1376	719	711
1450	643724	120	779	727
1451	644023	219	843	730
1452	644262	100	821	725
1453	644382	498	762	726
1454	644900	1196	731	734
1455	646116	120	764	755
1456	646256	100	767	747
1457	646375	1017	814	839
1458	647412	239	776	909
1459	647671	379	751	757
1460	648070	119	750	737
1461	648210	140	738	722
1462	648389	339	733	735
1463	648768	219	735	726
1464	649167	937	801	751
1465	650124	239	852	752
1466	650383	1256	764	743
1467	651659	837	815	769
1468	652536	279	822	803
1469	652835	180	856	810
1470	653034	419	790	814
1471	653473	120	750	730
1472	653633	538	739	726
1473	654390	279	793	723
1474	654689	180	750	726
1475	654988	120	745	772
1476	655128	459	779	775
1477	655606	160	729	740
1478	655985	279	817	737
1479	656284	279	871	741
1480	656603	738	796	760
1481	657461	100	748	763
1482	657600	180	749	754
1483	657800	179	752	750
1484	657999	100	766	745
1485	658218	259	762	746
1486	658497	339	750	651
1487	658896	618	807	759
1488	659534	1037	751	770
1489	660591	877	819	793
1490	661667	957	813	824
1491	662644	160	814	848
1492	662824	359	818	856
1493	663203	179	807	807
1494	663402	618	772	795
1495	664100	877	829	807
1496	665037	478	774	807
1497	665535	399	836	815
1498	666133	259	836	841
1499	666412	339	884	842
1500	666771	239	815	825
1501	667031	578	771	814
1502	667629	658	847	837
1503	668307	239	826	856
1504	668905	100	292	204
1505	669184	140	358	212
1506	669722	140	313	196
1507	669882	120	448	181
1508	670181	100	723	807
1509	670300	1216	777	817
1510	671536	778	828	836
1511	672334	419	865	850
1512	672773	379	771	850
1513	673171	478	828	849
1514	673670	538	833	863
1515	674228	379	778	865
1516	674627	1117	831	878
1517	675942	459	826	877
1518	676421	299	785	848
1519	676740	259	843	868
1520	677019	140	911	868
1521	677219	678	793	858
1522	677916	339	841	865
1523	678275	239	876	897
1524	678534	259	831	887
1525	678814	1376	774	836
1526	680209	279	771	889
1527	680508	479	758	772
1528	681007	439	757	777
1529	681625	179	814	764
1530	681924	1117	765	751
1531	683120	538	737	747
1532	683738	459	771	778
1533	684217	678	732	768
1534	684915	179	795	767
1535	685214	140	816	775
1536	685632	1236	824	786
1537	686888	160	883	768
1538	687267	179	836	771
1539	687466	2512	819	846
1540	690178	399	849	895
1541	690597	459	796	837
1542	691075	837	774	784
1543	691932	179	785	778
1544	692132	339	825	793
1545	692650	140	822	805
1546	692810	399	797	813
1547	693228	399	823	797
1548	693647	558	774	782
1549	694245	199	827	794
1550	694644	818	768	818
1551	695481	937	844	829
1552	696438	219	915	841
1553	696678	578	842	859
1554	697276	199	802	809
1555	697495	917	770	814
1556	698592	937	847	833
1557	699549	319	782	813
1558	699888	139	789	787
1559	700047	618	850	804
1560	700685	279	787	834
1561	701303	538	774	842
1562	701901	877	837	844
1563	702798	140	893	854
1564	702958	140	798	849
1565	703117	698	822	794
1566	703835	299	795	744
1567	704154	618	785	781
1568	704792	1176	844	812
1569	706168	1117	789	736
1570	707304	758	860	743
1571	708082	479	842	757
1572	708600	359	842	724
1573	709158	179	826	797
1574	709358	419	819	796
1575	709796	399	844	782
1576	710215	140	819	741
1577	710494	100	815	699
1578	710614	319	824	684
1579	710953	558	803	766
1580	711690	1316	850	797
1581	713026	578	803	817
1582	713624	499	875	837
1583	714143	299	811	855
1584	714462	259	949	845
1585	714741	658	875	869
1586	715419	179	863	859
1587	715638	219	855	728
1588	715877	120	843	699
1589	716037	399	844	652
1590	716715	180	856	642
1591	716954	180	899	636
1592	717153	339	839	648
1593	717552	219	838	615
1594	717791	139	829	600
1595	717991	1376	818	815
1596	719386	419	782	854
1597	719845	219	825	872
1598	720084	917	772	869
1599	721021	339	827	867
1600	721380	179	851	898
1601	721580	219	888	891
1602	721839	558	838	860
1603	722417	199	887	869
1604	722636	1236	819	865
1605	724092	319	843	872
1606	724431	179	790	888
1607	724630	459	813	884
1608	725108	219	771	906
1609	725348	319	822	908
1610	725687	219	850	881
1611	725926	100	883	882
1612	726265	179	269	853
1613	726464	120	226	847
1614	726644	798	216	777
1615	727641	319	806	824
1616	727979	419	821	863
1617	728418	479	813	823
1618	728916	359	798	782
1619	729315	180	807	684
1620	729515	200	832	658
1621	729734	219	874	704
1622	729973	159	859	742
1623	730312	1256	217	760
1624	731588	1156	164	752
1625	732764	160	160	751
1626	733024	160	233	777
1627	733442	239	218	769
1628	733702	259	300	753
1629	733981	359	369	750
1630	734360	698	181	730
1631	735077	160	141	727
1632	735257	439	187	793
1633	735775	798	226	796
1634	736592	279	278	796
1635	736892	1336	195	808
1636	738407	279	828	798
1637	738706	439	832	872
1638	739164	419	826	823
1639	739643	219	238	786
1640	739882	319	285	810
1641	740221	439	268	773
1642	740680	419	289	805
1643	741258	100	180	224
1644	741816	160	157	241
1645	741996	120	123	173
1646	742414	120	348	229
1647	742614	219	453	193
1648	743032	259	298	763
1649	743331	738	231	784
1650	744089	379	293	798
1651	744488	519	258	809
1652	745265	1475	267	800
1653	746761	758	188	802
1654	747698	558	209	834
1655	748276	239	271	816
1656	748535	498	167	820
1657	749053	498	251	826
1658	749572	897	174	781
1659	750489	459	212	836
1660	751107	140	240	836
1661	751266	1057	243	870
1662	752343	219	195	864
1663	752622	598	291	907
1664	753240	219	183	891
1665	753480	180	258	890
1666	753858	179	193	881
1667	754118	219	152	900
1668	754437	140	268	912
1669	754596	239	320	907
1670	754855	180	384	908
1671	755054	180	171	895
1672	755254	618	127	897
1673	755952	478	236	904
1674	756450	538	179	913
1675	757228	140	181	794
1676	757407	140	179	834
1677	757587	459	248	838
1678	758065	279	219	834
1679	758364	718	244	860
1680	759102	279	227	877
1681	759481	219	237	864
1682	759720	100	180	866
1683	759840	199	233	865
1684	760338	279	216	844
1685	760637	439	261	831
1686	761096	1017	175	837
1687	762152	359	241	862
1688	762531	180	298	859
1689	762950	179	289	846
1690	763229	997	243	867
1691	764246	140	313	861
1692	764405	239	245	876
1693	764664	678	169	877
1694	765382	598	270	898
1695	766000	160	291	884
1696	766180	140	327	884
1697	766339	758	248	889
1698	767476	219	494	829
1699	767735	419	234	845
1700	768193	279	164	803
1701	768492	140	185	816
1702	768672	1137	174	758
1703	769828	399	217	784
1704	770646	379	219	860
1705	771044	179	253	880
1706	771244	518	182	799
1707	771782	279	163	760
1708	772081	179	176	781
1709	772280	3589	169	780
1710	776168	259	167	778
1711	776448	179	192	838
1712	776647	1017	208	884
1713	777684	638	183	865
1714	778661	140	202	880
1715	778980	179	199	818
1716	779179	419	236	835
1717	779618	279	248	854
1718	779917	100	174	843
1719	780036	439	172	808
1720	780495	758	194	822
1721	781272	498	194	845
1722	782050	817	159	792
1723	782887	239	129	767
1724	783147	120	111	736
1725	783346	140	95	687
1726	783505	140	99	665
1727	783844	359	138	674
1728	784243	120	112	706
1729	784383	319	91	733
1730	785160	120	89	659
1731	785300	239	91	714
1732	785559	977	86	667
1733	786556	279	90	678
1734	786875	160	88	684
1735	787114	100	150	741
1736	787294	140	203	787
1737	787453	139	234	838
1738	787652	180	125	716
1739	788131	140	84	640
1740	788350	578	93	667
1741	789008	100	51	632
1742	789168	140	70	556
1743	789427	518	61	607
1744	790025	120	64	594
1745	790364	100	72	632
1746	790543	379	89	666
1747	791042	179	87	678
1748	791281	120	86	664
1749	791540	219	106	694
1750	791779	1156	126	726
1751	792956	1117	156	746
1752	794272	319	170	726
1753	794611	120	182	730
1754	794810	1854	168	761
1755	796684	1156	184	797
1756	798040	857	209	817
1757	798917	578	220	836
1758	799515	120	257	852
1759	800054	139	225	853
1760	800213	319	243	857
1761	800552	738	179	855
1762	801329	140	102	907
1763	801708	219	874	705
1764	801948	259	819	802
1765	802227	359	776	784
1766	802605	718	804	849
1767	803343	399	768	782
1768	803762	339	781	674
1769	804200	120	996	671
1770	804500	678	726	687
1771	805197	100	729	688
1772	805477	618	802	714
1773	806115	179	716	658
1774	806433	199	699	624
1775	806812	439	724	656
1776	807311	180	729	651
1777	807670	279	705	633
1778	807969	778	729	701
1779	808766	199	738	653
1780	809006	179	722	644
1781	809225	419	736	712
1782	809863	498	731	612
1783	810541	379	747	625
1784	810939	518	740	639
1785	811478	419	784	669
1786	811916	199	769	674
1787	812395	279	768	687
1788	812694	219	794	714
1789	812933	160	799	758
1790	813113	359	815	811
1791	813491	299	789	732
1792	814090	2572	772	706
1793	816681	279	853	764
1794	816980	379	844	816
1795	817379	239	781	872
1796	817818	459	773	744
1797	818296	159	844	834
1798	818496	1136	779	647
1799	819652	578	777	641
1800	820250	199	754	686
1801	820549	180	785	817
1802	820749	180	802	794
1803	820948	160	753	784
1804	821426	479	795	833
1805	821925	279	756	804
1806	822244	459	751	912
1807	822722	219	736	639
1808	822982	339	715	646
1809	823420	140	712	695
1810	823719	179	690	617
1811	824038	120	699	587
1812	824178	200	706	612
1813	824397	259	703	607
1814	824736	459	725	648
1815	825215	259	714	657
1816	825594	199	695	636
1817	825813	339	719	677
1818	826172	199	720	708
1819	826391	259	714	700
1820	826670	678	732	708
1821	827368	339	731	723
1822	827846	817	730	731
1823	828684	419	746	748
1824	829122	1097	766	759
1825	830239	379	768	777
1826	830638	1256	767	812
1827	831914	399	804	824
1828	832412	1356	746	772
1829	833947	120	723	746
1830	834087	179	717	650
1831	834286	140	697	634
1832	834545	239	689	618
1833	834805	100	690	618
1834	835004	199	695	613
1835	835223	259	715	637
1836	835502	498	719	664
1837	836021	439	716	699
1838	836479	499	719	685
1839	836998	578	730	732
1840	837735	140	741	740
1841	837915	1954	755	772
1842	839889	897	788	798
1843	840806	857	766	794
1844	841683	478	803	812
1845	842181	180	780	806
1846	842381	140	775	796
1847	842700	399	773	801
1848	843118	299	765	822
1849	843437	279	802	821
1850	843737	1037	816	857
1851	844793	339	781	869
1852	845152	339	835	849
1853	845511	100	885	852
1854	845870	498	820	863
1855	846847	120	238	212
1856	847086	160	289	191
1857	847425	179	800	846
1858	847624	179	809	868
1859	848023	299	251	821
1860	848541	219	713	629
1861	848841	140	704	615
1862	849120	120	690	617
1863	849638	379	672	604
1864	850136	817	706	624
1865	850974	180	719	625
1866	851452	299	729	629
1867	851771	159	730	643
1868	851971	179	731	642
1869	852190	239	726	654
1870	852549	578	719	685
1871	853147	279	718	696
1872	853506	498	745	708
1873	854184	957	734	727
1874	855161	1196	747	753
1875	856377	997	777	784
1876	857573	738	795	819
1877	858331	259	817	865
1878	858610	439	781	823
1879	859068	379	787	821
1880	859467	718	806	853
1881	860205	419	757	886
1882	861022	100	110	601
1883	861142	239	73	597
1884	861401	140	69	584
1885	861740	239	129	621
1886	862019	399	130	606
1887	862438	279	136	620
1888	862837	120	122	546
1889	863355	259	97	689
1890	863634	778	114	696
1891	864691	259	137	707
1892	864970	1774	168	740
1893	866764	2612	194	802
1894	869655	160	169	782
1895	869835	1555	225	819
1896	871450	1077	242	847
1897	872546	179	468	836
1898	873104	339	464	166
1899	873583	160	541	191
1900	873822	1894	581	206
1901	875736	299	569	234
1902	876055	618	518	224
1903	876893	359	460	164
1904	877391	140	476	207
1905	877610	299	477	203
1906	878129	100	359	214
1907	878328	120	476	199
1908	878508	120	659	191
1909	878966	139	1199	309
1910	879425	120	503	133
1911	879604	100	545	152
1912	879963	239	425	144
1913	880561	120	429	177
1914	881199	100	524	203
1915	881359	479	431	185
1916	881857	100	429	191
1917	883452	159	114	211
1918	884050	199	96	644
1919	884269	518	82	632
1920	885466	179	65	695
1921	885665	399	65	698
1922	886522	239	129	707
1923	886802	339	90	606
1924	887400	140	116	628
1925	887739	219	129	663
1926	887978	1097	60	635
1927	889334	160	111	546
1928	889653	897	77	592
1929	890610	279	129	631
1930	891068	379	114	720
1931	891467	479	99	706
1932	892185	678	122	666
1933	892942	199	145	688
1934	893162	140	170	703
1935	893361	498	89	661
1936	894139	120	57	452
1937	894757	259	60	609
1938	895115	399	101	633
1939	895534	180	109	661
1940	895733	399	105	682
1941	896152	538	144	675
1942	896910	518	732	647
1943	897588	100	683	611
1944	897707	379	699	598
1945	898106	140	713	597
1946	898345	419	689	597
1947	898844	179	704	599
1948	899043	538	705	611
1949	899661	100	739	621
1950	899781	2074	754	676
1951	902054	419	738	641
1952	902572	199	709	606
1953	902791	239	746	637
1954	903051	120	744	623
1955	903350	180	721	612
1956	903569	459	746	615
1957	904047	399	747	657
1958	904466	1416	737	670
1959	905902	339	727	657
1960	906280	259	766	667
1961	906719	319	770	671
1962	907058	578	769	676
1963	907656	399	780	723
1964	908075	279	779	759
1965	908394	140	742	666
1966	908553	538	719	651
1967	909112	279	743	672
1968	909570	100	775	656
1969	909829	478	773	687
1970	910328	1296	770	685
1971	911644	1615	720	700
1972	913278	439	770	884
1973	913817	199	829	896
1974	914036	319	778	894
1975	914375	120	828	902
1976	914614	179	788	897
1977	914814	339	764	717
1978	915532	100	746	638
1979	915711	259	735	620
1980	916030	160	179	607
1981	916209	219	148	636
1982	916488	140	112	702
1983	916648	339	112	697
1984	917007	160	154	745
1985	917186	578	166	820
1986	917784	3868	158	798
1987	921692	797	106	717
1988	922829	857	107	695
1989	923726	299	155	693
1990	924045	199	140	692
1991	924523	837	174	690
1992	925779	140	275	170
1993	926338	219	360	196
1994	926836	180	359	188
1995	927195	100	114	624
1996	927334	199	156	671
1997	927554	180	149	669
1998	927753	239	116	652
1999	928212	159	82	529
2000	928909	977	767	670
2001	929906	399	777	689
2002	930325	419	766	671
2003	930764	120	738	638
2004	930903	100	747	635
2005	931202	439	690	633
2006	931900	179	74	605
2007	932399	100	70	588
2008	932598	100	101	602
2009	932718	259	114	675
2010	932997	160	107	692
2011	933296	339	156	703
2012	933874	100	106	686
2013	933994	219	128	685
2014	934512	180	684	601
2015	934851	459	715	627
2016	935329	299	724	633
2017	935648	339	744	645
2018	936007	698	769	675
2019	936924	758	758	673
2020	937722	359	772	678
2021	938101	120	767	651
2022	938240	219	824	703
2023	938579	100	779	699
2024	938699	319	766	699
2025	939277	379	422	139
2026	939775	100	536	143
2027	940573	299	614	156
2028	940972	160	459	159
2029	941151	279	456	131
2030	941550	319	478	131
2031	942068	359	422	145
2032	942606	140	435	87
2033	942766	179	431	87
2034	942965	439	435	92
2035	943723	140	498	139
2036	943942	120	312	159
2037	944321	179	268	157
2038	944820	140	288	117
2039	945039	100	406	163
2040	945318	140	417	87
2041	945637	100	245	168
2042	947172	239	232	208
2043	947571	239	337	199
2044	947890	140	252	194
2045	948149	160	166	-451
2046	948927	199	144	650
2047	949186	319	146	664
2048	949605	518	141	667
2049	950940	159	161	689
2050	951200	100	132	666
2051	951419	179	143	685
2052	951678	160	181	691
2053	951877	139	150	587
2054	952535	100	87	673
2055	952655	558	87	677
2056	953333	100	152	700
2057	953851	120	160	668
2058	954430	299	197	670
2059	954748	219	149	711
2060	954988	100	129	690
2061	955107	239	199	706
2062	955367	718	85	664
2063	956104	279	160	693
2064	956403	299	215	688
2065	956722	199	239	695
2066	957360	100	298	139
2067	957859	100	128	624
2068	958158	100	140	681
2069	958357	239	172	690
2070	958616	259	216	685
2071	958955	1097	115	688
2072	960072	259	180	705
2073	960351	319	236	707
2074	960710	239	177	723
2075	961069	120	138	701
2076	961208	379	123	706
2077	961647	219	225	712
2078	962086	219	246	691
2079	962325	179	237	702
2080	962564	439	142	710
2081	963022	319	133	702
2082	963361	179	187	716
2083	963561	279	202	736
2084	963860	917	188	735
2085	964797	239	170	720
2086	965056	179	219	712
2087	965256	140	198	744
2088	965634	120	193	729
2089	965774	239	140	719
2090	966053	159	137	689
2091	966272	140	164	674
2092	966631	179	725	680
2093	966870	259	699	630
2094	967509	518	185	718
2095	968047	778	194	737
2096	968844	817	135	746
2097	969682	1156	186	760
2098	970858	239	145	699
2099	971117	100	126	684
2100	971516	379	151	667
2101	971915	618	152	677
2102	972592	100	115	671
2103	972712	100	109	647
2104	973689	180	106	730
2105	973888	259	150	778
2106	974168	140	184	791
2107	974387	1017	106	783
2108	975424	399	158	802
2109	975842	1117	114	803
2110	976979	120	170	808
2111	977298	239	197	810
2112	977557	459	250	822
2113	978095	897	151	817
2114	979012	897	200	835
2115	979930	339	155	848
2116	980288	219	209	853
2117	980528	498	148	837
2118	981086	100	271	851
2119	981225	339	231	851
2120	981584	199	307	858
2121	982003	738	172	859
2122	982761	917	190	847
2123	983698	140	258	852
2124	983857	219	301	863
2125	984096	120	361	865
2126	984236	897	220	866
2127	985193	199	306	864
2128	985412	339	279	882
2129	985931	459	274	905
2130	986409	379	205	841
2131	986808	180	179	860
2132	987007	499	161	873
2133	987586	698	252	893
2134	988303	139	284	904
2135	988463	120	354	898
2136	988602	1136	225	900
2137	989759	279	183	832
2138	990257	1037	167	790
2139	991314	877	170	835
2140	992211	538	155	826
2141	992769	180	139	806
2142	992969	159	119	795
2143	993148	259	159	729
2144	993587	558	143	693
2145	994165	817	138	706
2146	995042	718	119	724
2147	995919	100	105	663
2148	996079	139	122	684
2149	996278	219	124	691
2150	996537	100	115	686
2151	996757	279	122	685
2152	997056	120	114	684
2153	997475	638	134	688
2154	998132	837	85	670
2155	999089	100	93	682
2156	999309	120	102	678
2157	999488	120	151	709
2158	999628	379	205	768
2159	1000286	219	134	804
2160	1000525	359	168	755
2161	1000904	299	138	731
2162	1001223	1356	146	797
2163	1002598	758	151	808
2164	1003635	379	196	771
2165	1004074	219	175	742
2166	1004353	2512	117	824
2167	1006925	100	119	750
2168	1007104	120	109	704
2169	1007623	140	155	822
2170	1007782	140	130	827
2171	1007942	279	177	744
2172	1008261	219	216	771
2173	1008500	140	233	770
2174	1008659	120	297	766
2175	1009258	120	88	612
2176	1009397	279	110	621
2177	1009696	100	103	548
2178	1010932	439	111	656
2179	1011451	160	723	678
2180	1011630	100	761	683
2181	1011750	399	753	697
2182	1012368	160	731	633
2183	1012567	578	762	669
2184	1013664	120	320	184
2185	1014202	239	271	212
2186	1014780	239	225	311
2187	1015518	199	723	648
2188	1015817	239	707	620
2189	1016076	419	728	609
2190	1016555	140	730	546
2191	1016714	120	684	515
2192	1017073	120	687	472
2193	1017651	479	752	618
2194	1018190	618	749	637
2195	1018828	160	780	652
2196	1019007	259	775	678
2197	1019286	598	766	694
2198	1019984	259	761	679
2199	1020462	678	769	669
2200	1021220	319	757	659
2201	1021559	199	720	649
2202	1021898	100	720	650
2203	1022057	179	754	679
2204	1022356	100	719	667
2205	1022476	179	722	659
2206	1022775	199	727	635
2207	1023014	140	754	636
2208	1023373	339	718	628
2209	1023792	120	712	537
2210	1024071	120	736	661
2211	1024211	279	725	660
2212	1024609	937	791	683
2213	1025566	219	789	699
2214	1025806	239	737	699
2215	1026065	239	732	704
2216	1026324	120	807	723
2217	1026464	419	815	728
2218	1026962	478	731	696
2219	1027580	518	800	708
2220	1028118	180	818	719
2221	1028318	199	857	720
2222	1028537	120	889	709
2223	1028717	638	755	678
2224	1029414	100	782	695
2225	1029793	678	759	693
2226	1030511	1156	775	699
2227	1031687	140	773	665
2228	1031926	279	756	742
2229	1032246	239	731	670
2230	1032505	957	728	649
2231	1033482	379	770	679
2232	1034040	399	790	691
2233	1034459	159	778	712
2234	1034638	778	783	737
2235	1035435	578	768	773
2236	1036054	758	775	806
2237	1036831	179	739	806
2238	1037030	778	798	840
2239	1037848	1216	729	799
2240	1039244	179	720	802
2241	1039463	279	726	800
2242	1039862	160	750	714
2243	1040141	818	763	805
2244	1040978	160	737	843
2245	1041158	558	715	843
2246	1041736	199	755	855
2247	1041975	439	807	854
2248	1042434	140	777	869
2249	1042673	239	755	787
2250	1043092	1077	773	870
2251	1044208	199	732	765
2252	1044427	140	725	736
2253	1044587	199	727	723
2254	1044906	279	719	730
2255	1045205	359	719	720
2256	1045584	678	713	731
2257	1046282	239	714	750
2258	1046541	239	723	574
2259	1046800	100	719	559
2260	1047238	160	719	548
2261	1047438	160	724	571
2262	1047617	339	720	570
2263	1047976	100	721	565
2264	1048295	419	746	728
2265	1048794	279	765	773
2266	1049093	479	719	704
2267	1049611	857	721	682
2268	1050488	658	731	719
2269	1051465	578	751	729
2270	1052063	1535	747	739
2271	1053618	239	765	800
2272	1053878	658	742	746
2273	1054576	100	734	744
2274	1054875	638	773	743
2275	1055532	259	825	740
2276	1055812	1156	748	738
2277	1057008	239	733	730
2278	1057267	120	744	727
2279	1057406	239	714	694
2280	1057666	379	763	726
2281	1058065	678	732	729
2282	1058762	179	770	739
2283	1058962	239	739	731
2284	1059380	279	717	678
2285	1059680	698	725	685
2286	1060397	419	768	696
2287	1060836	459	737	713
2288	1061314	239	774	770
2289	1061574	518	741	735
2290	1062132	219	768	733
2291	1062550	160	734	731
2292	1062730	439	712	841
2293	1063228	179	722	723
2294	1063428	100	746	714
2295	1063647	518	718	665
2296	1064684	100	191	682
2297	1064803	359	218	761
2298	1065182	199	159	733
2299	1065501	259	92	663
2300	1066119	100	67	614
2301	1066418	159	78	608
2302	1066957	120	53	586
2303	1067176	199	96	611
2304	1067495	239	79	527
2305	1068332	159	128	470
2306	1068671	159	90	644
2307	1069568	359	88	663
2308	1069947	598	127	697
2309	1070665	578	132	696
2310	1071383	120	173	723
2311	1071522	1156	187	764
2312	1072699	159	288	785
2313	1073197	179	737	659
2314	1073396	179	702	637
2315	1073636	100	701	564
2316	1074074	219	701	533
2317	1074314	538	723	652
2318	1074892	259	704	630
2319	1075709	140	721	633
2320	1076068	299	721	617
2321	1076686	219	731	663
2322	1077025	279	701	626
2323	1077344	658	734	699
2324	1078022	698	753	723
2325	1078740	718	751	781
2326	1079477	339	746	783
2327	1079876	279	726	798
2328	1080175	438	737	721
2329	1080674	100	745	791
2330	1080793	259	731	792
2331	1081072	140	711	852
2332	1081232	219	741	856
2333	1082249	120	679	162
2334	1082528	100	682	167
2335	1083226	259	517	198
2336	1083824	100	548	196
2337	1083963	140	551	191
2338	1084222	199	490	183
2339	1084482	399	520	191
2340	1084920	120	521	185
2341	1085698	100	487	151
2342	1086436	120	108	206
2343	1086974	140	362	185
2344	1087133	120	308	173
2345	1087572	120	383	184
2346	1088310	140	154	719
2347	1088569	259	132	662
2348	1088848	120	112	638
2349	1088988	100	174	725
2350	1089107	100	170	719
2351	1089287	319	188	821
2352	1089626	1655	148	823
2353	1091580	199	123	810
2354	1091839	538	104	691
2355	1092477	120	136	738
2356	1092616	359	123	814
2357	1092995	279	111	710
2358	1093294	339	141	731
2359	1093653	1455	135	723
2360	1095128	279	122	711
2361	1095428	359	121	703
2362	1096046	419	157	722
2363	1096564	299	769	720
2364	1096883	598	774	792
2365	1097501	598	763	840
2366	1098199	1236	713	851
2367	1100412	299	752	848
2368	1100830	558	737	746
2369	1101847	379	786	766
2370	1102346	818	752	764
2371	1103183	219	723	733
2372	1103462	279	775	638
2373	1103761	140	723	680
2374	1103941	120	724	712
2375	1104080	718	717	700
2376	1104818	379	723	697
2377	1105217	100	722	672
2378	1105356	140	712	686
2379	1105516	180	715	645
2380	1106892	219	748	639
2381	1107190	180	706	634
2382	1107510	120	695	632
2383	1107689	120	706	635
2384	1107888	239	733	638
2385	1108207	758	719	670
2386	1109045	120	730	713
2387	1109284	179	753	718
2388	1109643	120	762	736
2389	1109802	319	766	789
2390	1110141	1575	767	746
2391	1111736	479	746	765
2392	1112394	299	762	771
2393	1112853	817	748	777
2394	1113690	818	737	750
2395	1114647	339	720	693
2396	1115026	100	694	609
2397	1115146	179	699	533
2398	1115425	160	176	647
2399	1115604	180	146	723
2400	1115903	179	107	698
2401	1117020	259	85	595
2402	1119014	120	755	513
2403	1119552	239	97	613
2404	1119831	279	54	601
2405	1120130	120	89	612
2406	1122622	160	87	601
2407	1122822	199	126	633
2408	1123041	160	99	629
2409	1123220	379	87	622
2410	1123978	239	91	638
2411	1124237	798	104	680
2412	1125054	219	98	690
2413	1125294	518	126	744
2414	1125832	299	171	750
2415	1126570	140	164	714
2416	1126729	578	146	725
2417	1127586	100	732	648
2418	1127706	199	704	619
2419	1128703	219	714	621
2420	1128962	140	721	638
2421	1129122	299	727	634
2422	1129501	120	720	663
2423	1129700	578	732	695
2424	1130298	279	741	714
2425	1130597	299	738	752
2426	1130916	199	780	750
2427	1131135	598	740	753
2428	1132810	100	480	184
2429	1133408	120	469	172
2430	1133907	100	484	180
2431	1134106	618	589	184
2432	1134764	339	592	181
2433	1135402	140	579	269
2434	1135900	140	485	186
2435	1136100	179	512	202
2436	1136299	180	511	199
2437	1136499	219	508	207
2438	1137236	160	326	200
2439	1138851	179	366	218
2440	1139310	199	143	687
2441	1139529	459	160	728
2442	1140008	120	140	710
2443	1140147	219	118	721
2444	1140526	498	135	681
2445	1141124	299	92	653
2446	1141523	778	82	656
2447	1142320	100	136	668
2448	1142440	339	152	687
2449	1142978	618	97	658
2450	1143716	299	144	677
2451	1144035	120	138	707
2452	1144593	778	115	725
2453	1145391	140	114	720
2454	1145610	359	173	746
2455	1145989	140	206	747
2456	1146148	219	145	731
2457	1146388	598	171	749
2458	1147165	758	774	757
2459	1147943	339	774	730
2460	1148302	279	759	702
2461	1148601	319	762	686
2462	1149039	439	758	711
2463	1149498	479	751	715
2464	1149996	239	776	729
2465	1150515	179	740	737
2466	1150734	259	732	747
2467	1151013	299	735	750
2468	1151412	219	743	717
2469	1151651	439	777	731
2470	1152110	179	803	740
2471	1152309	219	822	762
2472	1152548	439	819	721
2473	1153007	279	774	728
2474	1153306	180	874	717
2475	1153824	977	740	717
2476	1154881	120	801	726
2477	1155120	180	817	739
2478	1155320	1316	769	732
2479	1156715	239	245	725
2480	1157154	140	176	633
2481	1157393	160	92	613
2482	1157572	100	138	642
2483	1157712	1196	115	615
2484	1158928	718	114	676
2485	1159666	299	134	709
2486	1159985	578	159	735
2487	1160583	219	193	748
2488	1161022	160	716	632
2489	1161201	219	690	613
2490	1161440	199	674	608
2491	1161660	618	691	596
2492	1162318	100	691	615
2493	1162457	219	737	617
2494	1162696	140	733	612
2495	1162856	419	719	621
2496	1163354	937	725	671
2497	1164431	339	750	700
2498	1164790	140	706	682
2499	1164950	179	715	666
2500	1165189	1794	765	724
2501	1167003	199	787	730
2502	1167242	219	738	746
2503	1167482	439	763	746
2504	1167940	219	816	746
2505	1168598	199	515	211
2506	1168837	179	635	226
2507	1169136	179	659	230
2508	1169336	379	660	225
2509	1169734	279	667	229
2510	1170034	339	516	243
2511	1170432	299	573	266
2512	1170751	359	515	237
2513	1171130	738	559	254
2514	1171928	120	200	226
2515	1172326	100	112	323
2516	1172506	419	344	235
2517	1173124	199	299	205
2518	1173403	279	121	261
2519	1173762	120	114	274
2520	1174001	139	151	275
2521	1174420	179	271	204
2522	1174619	538	312	191
2523	1175177	199	367	201
2524	1175975	120	153	254
2525	1176593	279	149	652
2526	1176892	199	158	671
2527	1177111	160	190	718
2528	1177291	120	188	731
2529	1177430	159	208	723
2530	1177610	419	196	763
2531	1178048	219	223	759
2532	1178288	917	239	747
2533	1179364	319	799	731
2534	1179703	738	807	759
2535	1180461	319	846	770
2536	1180800	678	807	744
2537	1181498	199	760	716
2538	1181717	498	782	801
2539	1182255	279	752	711
2540	1182554	259	763	695
2541	1182833	538	760	663
2542	1183412	159	756	646
2543	1183591	618	719	644
2544	1184508	419	721	710
2545	1184947	538	772	725
2546	1185505	718	732	714
2547	1186243	239	737	793
2548	1186502	219	783	799
2549	1186741	239	816	801
2550	1187000	179	887	793
2551	1187200	219	782	811
2552	1187439	299	816	827
2553	1187758	160	763	821
2554	1187937	339	726	827
2555	1188296	618	771	827
2556	1188934	239	749	728
2557	1189194	299	733	727
2558	1189592	379	731	729
2559	1190091	239	763	756
2560	1190469	140	716	608
2561	1190768	419	173	742
2562	1191207	279	110	612
2563	1191506	279	166	607
2564	1191805	379	76	599
2565	1192363	120	95	609
2566	1192523	199	111	623
2567	1192762	1376	110	643
2568	1194158	977	113	684
2569	1195155	578	170	735
2570	1195753	239	180	750
2571	1196231	219	739	651
2572	1196570	180	696	623
2573	1196869	439	723	615
2574	1197328	179	742	619
2575	1197527	319	733	644
2576	1197866	538	725	679
2577	1198424	179	726	699
2578	1198644	758	737	726
2579	1199421	718	757	750
2580	1200159	299	778	746
2581	1200478	219	757	748
2582	1200717	319	751	757
2583	1201654	100	504	202
2584	1201774	359	560	202
2585	1202173	339	558	200
2586	1202532	159	655	209
2587	1202731	598	663	207
2588	1203349	160	666	214
2589	1203528	379	592	233
2590	1203927	319	586	242
2591	1204266	100	527	224
2592	1204725	279	550	215
2593	1205024	199	555	216
2594	1205263	179	289	200
2595	1205462	359	325	206
2596	1205901	120	134	272
2597	1206120	120	136	276
2598	1206320	140	302	203
2599	1206519	219	172	244
2600	1206818	419	314	203
2601	1207257	339	340	202
2602	1207616	160	141	228
2603	1207815	100	128	287
2604	1208234	120	262	189
2605	1208473	678	303	207
2606	1209171	219	352	205
2607	1209490	160	308	197
2608	1209669	239	306	196
2609	1209928	140	324	197
2610	1210088	199	355	212
2611	1211384	219	282	191
2612	1211623	179	347	201
2613	1211842	219	101	233
2614	1212281	738	157	699
2615	1213039	319	199	745
2616	1213378	479	182	741
2617	1213876	359	187	784
2618	1214354	179	177	781
2619	1214654	179	198	793
2620	1214853	419	192	796
2621	1215292	100	222	770
2622	1215591	179	800	723
2623	1215790	319	775	733
2624	1216149	160	801	734
2625	1216328	239	838	733
2626	1216588	439	779	761
2627	1217046	977	754	677
2628	1218083	698	761	703
2629	1218801	419	748	702
2630	1219239	478	795	716
2631	1219738	558	742	717
2632	1220316	299	740	720
2633	1220675	618	776	745
2634	1221313	738	736	748
2635	1222170	219	804	756
2636	1222409	638	809	772
2637	1223067	299	738	751
2638	1223386	199	798	765
2639	1223745	479	918	759
2640	1224244	319	803	768
2641	1224582	837	749	759
2642	1225480	1077	824	797
2643	1226576	339	802	774
2644	1226975	518	746	775
2645	1227633	219	830	799
2646	1227872	1236	835	850
2647	1229128	120	882	868
2648	1229268	678	762	770
2649	1229966	379	775	802
2650	1230364	598	728	800
2651	1230982	518	793	812
2652	1231521	379	869	819
2653	1231920	140	934	814
2654	1232099	1037	736	823
2655	1233156	977	820	856
2656	1234152	279	844	861
2657	1234452	179	824	868
2658	1234810	1236	802	865
2659	1236066	518	755	864
2660	1236605	419	757	865
2661	1237043	1874	827	843
2662	1238958	439	822	768
2663	1239416	817	765	769
2664	1240333	160	762	819
2665	1240672	160	767	809
2666	1240852	857	773	864
2667	1241729	239	813	872
2668	1241988	179	855	862
2669	1242187	379	773	881
2670	1242586	479	809	884
2671	1243084	479	835	905
2672	1243583	519	760	885
2673	1244121	558	770	901
2674	1244719	1136	832	909
2675	1245876	1017	768	888
2676	1247112	120	794	899
2677	1247252	259	810	904
2678	1247530	1136	744	916
2679	1248687	279	781	921
2680	1248986	937	812	925
2681	1249943	120	756	919
2682	1250082	538	746	909
2683	1250900	778	772	805
2684	1251697	279	843	789
2685	1251996	419	778	781
2686	1252435	738	769	742
2687	1253193	239	749	709
2688	1253452	259	753	686
2689	1253791	179	765	676
2690	1253990	279	725	690
2691	1254289	100	722	706
2692	1254409	199	754	719
2693	1254628	180	778	718
2694	1254828	179	847	714
2695	1255027	439	728	719
2696	1255486	439	729	722
2697	1255944	778	797	740
2698	1256782	120	795	753
2699	1256921	140	831	765
2700	1257081	618	754	767
2701	1257718	180	792	756
2702	1258097	379	802	750
2703	1258496	678	794	770
2704	1259194	180	840	779
2705	1259393	877	777	780
2706	1260290	180	760	756
2707	1260490	279	741	755
2708	1260789	678	787	732
2709	1261646	120	873	750
2710	1261786	180	897	760
2711	1262045	139	1112	757
2712	1262204	100	1089	773
2713	1262384	459	766	749
2714	1262862	299	729	753
2715	1263182	439	762	748
2716	1263640	399	832	750
2717	1264059	199	888	755
2718	1264298	279	774	764
2719	1264597	618	793	792
2720	1265235	239	828	785
2721	1265494	279	913	785
2722	1265793	239	766	779
2723	1266352	100	773	623
2724	1266551	100	760	628
2725	1266671	399	759	632
2726	1267109	339	769	647
2727	1267548	877	764	672
2728	1268445	120	776	698
2729	1268584	160	809	696
2730	1268764	120	874	689
2731	1268943	718	720	693
2732	1269721	598	778	706
2733	1270538	140	772	766
2734	1270698	119	777	824
2735	1270837	578	767	818
2736	1271436	479	775	758
2737	1272034	279	741	706
2738	1272333	179	745	712
2739	1272532	379	737	712
2740	1272931	678	779	747
2741	1273629	479	777	835
2742	1274127	738	775	780
2743	1274925	120	716	673
2744	1275064	239	731	675
2745	1275323	538	729	683
2746	1275882	140	768	696
2747	1276201	160	786	689
2748	1276400	159	760	708
2749	1276580	100	720	704
2750	1276699	120	723	702
2751	1276838	180	800	716
2752	1277038	479	787	728
2753	1277536	179	758	744
2754	1277935	180	849	746
2755	1278135	120	747	742
2756	1278274	1655	749	768
2757	1279969	1575	729	824
2758	1281564	140	774	839
2759	1281723	299	789	746
2760	1282202	140	230	750
2761	1282361	179	187	761
2762	1282561	160	158	757
2763	1282919	140	761	709
2764	1283099	120	732	632
2765	1283238	279	726	616
2766	1283578	159	165	595
2767	1283757	379	143	652
2768	1284176	937	93	617
2769	1285132	159	93	622
2770	1285412	339	95	655
2771	1285771	140	92	669
2772	1285950	259	92	668
2773	1286229	538	107	703
2774	1286787	1017	156	746
2775	1288004	100	759	612
2776	1288263	179	720	635
2777	1288542	199	688	600
2778	1289001	219	708	599
2779	1289539	180	747	618
2780	1289798	140	757	629
2781	1289957	219	742	645
2782	1290236	439	733	691
2783	1290695	120	764	695
2784	1290835	558	748	717
2785	1291552	140	754	717
2786	1291752	100	737	715
2787	1291872	678	762	735
2788	1292569	259	803	756
2789	1292848	279	751	799
2790	1293347	179	520	227
2791	1293546	160	517	213
2792	1293845	120	638	209
2793	1293985	498	659	216
2794	1294543	997	662	222
2795	1295660	319	604	247
2796	1296238	100	527	232
2797	1296437	419	556	243
2798	1297334	598	302	220
2799	1298072	159	317	189
2800	1298271	140	129	201
2801	1298730	219	128	217
2802	1299029	558	310	180
2803	1299607	219	128	271
2804	1299846	179	233	258
2805	1300046	100	316	264
2806	1300444	299	120	302
2807	1300804	180	174	272
2808	1301023	239	249	266
2809	1301282	100	258	281
2810	1301402	379	316	221
2811	1301800	179	316	207
2812	1302000	159	102	224
2813	1302279	160	318	262
2814	1302458	359	317	272
2815	1302837	179	289	179
2816	1303455	120	112	254
2817	1304113	100	116	330
2818	1304253	419	145	286
2819	1304751	100	220	281
2820	1304871	159	239	284
2821	1305070	259	323	280
2822	1305548	139	504	188
2823	1305848	279	103	211
2824	1306147	259	311	218
2825	1306506	140	309	216
2826	1307243	180	351	182
2827	1307802	279	83	173
2828	1308101	179	121	202
2829	1308300	279	286	190
2830	1308679	439	116	214
2831	1309197	179	286	220
2832	1309397	179	316	215
2833	1310214	120	188	639
2834	1310354	419	162	662
2835	1311051	259	183	759
2836	1311350	877	194	772
2837	1312288	778	180	794
2838	1313284	259	775	712
2839	1313584	758	794	794
2840	1314361	917	857	781
2841	1315298	498	794	786
2842	1315856	199	753	737
2843	1316096	259	728	807
2844	1316375	419	734	790
2845	1316873	857	756	747
2846	1317750	100	745	720
2847	1317870	379	723	715
2848	1318269	359	713	666
2849	1318648	419	731	811
2850	1319086	179	748	782
2851	1319286	299	791	811
2852	1319605	239	824	780
2853	1320362	179	103	628
2854	1320582	100	77	615
2855	1321060	917	131	631
2856	1321997	399	97	646
2857	1322416	120	82	635
2858	1322555	778	89	651
2859	1323353	279	93	663
2860	1323652	638	122	680
2861	1324350	578	140	718
2862	1324948	279	177	778
2863	1325586	100	721	635
2864	1325765	179	695	613
2865	1326084	160	702	609
2866	1326304	239	706	615
2867	1326563	179	710	596
2868	1326762	179	723	614
2869	1326961	120	732	626
2870	1327121	180	740	629
2871	1327560	179	722	692
2872	1327759	1874	769	739
2873	1329753	100	844	777
2874	1329872	399	818	758
2875	1330291	538	793	775
2876	1330869	179	237	752
2877	1331069	239	179	749
2878	1331447	239	787	756
2879	1331846	897	762	758
2880	1332923	219	767	754
2881	1333162	1316	776	774
2882	1334498	160	759	758
2883	1334677	180	756	760
2884	1334877	578	784	771
2885	1335554	518	164	739
2886	1336252	140	786	735
2887	1336412	219	754	735
2888	1336651	279	800	746
2889	1336950	199	834	749
2890	1337249	279	207	723
2891	1337548	140	141	718
2892	1337728	479	179	725
2893	1338266	140	776	731
2894	1338446	1475	791	766
2895	1340160	339	816	778
2896	1340559	279	170	746
2897	1340858	479	189	783
2898	1341376	1017	763	767
2899	1342413	259	787	776
2900	1342872	120	777	746
2901	1343011	339	734	721
2902	1343410	160	187	726
2903	1343669	179	182	789
2904	1343868	678	147	710
2905	1344566	239	122	710
2906	1345104	140	161	710
2907	1345444	199	147	721
2908	1345922	199	767	714
2909	1346241	319	822	718
2910	1346580	339	868	718
2911	1346939	518	795	726
2912	1347477	180	838	730
2913	1347736	399	787	767
2914	1348155	180	832	776
2915	1348534	937	189	778
2916	1349491	319	208	778
2917	1349830	199	151	767
2918	1350069	140	147	754
2919	1350228	259	148	721
2920	1350807	219	190	776
2921	1351046	538	219	784
2922	1351624	419	88	633
2923	1352063	219	62	607
2924	1352302	199	57	598
2925	1352601	558	47	601
2926	1353438	339	74	589
2927	1353857	658	56	611
2928	1354595	419	66	619
2929	1355034	1974	112	682
2930	1357027	299	156	732
2931	1357346	199	197	790
2932	1357805	379	709	679
2933	1358204	140	772	778
2934	1358403	100	770	776
2935	1358842	1176	759	760
2936	1360038	159	769	786
2937	1360217	259	742	731
2938	1360696	219	705	611
2939	1361134	199	682	591
2940	1361394	179	689	583
2941	1361593	219	712	602
2942	1361852	120	731	636
2943	1361992	140	720	638
2944	1362430	239	728	712
2945	1362690	299	746	718
2946	1363008	478	767	757
2947	1363926	100	536	153
2948	1364225	160	305	169
2949	1364424	199	111	191
2950	1364703	179	605	156
2951	1364962	1037	671	185
2952	1366039	638	559	195
2953	1366697	419	586	210
2954	1367136	120	606	210
2955	1367335	339	562	192
2956	1367694	139	595	203
2957	1367993	100	597	215
2958	1368511	100	140	149
2959	1368890	558	126	249
2960	1369967	299	204	203
2961	1370346	160	208	203
2962	1371063	319	164	186
2963	1371901	120	322	187
2964	1372180	100	521	180
2965	1372399	100	561	190
2966	1372678	100	288	144
2967	1373994	140	211	40
2968	1374712	219	185	788
2969	1374951	259	154	793
2970	1375250	139	128	703
2971	1375410	459	152	696
2972	1375888	160	214	702
2973	1376068	578	118	724
2974	1376666	1017	138	711
2975	1377702	140	112	711
2976	1377862	199	96	669
2977	1378460	159	93	660
2978	1378699	738	106	672
2979	1379457	479	101	675
2980	1379955	199	165	684
2981	1380374	140	786	691
2982	1380534	219	761	679
2983	1380813	259	727	678
2984	1381211	339	721	681
2985	1381590	100	725	683
2986	1381830	279	802	748
2987	1382148	439	763	793
2988	1382627	180	773	786
2989	1382846	279	752	676
2990	1383225	100	754	630
2991	1383484	100	752	605
2992	1383724	179	729	593
2993	1384242	140	720	616
2994	1384880	359	772	641
2995	1385279	160	772	654
2996	1385478	399	770	666
2997	1386216	339	767	685
2998	1386734	119	714	665
2999	1387472	100	695	578
3000	1388708	877	700	629
3001	1389784	1117	731	646
3002	1390961	798	785	679
3003	1391778	778	789	737
3004	1392576	259	778	701
3005	1392855	159	777	686
3006	1393254	518	783	696
3007	1393792	259	776	758
3008	1394071	160	806	749
3009	1394330	140	711	640
3010	1394669	199	763	664
3011	1394948	658	724	659
3012	1395686	319	772	683
3013	1396065	259	782	688
3014	1396444	160	775	699
3015	1396623	558	778	674
3016	1397361	937	793	703
3017	1398318	259	754	699
3018	1398597	319	779	686
3019	1398936	140	747	693
3020	1399115	199	734	701
3021	1399335	179	752	680
3022	1399594	618	743	687
3023	1400232	279	734	700
3024	1400810	160	782	711
3025	1400990	399	814	709
3026	1401607	359	737	689
3027	1402046	419	747	692
3028	1402485	299	791	700
3029	1402943	399	815	706
3030	1403362	139	824	701
3031	1403541	179	896	686
3032	1403800	1316	755	697
3033	1405136	598	816	713
3034	1405754	658	799	724
3035	1406592	160	773	701
3036	1406931	259	776	725
3037	1407210	100	791	721
3038	1407329	758	796	722
3039	1408127	518	781	706
3040	1408665	439	764	709
3041	1409144	359	826	715
3042	1409523	259	833	732
3043	1409902	199	888	731
3044	1410141	140	785	734
3045	1410420	159	747	675
3046	1410818	100	763	687
3047	1411038	179	753	681
3048	1411257	359	746	685
3049	1411636	239	736	688
3050	1411895	598	745	682
3051	1412713	279	776	709
3052	1413012	179	831	704
3053	1413251	439	739	712
3054	1413710	618	749	723
3055	1414348	239	803	737
3056	1414646	239	879	738
3057	1414946	498	769	757
3058	1415464	1715	773	843
3059	1417199	558	742	873
3060	1417777	239	748	868
3061	1418036	379	727	739
3062	1418435	877	715	676
3063	1419352	439	713	684
3064	1419950	479	749	697
3065	1420448	179	763	752
3066	1420727	120	740	733
3067	1420867	219	736	730
3068	1421126	219	774	722
3069	1421366	319	715	703
3070	1421724	379	751	709
3071	1422123	299	733	715
3072	1422442	140	736	732
3073	1422602	179	758	717
3074	1422801	319	766	810
3075	1423419	160	675	600
3076	1423678	199	171	611
3077	1423918	100	91	631
3078	1424137	140	83	619
3079	1424296	160	90	610
3080	1424476	219	97	618
3081	1424715	159	109	602
3082	1424894	658	116	627
3083	1425572	618	130	632
3084	1426210	339	100	631
3085	1426888	259	105	624
3086	1427167	478	111	664
3087	1427666	379	108	669
3088	1428064	758	135	707
3089	1429101	120	693	581
3090	1429520	100	683	582
3091	1429719	160	696	587
3092	1430198	120	714	599
3093	1430417	319	726	620
3094	1430796	140	729	637
3095	1430995	140	728	634
3096	1431195	678	728	653
3097	1432092	179	732	688
3098	1432311	857	739	717
3099	1433188	120	783	707
3100	1433408	160	745	716
3101	1433607	558	738	717
3102	1434345	219	720	705
3103	1434584	538	750	706
3104	1435182	339	759	713
3105	1435541	698	745	710
3106	1436259	558	738	710
3107	1436857	399	750	808
3108	1437276	738	775	825
3109	1438033	140	789	818
3110	1438193	180	746	846
3111	1438392	419	760	832
3112	1438851	219	739	862
3113	1439748	399	165	718
3114	1440167	120	232	711
3115	1440346	199	126	705
3116	1440645	139	731	788
3117	1440805	379	752	826
3118	1441243	100	578	170
3119	1441363	120	542	178
3120	1441702	120	610	186
3121	1441901	120	608	177
3122	1442340	120	600	173
3123	1442698	120	659	195
3124	1443596	100	197	682
3125	1443716	279	173	689
3126	1444094	379	755	716
3127	1444493	339	763	718
3128	1444892	239	722	635
3129	1445151	140	723	615
3130	1445330	179	705	609
3131	1445789	140	71	632
3132	1446028	399	57	623
3133	1446507	140	696	616
3134	1446686	100	702	631
3135	1446945	120	703	608
3136	1447085	179	723	632
3137	1447284	120	724	656
3138	1447882	120	691	626
3139	1448202	120	715	685
3140	1448600	120	746	716
3141	1448919	180	729	725
3142	1449138	279	723	727
3143	1449438	239	753	730
3144	1449697	478	744	700
3145	1450195	479	760	712
3146	1450753	140	767	725
3147	1450913	758	771	821
3148	1451690	279	773	822
3149	1452030	179	176	720
3150	1452229	758	142	705
3151	1453006	279	244	715
3152	1453305	558	134	704
3153	1453884	359	81	621
3154	1454761	299	103	617
3155	1455259	100	90	630
3156	1455379	279	113	643
3157	1455678	100	116	652
3158	1455877	100	149	308
3159	1456555	120	597	157
3160	1456695	259	589	159
3161	1457293	299	668	170
3162	1457612	558	678	143
3163	1458270	120	507	177
3164	1458469	299	543	198
3165	1458788	120	469	158
3166	1460463	140	196	197
3167	1460762	279	206	193
3168	1461081	100	187	182
3169	1461560	339	498	142
3170	1461918	120	434	128
3171	1462098	160	171	163
3172	1462317	100	202	205
3173	1462636	160	172	171
3174	1462855	100	327	185
3175	1463314	140	311	192
3176	1463613	100	150	655
3177	1463753	159	157	667
3178	1463932	120	159	693
3179	1464072	618	179	713
3180	1464710	479	161	718
3181	1465208	120	197	729
3182	1465407	120	146	678
3183	1465647	299	135	680
3184	1465966	419	161	716
3185	1466404	279	225	714
3186	1466704	159	143	731
3187	1466903	598	111	718
3188	1467521	478	128	670
3189	1468019	319	139	678
3190	1468358	618	87	686
3191	1468996	279	165	756
3192	1469295	219	204	739
3193	1469554	120	166	701
3194	1469794	419	154	686
3195	1470611	279	158	664
3196	1470910	578	98	680
3197	1471508	459	181	680
3198	1472007	100	238	685
3199	1472166	837	159	693
3200	1473024	239	230	705
3201	1473323	1156	123	701
3202	1474499	219	113	699
3203	1474898	538	193	702
3204	1475476	179	253	715
3205	1475695	578	110	680
3206	1476293	1017	158	671
3207	1477350	877	104	679
3208	1478247	379	168	690
3209	1478646	180	192	685
3210	1479124	837	127	699
3211	1480201	319	189	699
3212	1480560	259	243	700
3213	1480998	897	127	686
3214	1481916	379	115	680
3215	1482314	299	115	657
3216	1482633	598	138	687
3217	1483252	179	221	699
3218	1483451	379	106	693
3219	1483850	359	180	695
3220	1484228	299	163	722
3221	1484548	219	216	714
3222	1485006	379	113	720
3223	1485504	399	183	741
3224	1485923	180	234	754
3225	1486222	279	109	713
3226	1486581	538	90	707
3227	1487139	399	108	713
3228	1487558	319	169	717
3229	1488216	199	160	701
3230	1488435	180	243	717
3231	1488635	1037	165	709
3232	1489731	738	108	710
3233	1490489	618	145	700
3234	1491127	179	158	704
3235	1491326	140	234	708
3236	1491526	279	118	712
3237	1492243	120	102	723
3238	1492383	219	127	732
3239	1492622	100	123	725
3240	1492762	239	188	755
3241	1493021	160	208	749
3242	1493200	180	192	757
3243	1493400	199	236	754
3244	1493619	319	185	771
3245	1493958	518	110	713
3246	1494496	738	120	713
3247	1495832	160	118	198
3248	1496012	179	123	211
3249	1496231	259	127	247
3250	1496510	379	164	202
3251	1496929	658	153	679
3252	1497606	339	169	697
3253	1497966	239	246	701
3254	1498224	160	163	714
3255	1498404	499	142	712
3256	1498922	319	187	712
3257	1499261	459	197	734
3258	1499740	439	167	746
3259	1500358	339	150	737
3260	1500717	618	237	741
3261	1501355	1336	266	786
3262	1502710	459	207	787
3263	1503189	797	218	797
3264	1504006	419	292	804
3265	1504465	419	229	800
3266	1504904	160	312	817
3267	1505083	199	307	823
3268	1505302	758	222	823
3269	1506080	638	294	848
3270	1506957	219	255	794
3271	1507196	538	215	742
3272	1507755	2552	203	778
3273	1510386	140	164	743
3274	1510546	758	156	748
3275	1511583	120	199	762
3276	1511742	140	225	760
3277	1511902	219	288	758
3278	1512141	299	243	765
3279	1512460	618	162	760
3280	1513098	738	213	773
3281	1513856	140	317	757
3282	1514135	359	148	755
3283	1514513	299	152	761
3284	1514832	339	178	720
3285	1515191	618	132	716
3286	1516049	538	152	723
3287	1516607	199	238	735
3288	1516826	319	124	741
3289	1517384	199	171	764
3290	1517604	339	200	754
3291	1517963	518	286	754
3292	1518501	818	153	764
3293	1519338	1037	126	718
3294	1520554	100	136	693
3295	1520674	658	104	678
3296	1521352	279	155	680
3297	1521651	698	129	710
3298	1522369	718	162	736
3299	1523106	798	91	759
3300	1523944	140	97	701
3301	1524422	180	757	695
3302	1524622	180	733	659
3303	1524821	120	765	660
3304	1524961	299	753	664
3305	1525340	100	733	643
3306	1525479	319	718	633
3307	1525918	100	249	153
3308	1526257	140	288	244
3309	1526815	140	757	674
3310	1526974	219	723	635
3311	1527214	219	726	640
3312	1527493	199	729	642
3313	1527812	399	753	658
3314	1528230	219	746	644
3315	1528589	319	727	679
3316	1529068	239	716	687
3317	1529327	678	724	684
3318	1530124	299	764	643
3319	1530643	299	185	726
3320	1531042	180	286	736
3321	1531241	279	147	704
3322	1531540	179	141	666
3323	1531859	199	295	184
3324	1532078	100	260	238
3325	1532716	219	113	611
3326	1533015	100	89	634
3327	1533235	140	87	622
3328	1533394	180	135	671
3329	1533594	179	131	681
3330	1533972	159	742	661
3331	1534351	339	683	615
3332	1534970	159	704	606
3333	1535149	279	710	630
3334	1535488	160	729	650
3335	1535747	279	760	657
3336	1536465	179	76	590
3337	1536684	459	69	610
3338	1537162	479	115	649
3339	1537721	120	110	646
3340	1537860	299	52	646
3341	1538179	638	116	684
3342	1538837	459	117	701
3343	1539316	219	145	728
3344	1540133	179	463	146
3345	1540352	538	583	182
3346	1540970	100	595	178
3347	1541090	179	604	104
3348	1541389	179	600	117
3349	1541748	160	597	122
3350	1542406	100	519	187
3351	1542605	120	519	190
3352	1543024	120	474	168
3353	1543303	100	464	167
3354	1543502	698	515	177
3355	1544519	100	289	193
3356	1545217	180	135	225
3357	1546214	179	369	203
3358	1546992	100	110	655
3359	1547111	538	137	661
3360	1547670	299	160	721
3361	1547988	180	216	733
3362	1548188	339	152	749
3363	1548547	259	252	734
3364	1548826	279	290	729
3365	1549364	279	162	702
3366	1549663	479	141	659
3367	1550301	219	753	711
3368	1550580	259	764	660
3369	1550860	160	781	667
3370	1551039	219	760	658
3371	1552036	379	203	180
3372	1553092	1196	159	661
3373	1554309	1136	103	663
3374	1555505	299	180	694
3375	1555884	419	241	691
3376	1556322	100	128	706
3377	1556442	439	89	687
3378	1557160	778	168	692
3379	1557957	179	172	724
3380	1558176	359	289	732
3381	1558555	319	164	732
3382	1558894	339	165	738
3383	1559253	499	148	754
3384	1559812	160	153	756
3385	1560091	359	202	754
3386	1560470	738	182	758
3387	1561386	199	140	752
3388	1561606	199	140	791
3389	1561825	399	123	714
3390	1562244	419	101	679
3391	1562922	100	770	691
3392	1563320	100	706	639
3393	1563520	140	728	637
3394	1563719	279	704	635
3395	1564058	279	254	586
3396	1564397	199	179	723
3397	1566092	160	568	183
3398	1566271	319	566	183
3399	1566610	678	570	183
3400	1567368	179	566	177
3401	1567986	319	571	125
3402	1568444	857	565	187
3403	1570239	259	555	211
3404	1570578	658	564	210
3405	1571256	618	569	201
3406	1572113	459	662	239
3407	1572611	419	648	245
3408	1573130	459	662	246
3409	1573768	279	536	213
3410	1574107	299	290	226
3411	1574446	140	127	212
3412	1574645	159	622	235
3413	1574824	140	647	236
3414	1575124	598	655	161
3415	1575742	1396	669	175
3416	1577177	458	577	227
3417	1577695	239	567	224
3418	1578094	100	488	169
3419	1578214	199	499	177
3420	1578712	140	529	198
3421	1578971	558	514	256
3422	1579709	100	513	145
3423	1579849	100	315	155
3424	1580307	100	529	208
3425	1580726	259	565	276
3426	1581005	299	575	272
3427	1581324	100	500	256
3428	1581444	140	504	257
3429	1581763	139	639	293
3430	1581942	100	645	296
3431	1583418	399	488	266
3432	1584474	459	467	241
3433	1585650	239	466	198
3434	1585969	140	472	166
3435	1586647	140	463	147
3436	1586847	140	467	147
3437	1587963	279	467	126
3438	1588282	219	466	102
3439	1588980	259	498	247
3440	1589259	219	492	263
3441	1589558	219	279	248
3442	1589798	100	289	226
3443	1589957	140	433	88
3444	1590156	100	181	89
3445	1590575	379	496	227
3446	1590974	120	468	214
3447	1591173	159	456	187
3448	1591392	100	453	189
3449	1592250	100	137	237
3450	1592389	199	232	241
3451	1592649	120	267	254
3452	1594264	578	236	199
3453	1594862	199	266	239
3454	1595121	120	281	153
3455	1595260	339	343	198
3456	1595619	160	345	198
3457	1595799	179	351	193
3458	1595998	100	247	216
3459	1596935	120	160	200
3460	1597154	100	123	192
3461	1597374	120	83	188
3462	1597912	120	278	205
3463	1598450	100	190	244
3464	1598570	100	222	218
3465	1598690	159	233	204
3466	1598869	778	318	218
3467	1599746	698	174	680
3468	1600584	239	759	659
3469	1600903	239	785	663
3470	1601162	100	767	670
3471	1601760	399	283	207
3472	1602198	299	335	184
3473	1602936	379	1158	368
3474	1603435	160	1152	378
3475	1603734	179	1160	381
3476	1603933	160	1196	278
3477	1604132	279	1250	293
3478	1604591	379	1180	416
3479	1605847	179	236	221
3480	1607123	160	117	181
3481	1607382	100	145	129
3482	1608000	279	188	145
3483	1608379	618	191	150
3484	1609057	598	323	155
3485	1610114	160	489	179
3486	1610413	100	497	167
3487	1610532	140	503	188
3488	1611908	120	232	228
3489	1612128	160	293	167
3490	1612327	160	270	250
3491	1612546	100	272	172
3492	1613603	180	132	641
3493	1613822	798	150	661
3494	1614640	239	200	711
3495	1614978	100	163	728
3496	1615417	140	753	644
3497	1615577	279	754	652
3498	1615876	179	757	652
3499	1616175	120	483	584
3500	1616374	120	458	588
3501	1616514	279	474	763
3502	1616813	140	490	781
3503	1617471	219	462	99
3504	1617770	140	179	637
3505	1617969	239	136	664
3506	1618228	299	208	729
3507	1618866	219	126	713
3508	1619106	100	138	713
3509	1619245	239	176	727
3510	1619524	179	301	734
3511	1619744	239	482	777
3512	1620003	239	490	785
3513	1620302	299	748	682
3514	1620720	399	1098	761
3515	1621398	179	334	122
3516	1622016	120	450	143
3517	1622216	259	437	131
3518	1622495	160	452	92
3519	1623013	100	154	189
3520	1623153	199	255	140
3521	1623412	199	366	161
3522	1624309	140	187	145
3523	1624508	219	171	172
3524	1625884	239	612	139
3525	1626263	100	558	144
3526	1627300	159	475	113
3527	1627858	100	474	143
3528	1628875	140	710	203
3529	1629034	179	749	164
3530	1629672	140	810	168
3531	1629991	140	674	168
3532	1630151	219	705	191
3533	1630669	179	472	125
3534	1632085	339	500	120
3535	1632643	299	500	184
3536	1633460	199	488	125
3537	1633859	160	497	121
3538	1634497	897	496	135
3539	1635454	199	609	218
3540	1636312	100	289	144
3541	1636491	100	289	108
3542	1636750	140	359	174
3543	1637089	100	311	216
3544	1637209	140	296	258
3545	1637488	179	285	243
3546	1638624	120	102	268
3547	1638784	100	116	228
3548	1639442	120	258	197
3549	1639661	259	115	633
3550	1639940	100	138	658
3551	1640060	100	142	658
3552	1640180	199	168	663
3553	1640399	159	143	680
3554	1640618	100	675	634
3555	1640778	299	758	652
3556	1641116	160	506	735
3557	1641296	359	477	768
3558	1641675	140	483	769
3559	1642193	180	1082	759
3560	1642612	120	212	733
3561	1642971	100	288	204
3562	1643090	199	401	199
3563	1643390	179	263	202
3564	1643689	100	226	204
3565	1643948	120	262	206
3566	1644127	239	259	199
3567	1644406	100	88	258
3568	1645024	259	584	968
3569	1645303	279	551	973
3570	1645802	139	404	998
3571	1646440	299	304	199
3572	1646998	120	433	150
3573	1648115	120	449	158
3574	1648414	299	348	163
3575	1648792	120	582	123
3576	1648932	140	581	119
3577	1649092	140	578	181
3578	1649391	259	622	174
3579	1649969	120	588	183
3580	1650108	359	582	166
