30	1	-1280	-1024	-1.000	-1.000	-1.000	-1.000	4	-1280	-1024	-1.000	-1.000	-1.000	-1.000	4
50	2	-1280	-1024	0.700	0.614	-1.000	-1.000	4	-1280	-1024	0.489	0.619	-1.000	-1.000	4
70	3	-1280	-1024	-1.000	-1.000	-1.000	-1.000	4	-1280	-1024	-1.000	-1.000	-1.000	-1.000	4
90	4	416	413	0.701	0.614	819.503	3.854	0	330	187	0.489	0.621	811.839	3.596	0
110	5	419	419	0.701	0.614	819.503	3.713	0	350	187	0.489	0.621	811.839	3.576	0
130	6	411	404	0.701	0.614	819.503	3.715	0	334	176	0.489	0.621	811.839	3.567	0
149	7	419	415	0.700	0.614	812.254	3.685	0	347	183	0.489	0.619	807.088	3.537	0
169	8	428	425	0.700	0.614	812.254	3.659	0	414	362	0.489	0.619	807.088	3.498	0
190	9	451	422	0.700	0.614	812.254	3.585	0	415	431	0.488	0.619	807.088	3.670	0
209	10	438	410	0.700	0.614	812.254	3.594	0	409	372	0.488	0.619	807.088	3.453	0
229	11	422	431	0.700	0.614	812.254	3.679	0	401	336	0.489	0.619	807.088	3.394	0
249	12	408	430	0.701	0.614	810.596	3.638	0	392	374	0.489	0.619	794.753	3.366	0
269	13	362	277	0.701	0.613	810.596	3.501	0	207	136	0.489	0.619	794.753	3.318	0
289	14	350	234	0.700	0.613	810.596	3.446	0	198	158	0.489	0.618	794.753	3.302	0
309	15	332	232	0.701	0.613	810.596	3.565	0	194	171	0.489	0.618	794.753	3.314	0
329	16	346	231	0.701	0.613	810.596	3.530	0	196	163	0.489	0.618	794.753	3.384	0
349	17	337	221	0.702	0.613	814.948	3.553	0	195	172	0.490	0.618	793.211	3.378	0
369	18	361	191	0.702	0.613	814.948	3.453	0	200	157	0.490	0.618	793.211	3.250	0
389	19	359	230	0.701	0.613	814.948	3.544	0	199	156	0.489	0.618	793.211	3.276	0
409	20	338	196	0.702	0.613	814.948	3.421	0	186	148	0.490	0.618	793.211	3.205	0
429	21	322	196	0.702	0.613	814.948	3.439	0	184	140	0.489	0.618	793.211	3.206	0
465	22	296	204	0.701	0.613	811.059	3.437	0	186	128	0.490	0.618	797.006	3.222	0
469	23	338	199	0.701	0.613	811.059	3.437	0	187	135	0.489	0.618	797.006	3.263	0
489	24	337	236	0.701	0.613	811.059	3.420	0	187	130	0.489	0.618	797.006	3.314	0
508	25	348	220	0.701	0.613	811.059	3.427	0	170	156	0.489	0.619	797.006	3.281	0
528	26	353	220	0.701	0.614	811.059	3.398	0	178	138	0.489	0.619	797.006	3.256	0
548	27	354	218	0.701	0.614	811.940	3.397	0	173	142	0.490	0.619	796.877	3.272	0
568	28	354	238	0.701	0.614	811.940	3.452	0	187	136	0.489	0.619	796.877	3.259	0
588	29	366	249	0.702	0.613	811.940	3.441	0	171	139	0.490	0.619	796.877	3.208	0
608	30	355	222	0.702	0.613	811.940	3.360	0	169	132	0.490	0.619	796.877	3.235	0
628	31	354	212	0.702	0.613	811.940	3.352	0	180	124	0.490	0.618	796.877	3.225	0
648	32	350	202	0.702	0.613	814.735	3.355	0	176	136	0.490	0.618	791.209	3.218	0
668	33	354	224	0.702	0.613	814.735	3.374	0	192	175	0.490	0.618	791.209	3.169	0
688	34	357	222	0.702	0.613	814.735	3.388	0	190	171	0.490	0.618	791.209	3.202	0
708	35	362	206	0.702	0.613	814.735	3.413	0	191	149	0.490	0.618	791.209	3.213	0
728	36	354	216	0.701	0.613	814.735	3.390	0	192	153	0.490	0.618	791.209	3.270	0
748	37	361	220	0.701	0.613	810.064	3.379	0	191	143	0.490	0.618	797.227	3.320	0
768	38	377	246	0.701	0.613	810.064	3.443	0	-1280	-1024	0.701	0.613	-1.000	-1.000	4
788	39	372	257	0.702	0.613	810.064	3.468	0	323	204	0.491	0.618	797.227	3.324	0
808	40	324	225	0.702	0.613	810.064	3.443	0	269	202	0.491	0.617	797.227	3.280	0
827	41	228	180	0.703	0.613	810.064	3.456	0	263	221	0.493	0.617	797.227	3.315	0
847	42	241	150	0.703	0.613	820.854	3.509	0	227	180	0.492	0.617	819.256	3.388	0
867	43	228	163	0.703	0.613	820.854	3.512	0	340	-1881	0.493	0.631	819.256	3.403	0
887	44	221	177	0.702	0.613	820.854	3.539	0	80	80	0.490	0.617	819.256	3.411	0
907	45	214	149	0.702	0.612	820.854	3.442	0	-1280	-1024	0.702	0.612	-1.000	-1.000	4
927	46	220	198	0.702	0.612	820.854	3.544	0	-1280	-1024	0.702	0.612	-1.000	-1.000	4
947	47	221	212	0.703	0.612	813.103	3.481	0	-1280	-1024	0.703	0.612	-1.000	-1.000	4
967	48	222	213	0.703	0.612	813.103	3.439	0	337	-1890	0.494	0.631	813.103	3.363	0
987	49	244	202	0.703	0.612	813.103	3.448	0	46	113	0.490	0.617	813.103	3.329	0
1007	50	240	195	0.703	0.612	813.103	3.440	0	-1280	-1024	0.703	0.612	-1.000	-1.000	4
1027	51	227	175	0.703	0.612	813.103	3.480	0	-1280	-1024	0.703	0.612	-1.000	-1.000	4
1047	52	220	165	0.704	0.612	812.813	3.485	0	-1280	-1024	0.704	0.612	-1.000	-1.000	4
1067	53	241	191	0.704	0.612	812.813	3.387	0	-1280	-1024	0.704	0.612	-1.000	-1.000	4
1087	54	227	164	0.704	0.612	812.813	3.363	0	-1280	-1024	0.704	0.612	-1.000	-1.000	4
1107	55	224	171	0.704	0.612	812.813	3.380	0	251	188	0.494	0.616	812.813	3.358	0
1127	56	212	177	0.704	0.612	812.813	3.377	0	-1280	-1024	0.704	0.612	-1.000	-1.000	4
1147	57	205	164	0.704	0.612	812.596	3.367	0	-1280	-1024	0.704	0.612	-1.000	-1.000	4
1166	58	210	175	0.704	0.612	812.596	3.332	0	-1280	-1024	0.704	0.612	-1.000	-1.000	4
1186	59	213	177	0.704	0.612	812.596	3.364	0	-1280	-1024	0.704	0.612	-1.000	-1.000	4
1206	60	211	192	0.704	0.612	812.596	3.340	0	235	199	0.494	0.616	812.596	3.253	0
1226	61	224	160	0.704	0.613	812.596	3.396	0	214	200	0.494	0.616	812.596	3.207	0
1246	62	226	169	0.705	0.612	810.372	3.389	0	212	198	0.494	0.616	813.888	3.212	0
1266	63	262	236	0.704	0.613	810.372	3.336	0	76	126	0.493	0.617	813.888	3.239	0
1286	64	282	422	0.703	0.615	810.372	3.313	0	-1280	-1024	0.703	0.615	-1.000	-1.000	4
1306	65	312	562	0.703	0.616	810.372	3.394	0	303	655	0.494	0.619	813.888	3.512	0
1326	66	315	549	0.703	0.616	810.372	3.301	0	302	600	0.493	0.619	813.888	3.278	0
1346	67	310	547	0.703	0.616	801.042	3.286	0	300	590	0.494	0.619	823.111	3.314	0
1366	68	331	624	0.703	0.616	801.042	3.500	0	322	564	0.493	0.619	823.111	3.443	0
1386	69	331	606	0.703	0.616	801.042	3.462	0	329	606	0.492	0.619	823.111	3.469	0
1406	70	320	583	0.703	0.616	801.042	3.417	0	311	593	0.492	0.619	823.111	3.402	0
1426	71	336	589	0.704	0.617	801.042	3.309	0	213	287	0.493	0.623	823.111	3.360	0
1446	72	290	592	0.703	0.617	803.056	3.271	0	165	283	0.493	0.620	820.683	3.340	0
1465	73	306	577	0.703	0.617	803.056	3.429	0	187	282	0.492	0.623	820.683	3.367	0
1485	74	349	629	0.704	0.617	803.056	3.390	0	213	411	0.493	0.622	820.683	3.347	0
1505	75	338	616	0.704	0.617	803.056	3.387	0	201	425	0.493	0.622	820.683	3.359	0
1525	76	326	622	0.702	0.617	803.056	3.401	0	334	630	0.492	0.620	820.683	3.363	0
1545	77	387	615	0.703	0.617	804.956	3.411	0	398	735	0.492	0.622	789.171	3.229	0
1565	78	313	608	0.703	0.617	804.956	3.485	0	334	678	0.493	0.620	789.171	3.346	0
1585	79	327	642	0.702	0.617	804.956	3.502	0	338	672	0.492	0.620	789.171	3.416	0
1605	80	323	605	0.702	0.617	804.956	3.387	0	337	681	0.492	0.620	789.171	3.436	0
1625	81	399	607	0.702	0.617	804.956	3.369	0	421	653	0.491	0.620	789.171	3.401	0
1645	82	356	603	0.702	0.616	814.858	3.393	0	376	624	0.492	0.619	813.743	3.514	0
1665	83	403	634	0.702	0.616	814.858	3.612	0	417	630	0.492	0.619	813.743	3.563	0
1685	84	405	635	0.702	0.616	814.858	3.602	0	383	587	0.491	0.619	813.743	3.432	0
1705	85	399	645	0.702	0.616	814.858	3.579	0	413	675	0.491	0.619	813.743	3.688	0
1725	86	393	625	0.702	0.616	814.858	3.594	0	427	699	0.491	0.619	813.743	3.744	0
1745	87	400	625	0.702	0.616	816.880	3.592	0	414	720	0.491	0.619	815.790	3.809	0
1765	88	395	633	0.702	0.616	816.880	3.605	0	424	691	0.491	0.619	815.790	3.771	0
1784	89	372	573	0.702	0.616	816.880	3.665	0	401	657	0.491	0.619	815.790	3.794	0
1804	90	245	312	0.703	0.614	816.880	3.499	0	191	154	0.493	0.619	815.790	3.471	0
1824	91	128	116	0.704	0.612	816.880	3.554	0	6	108	0.493	0.616	815.790	3.448	0
1844	92	85	83	0.704	0.613	774.119	3.355	0	-156	2	0.495	0.614	839.412	3.522	0
1864	93	136	192	0.705	0.612	774.119	3.387	0	-20	65	0.494	0.615	839.412	3.604	0
1884	94	136	197	0.704	0.611	774.119	3.332	0	-31	76	0.493	0.615	839.412	3.545	0
1904	95	139	195	0.705	0.611	774.119	3.404	0	-50	84	0.493	0.615	839.412	3.567	0
1924	96	130	224	0.705	0.611	774.119	3.351	0	-6	81	0.494	0.614	839.412	3.600	0
1944	97	121	206	0.705	0.613	784.367	3.425	0	11	123	0.495	0.614	822.832	3.506	0
1964	98	113	158	0.706	0.611	784.367	3.414	0	-18	113	0.495	0.614	822.832	3.401	0
1984	99	93	144	0.705	0.610	784.367	3.415	0	16	139	0.495	0.613	822.832	3.474	0
2004	100	83	104	0.706	0.611	784.367	3.430	0	14	150	0.495	0.613	822.832	3.463	0
2024	101	94	123	0.706	0.611	784.367	3.381	0	114	161	0.496	0.613	822.832	3.443	0
2044	102	122	159	0.706	0.612	761.421	3.285	0	197	287	0.496	0.614	764.650	3.238	0
2064	103	115	184	0.706	0.610	761.421	3.285	0	59	257	0.495	0.613	764.650	3.260	0
2084	104	108	171	0.706	0.610	761.421	3.279	0	53	251	0.495	0.613	764.650	3.170	0
2103	105	110	195	0.707	0.610	761.421	3.296	0	79	272	0.496	0.612	764.650	3.252	0
2123	106	111	200	0.707	0.610	761.421	3.259	0	70	265	0.496	0.612	764.650	3.209	0
2143	107	113	208	0.706	0.612	760.292	3.253	0	79	271	0.495	0.614	763.383	3.175	0
2163	108	124	191	0.707	0.610	760.292	3.273	0	63	271	0.496	0.612	763.383	3.234	0
2183	109	120	203	0.707	0.610	760.292	3.284	0	59	270	0.496	0.612	763.383	3.199	0
2203	110	26	11	0.707	0.612	760.292	3.219	0	43	263	0.497	0.612	763.383	3.223	0
2223	111	30	32	0.707	0.612	760.292	3.311	0	68	272	0.497	0.612	763.383	3.231	0
2243	112	66	95	0.707	0.613	744.979	3.238	0	94	303	0.496	0.614	748.000	3.155	0
2263	113	122	245	0.707	0.610	744.979	3.225	0	73	302	0.496	0.613	748.000	3.131	0
2283	114	117	248	0.707	0.610	744.979	3.213	0	70	308	0.496	0.613	748.000	3.162	0
2303	115	60	71	0.707	0.613	744.979	3.279	0	64	306	0.497	0.613	748.000	3.121	0
2323	116	114	245	0.707	0.611	744.979	3.191	0	52	283	0.496	0.614	748.000	3.155	0
2343	117	80	162	0.707	0.613	762.430	3.280	0	46	250	0.496	0.616	765.406	3.211	0
2363	118	109	213	0.708	0.611	762.430	3.298	0	64	263	0.497	0.614	765.406	3.250	0
2383	119	114	185	0.708	0.611	762.430	3.317	0	59	247	0.497	0.613	765.406	3.264	0
2403	120	164	170	0.708	0.611	762.430	3.335	0	71	255	0.496	0.613	765.406	3.188	0
2422	121	153	155	0.708	0.611	762.430	3.320	0	79	271	0.496	0.613	765.406	3.269	0
2442	122	176	159	0.707	0.613	755.371	3.296	0	84	279	0.496	0.615	758.700	3.217	0
2462	123	170	169	0.708	0.611	755.371	3.268	0	86	270	0.496	0.613	758.700	3.178	0
2482	124	91	79	0.707	0.611	755.371	3.249	0	80	270	0.497	0.612	758.700	3.194	0
2502	125	165	180	0.708	0.610	755.371	3.291	0	83	288	0.496	0.612	758.700	3.212	0
2522	126	173	177	0.708	0.610	755.371	3.241	0	70	258	0.496	0.612	758.700	3.234	0
2542	127	-1280	-1024	-1.000	-1.000	-1.000	-1.000	4	-1280	-1024	-1.000	-1.000	-1.000	-1.000	4
2562	128	98	95	0.707	0.610	755.371	3.255	0	272	342	0.498	0.611	758.700	3.141	0
2582	129	91	104	0.707	0.610	755.371	3.257	0	125	436	0.496	0.612	675.026	2.792	0
2602	130	-1280	-1024	-1.000	-1.000	-1.000	-1.000	4	-1280	-1024	-1.000	-1.000	-1.000	-1.000	4
2622	131	220	306	0.707	0.609	698.291	2.987	0	119	383	0.495	0.612	698.291	2.982	0
2642	132	178	179	0.707	0.609	755.371	3.206	0	73	266	0.495	0.611	758.700	3.259	0
2662	133	-1280	-1024	-1.000	-1.000	-1.000	-1.000	4	-1280	-1024	-1.000	-1.000	-1.000	-1.000	4
2682	134	262	342	0.706	0.609	690.414	2.984	0	-1280	-1024	0.706	0.609	-1.000	-1.000	4
2702	135	271	387	0.705	0.608	669.443	2.890	0	452	460	0.496	0.611	669.443	2.794	0
2722	136	234	55	0.705	0.608	818.516	3.516	0	271	152	0.495	0.611	821.840	3.419	0
2741	137	193	65	0.705	0.608	818.516	3.501	0	243	164	0.495	0.611	821.840	3.496	0
2761	138	195	53	0.705	0.608	818.516	3.508	0	240	163	0.494	0.611	821.840	3.470	0
2781	139	198	54	0.704	0.608	818.516	3.496	0	86	95	0.493	0.612	821.840	3.439	0
2801	140	182	32	0.704	0.608	818.516	3.482	0	95	101	0.493	0.612	821.840	3.382	0
2821	141	182	25	0.704	0.608	819.136	3.484	0	146	110	0.493	0.612	822.480	3.354	0
2841	142	200	47	0.704	0.607	819.136	3.511	0	297	164	0.495	0.611	822.480	3.470	0
2861	143	204	70	0.704	0.607	819.136	3.499	0	284	166	0.495	0.611	822.480	3.484	0
2881	144	195	59	0.704	0.607	819.136	3.524	0	103	114	0.493	0.611	822.480	3.422	0
2901	145	182	48	0.704	0.607	819.136	3.516	0	79	142	0.493	0.611	822.480	3.445	0
2921	146	189	94	0.704	0.608	804.130	3.453	0	45	68	0.494	0.611	850.721	3.551	0
2941	147	209	93	0.705	0.607	804.130	3.381	0	79	35	0.493	0.611	850.721	3.609	0
2961	148	193	78	0.705	0.607	804.130	3.436	0	78	43	0.494	0.611	850.721	3.610	0
2981	149	291	63	0.704	0.607	804.130	3.409	0	259	107	0.494	0.610	850.721	3.580	0
3001	150	342	79	0.704	0.607	804.130	3.376	0	638	13	0.496	0.611	850.721	3.611	0
3021	151	374	116	0.703	0.609	786.048	3.321	0	778	167	0.496	0.613	789.162	3.344	0
3041	152	355	103	0.704	0.607	786.048	3.313	0	624	166	0.496	0.610	789.162	3.324	0
3060	153	344	139	0.704	0.607	786.048	3.345	0	635	168	0.496	0.610	789.162	3.347	0
3080	154	348	133	0.704	0.607	786.048	3.356	0	623	148	0.496	0.611	789.162	3.337	0
3100	155	365	155	0.704	0.607	786.048	3.329	0	629	161	0.496	0.611	789.162	3.382	0
3120	156	348	49	0.704	0.607	831.723	3.541	0	615	49	0.497	0.611	835.334	3.586	0
3140	157	356	8	0.704	0.608	831.723	3.464	0	329	127	0.493	0.611	835.334	3.521	0
3160	158	360	43	0.704	0.608	831.723	3.498	0	314	103	0.493	0.611	835.334	3.556	0
3180	159	370	33	0.704	0.608	831.723	3.490	0	329	114	0.494	0.612	835.334	3.535	0
3200	160	359	25	0.704	0.608	831.723	3.483	0	337	123	0.494	0.612	835.334	3.510	0
3220	161	360	38	0.704	0.608	833.367	3.484	0	354	111	0.494	0.612	837.084	3.529	0
3240	162	373	39	0.704	0.608	833.367	3.487	0	-1280	-1024	0.704	0.608	-1.000	-1.000	4
3260	163	366	28	0.704	0.608	833.367	3.496	0	-1280	-1024	0.704	0.608	-1.000	-1.000	4
3280	164	361	23	0.704	0.608	833.367	3.488	0	-107	92	0.489	0.612	837.084	3.495	0
3300	165	363	23	0.704	0.608	833.367	3.474	0	-126	88	0.489	0.612	837.084	3.543	0
3320	166	370	115	0.703	0.610	795.893	3.321	0	-81	174	0.489	0.614	799.025	3.384	0
3340	167	379	143	0.704	0.608	795.893	3.348	0	350	196	0.493	0.611	799.025	3.385	0
3359	168	369	112	0.704	0.608	795.893	3.378	0	360	186	0.493	0.611	799.025	3.369	0
3379	169	365	113	0.704	0.608	795.893	3.306	0	-1280	-1024	0.704	0.608	-1.000	-1.000	4
3399	170	362	124	0.704	0.608	795.893	3.347	0	-1280	-1024	0.704	0.608	-1.000	-1.000	4
3419	171	354	9	0.704	0.608	836.051	3.510	0	-1280	-1024	0.704	0.608	-1.000	-1.000	4
3439	172	361	22	0.704	0.608	836.051	3.469	0	-1280	-1024	0.704	0.608	-1.000	-1.000	4
3459	173	351	4	0.704	0.608	836.051	3.485	0	308	103	0.493	0.611	836.051	3.535	0
3479	174	371	50	0.704	0.608	836.051	3.507	0	-1280	-1024	0.704	0.608	-1.000	-1.000	4
3499	175	369	22	0.704	0.608	836.051	3.469	0	-1280	-1024	0.704	0.608	-1.000	-1.000	4
3519	176	373	124	0.703	0.610	794.778	3.313	0	-1280	-1024	0.703	0.610	-1.000	-1.000	4
3539	177	312	112	0.704	0.608	794.778	3.314	0	187	128	0.492	0.612	794.778	3.334	0
3559	178	167	141	0.705	0.608	794.778	3.356	0	-1280	-1024	0.705	0.608	-1.000	-1.000	4
3579	179	82	123	0.706	0.609	794.778	3.349	0	171	269	0.497	0.611	794.778	3.375	0
3599	180	111	128	0.706	0.608	794.778	3.333	0	19	172	0.495	0.612	794.778	3.325	0
3619	181	156	188	0.705	0.610	771.109	3.256	0	-44	19	0.496	0.611	860.705	3.596	0
3639	182	123	190	0.706	0.608	771.109	3.252	0	423	55	0.499	0.612	860.705	3.667	0
3659	183	128	200	0.706	0.608	771.109	3.259	0	406	42	0.499	0.611	860.705	3.651	0
3678	184	115	175	0.706	0.608	771.109	3.227	0	399	39	0.499	0.611	860.705	3.673	0
3698	185	99	179	0.706	0.608	771.109	3.179	0	407	58	0.499	0.611	860.705	3.633	0
3718	186	-1280	-1024	-1.000	-1.000	-1.000	-1.000	4	-1280	-1024	-1.000	-1.000	-1.000	-1.000	4
3738	187	122	193	0.706	0.608	771.109	3.245	0	-33	38	0.495	0.611	860.705	3.625	0
3758	188	88	188	0.706	0.608	771.109	3.215	0	-60	49	0.495	0.611	860.705	3.622	0
3778	189	106	221	0.705	0.610	755.375	3.176	0	10	277	0.494	0.613	758.429	3.194	0
3798	190	104	235	0.706	0.608	755.375	3.190	0	43	267	0.495	0.610	758.429	3.191	0
3818	191	107	243	0.706	0.608	755.375	3.180	0	45	259	0.495	0.611	758.429	3.173	0
3838	192	120	254	0.706	0.608	755.375	3.164	0	-1280	-1024	0.706	0.608	-1.000	-1.000	4
3858	193	130	235	0.705	0.608	755.375	3.207	0	65	285	0.494	0.611	758.429	3.214	0
3878	194	59	150	0.705	0.609	755.375	3.169	0	66	286	0.495	0.611	758.429	3.237	0
3898	195	108	228	0.705	0.609	755.375	3.226	0	-1280	-1024	0.705	0.609	-1.000	-1.000	4
3918	196	119	226	0.705	0.609	755.375	3.224	0	120	432	0.494	0.612	675.891	2.888	0
3938	197	116	233	0.705	0.609	755.375	3.225	0	135	455	0.494	0.612	670.908	2.865	0
3958	198	208	255	0.704	0.611	670.911	2.851	0	-1280	-1024	0.704	0.611	-1.000	-1.000	4
3978	199	200	243	0.704	0.611	673.263	2.846	0	131	428	0.494	0.612	673.263	2.863	0
3997	200	162	195	0.703	0.611	689.764	2.931	0	123	415	0.494	0.612	689.764	2.898	0
4017	201	80	70	0.703	0.611	737.767	3.157	0	-1280	-1024	0.703	0.611	-1.000	-1.000	4
4037	202	37	12	0.703	0.611	757.594	3.259	0	62	276	0.494	0.612	757.594	3.187	0
4057	203	-26	-82	0.703	0.611	785.783	3.366	0	31	211	0.494	0.612	785.783	3.334	0
4077	204	-50	-81	0.703	0.611	790.019	3.381	0	-1280	-1024	0.703	0.611	-1.000	-1.000	4
4097	205	82	91	0.704	0.609	795.861	3.457	0	35	196	0.493	0.611	795.861	3.412	0
4117	206	83	110	0.704	0.609	790.039	3.409	0	46	212	0.493	0.611	790.039	3.347	0
4137	207	93	132	0.704	0.609	785.715	3.380	0	-1280	-1024	0.704	0.609	-1.000	-1.000	4
4157	208	124	218	0.704	0.609	739.577	3.194	0	84	310	0.493	0.611	739.577	3.176	0
4177	209	156	294	0.704	0.609	707.393	3.033	0	102	381	0.493	0.611	707.393	3.047	0
4197	210	191	342	0.704	0.609	684.642	2.896	0	-1280	-1024	0.704	0.609	-1.000	-1.000	4
4217	211	255	358	0.703	0.609	683.994	2.914	0	187	401	0.492	0.611	683.994	2.948	0
4237	212	-1280	-1024	0.703	0.609	-1.000	-1.000	4	-1280	-1024	0.492	0.612	-1.000	-1.000	4
4257	213	-1280	-1024	0.703	0.609	-1.000	-1.000	4	-1280	-1024	0.491	0.612	-1.000	-1.000	4
4277	214	-1280	-1024	0.491	0.612	-1.000	-1.000	4	168	347	0.491	0.612	706.683	2.995	0
4297	215	242	316	0.703	0.609	706.281	3.016	0	176	339	0.492	0.612	706.281	3.016	0
4316	216	232	270	0.703	0.609	728.457	3.145	0	152	301	0.492	0.612	728.457	3.073	0
4336	217	244	208	0.704	0.609	751.130	3.260	0	123	257	0.493	0.612	751.130	3.222	0
4356	218	189	160	0.704	0.609	775.813	3.357	0	32	200	0.492	0.612	775.813	3.349	0
4376	219	-1280	-1024	0.704	0.609	-1.000	-1.000	4	-1280	-1024	0.492	0.612	-1.000	-1.000	4
4396	220	-1280	-1024	0.704	0.609	-1.000	-1.000	4	-1280	-1024	0.493	0.612	-1.000	-1.000	4
4416	221	-1280	-1024	0.704	0.609	-1.000	-1.000	4	-1280	-1024	0.493	0.612	-1.000	-1.000	4
4436	222	182	96	0.704	0.610	789.703	3.433	0	-1280	-1024	0.704	0.610	-1.000	-1.000	4
4456	223	-1280	-1024	-1.000	-1.000	-1.000	-1.000	4	-1280	-1024	-1.000	-1.000	-1.000	-1.000	4
4476	224	209	97	0.704	0.610	799.944	3.477	0	-1280	-1024	0.704	0.610	-1.000	-1.000	4
4496	225	219	120	0.704	0.610	796.082	3.476	0	319	214	0.495	0.612	796.082	3.389	0
4516	226	210	84	0.704	0.610	796.109	3.454	0	-1280	-1024	0.704	0.610	-1.000	-1.000	4
4536	227	190	105	0.705	0.609	792.058	3.442	0	-1280	-1024	0.705	0.609	-1.000	-1.000	4
4556	228	212	56	0.705	0.610	803.513	3.438	0	-1280	-1024	0.705	0.610	-1.000	-1.000	4
4576	229	205	64	0.705	0.609	803.571	3.499	0	302	177	0.495	0.611	803.571	3.430	0
4596	230	212	88	0.705	0.609	803.640	3.522	0	-1280	-1024	0.705	0.609	-1.000	-1.000	4
4616	231	202	74	0.705	0.609	800.284	3.440	0	-1280	-1024	0.705	0.609	-1.000	-1.000	4
4635	232	-1280	-1024	-1.000	-1.000	-1.000	-1.000	4	-1280	-1024	-1.000	-1.000	-1.000	-1.000	4
4655	233	226	78	0.706	0.609	805.530	3.448	0	-1280	-1024	0.706	0.609	-1.000	-1.000	4
4675	234	202	100	0.705	0.609	798.999	3.433	0	-1280	-1024	0.705	0.609	-1.000	-1.000	4
4695	235	194	107	0.705	0.609	801.032	3.449	0	-1280	-1024	0.705	0.609	-1.000	-1.000	4
4715	236	219	130	0.705	0.610	802.435	3.511	0	-1280	-1024	0.705	0.610	-1.000	-1.000	4
4735	237	181	96	0.706	0.610	799.299	3.450	0	-1280	-1024	0.706	0.610	-1.000	-1.000	4
4755	238	102	81	0.706	0.610	805.792	3.520	0	131	228	0.497	0.612	805.792	3.499	0
4775	239	113	79	0.706	0.611	800.979	3.490	0	-1280	-1024	0.706	0.611	-1.000	-1.000	4
4795	240	117	100	0.706	0.611	795.155	3.432	0	-1280	-1024	0.706	0.611	-1.000	-1.000	4
4815	241	132	159	0.706	0.611	764.818	3.291	0	42	255	0.495	0.613	764.818	3.233	0
4835	242	163	251	0.706	0.611	727.512	3.149	0	60	314	0.495	0.613	727.512	3.099	0
4855	243	183	325	0.706	0.611	700.554	3.050	0	-1280	-1024	0.706	0.611	-1.000	-1.000	4
4875	244	182	339	0.706	0.611	693.852	2.995	0	116	382	0.495	0.613	693.852	2.995	0
4895	245	195	343	0.706	0.611	687.695	2.988	0	128	395	0.495	0.613	687.695	2.970	0
4915	246	193	360	0.706	0.611	685.498	2.978	0	-1280	-1024	0.706	0.611	-1.000	-1.000	4
4935	247	204	188	0.705	0.613	684.958	2.916	0	-1280	-1024	0.705	0.613	-1.000	-1.000	4
4955	248	195	347	0.707	0.611	686.917	3.020	0	120	394	0.496	0.612	686.917	2.930	0
4975	249	184	337	0.707	0.611	686.893	3.012	0	120	408	0.495	0.612	686.893	2.910	0
4994	250	186	335	0.707	0.610	686.627	2.969	0	-1280	-1024	0.707	0.610	-1.000	-1.000	4
5014	251	-1280	-1024	0.707	0.611	-1.000	-1.000	4	-1280	-1024	0.496	0.613	-1.000	-1.000	4
5034	252	168	372	0.707	0.611	706.008	3.097	0	-1280	-1024	0.707	0.611	-1.000	-1.000	4
5054	253	139	304	0.707	0.612	738.784	3.195	0	-1280	-1024	0.707	0.612	-1.000	-1.000	4
5074	254	134	281	0.707	0.612	754.968	3.284	0	-1280	-1024	0.707	0.612	-1.000	-1.000	4
5094	255	132	294	0.707	0.612	743.065	3.245	0	-1280	-1024	0.707	0.612	-1.000	-1.000	4
5114	256	131	301	0.707	0.612	743.116	3.332	0	-1280	-1024	0.707	0.612	-1.000	-1.000	4
5134	257	122	303	0.707	0.612	746.953	3.303	0	-1280	-1024	0.707	0.612	-1.000	-1.000	4
5154	258	121	292	0.707	0.612	757.238	3.327	0	-1280	-1024	0.707	0.612	-1.000	-1.000	4
5174	259	92	238	0.708	0.612	774.272	3.439	0	-1280	-1024	0.708	0.612	-1.000	-1.000	4
5194	260	127	278	0.708	0.612	777.701	3.479	0	-1280	-1024	0.708	0.612	-1.000	-1.000	4
5214	261	127	282	0.708	0.612	775.348	3.435	0	167	-1103	0.498	0.627	775.348	3.391	0
5234	262	112	283	0.708	0.612	775.123	3.464	0	156	-1089	0.498	0.627	775.123	3.352	0
5254	263	109	273	0.708	0.612	773.695	3.425	0	153	-1093	0.498	0.626	773.695	3.365	0
5274	264	107	272	0.708	0.612	769.643	3.389	0	-1280	-1024	0.708	0.612	-1.000	-1.000	4
5294	265	114	273	0.708	0.612	765.971	3.462	0	-1280	-1024	0.708	0.612	-1.000	-1.000	4
5313	266	121	308	0.708	0.612	764.357	3.381	0	-1280	-1024	0.708	0.612	-1.000	-1.000	4
5333	267	119	299	0.708	0.612	758.439	3.413	0	-1280	-1024	0.708	0.612	-1.000	-1.000	4
5353	268	133	309	0.709	0.612	757.890	3.376	0	-1280	-1024	0.709	0.612	-1.000	-1.000	4
5373	269	127	316	0.709	0.612	758.654	3.325	0	-1280	-1024	0.709	0.612	-1.000	-1.000	4
5393	270	120	301	0.709	0.612	759.707	3.305	0	-1280	-1024	0.709	0.612	-1.000	-1.000	4
5413	271	-1280	-1024	0.709	0.612	-1.000	-1.000	4	-1280	-1024	0.499	0.626	-1.000	-1.000	4
5433	272	260	308	0.708	0.612	756.081	3.344	0	202	183	0.497	0.614	826.521	3.571	0
5453	273	320	351	0.708	0.612	756.067	3.361	0	-1280	-1024	0.708	0.612	-1.000	-1.000	4
5473	274	302	326	0.708	0.612	761.854	3.385	0	-1280	-1024	0.708	0.612	-1.000	-1.000	4
5493	275	274	291	0.708	0.612	781.438	3.485	0	-1280	-1024	0.708	0.612	-1.000	-1.000	4
5513	276	231	246	0.708	0.612	804.498	3.576	0	-1280	-1024	0.708	0.612	-1.000	-1.000	4
5533	277	204	201	0.709	0.612	816.541	3.603	0	-1280	-1024	0.709	0.612	-1.000	-1.000	4
5553	278	212	208	0.709	0.612	822.215	3.666	0	126	139	0.497	0.614	822.215	3.578	0
5573	279	194	182	0.709	0.612	832.468	3.706	0	76	64	0.497	0.615	832.468	3.641	0
5593	280	188	194	0.709	0.612	832.550	3.671	0	67	79	0.498	0.614	832.550	3.558	0
5612	281	213	227	0.709	0.612	823.256	3.695	0	191	121	0.498	0.614	823.256	3.556	0
5632	282	204	216	0.709	0.612	819.776	3.639	0	193	126	0.498	0.614	819.776	3.614	0
5652	283	199	205	0.709	0.612	814.809	3.609	0	83	-41	0.498	0.614	896.588	3.860	0
5672	284	230	228	0.709	0.612	810.372	3.546	0	45	-76	0.498	0.614	907.558	3.853	0
5692	285	202	227	0.709	0.612	806.337	3.539	0	-16	-158	0.498	0.614	924.104	3.980	0
5712	286	227	235	0.709	0.612	806.399	3.563	0	19	-157	0.498	0.615	924.100	4.017	0
5732	287	241	256	0.709	0.612	806.427	3.583	0	6	-169	0.498	0.615	925.567	3.978	0
5752	288	225	227	0.709	0.612	806.460	3.584	0	25	-110	0.498	0.615	925.569	3.985	0
5772	289	190	181	0.709	0.613	809.295	3.558	0	-30	-181	0.498	0.615	927.691	3.945	0
5792	290	-1280	-1024	0.709	0.613	-1.000	-1.000	4	-1280	-1024	0.499	0.615	-1.000	-1.000	4
5812	291	-1280	-1024	0.709	0.613	-1.000	-1.000	4	-1280	-1024	0.499	0.614	-1.000	-1.000	4
5832	292	-1280	-1024	0.710	0.613	-1.000	-1.000	4	-1280	-1024	0.499	0.614	-1.000	-1.000	4
5852	293	-1280	-1024	0.710	0.613	-1.000	-1.000	4	-1280	-1024	0.499	0.614	-1.000	-1.000	4
5872	294	-1280	-1024	0.710	0.613	-1.000	-1.000	4	-1280	-1024	0.499	0.614	-1.000	-1.000	4
5892	295	-1280	-1024	0.710	0.613	-1.000	-1.000	4	-1280	-1024	0.500	0.614	-1.000	-1.000	4
5912	296	-1280	-1024	0.711	0.612	-1.000	-1.000	4	-1280	-1024	0.502	0.614	-1.000	-1.000	4
5931	297	-1280	-1024	0.711	0.612	-1.000	-1.000	4	-1280	-1024	0.501	0.613	-1.000	-1.000	4
5951	298	-1280	-1024	0.711	0.612	-1.000	-1.000	4	-1280	-1024	0.501	0.613	-1.000	-1.000	4
5971	299	-1280	-1024	0.711	0.612	-1.000	-1.000	4	-1280	-1024	0.503	0.613	-1.000	-1.000	4
5991	300	196	368	0.711	0.612	720.850	3.176	0	-1280	-1024	0.711	0.612	-1.000	-1.000	4
6011	301	-1280	-1024	0.711	0.612	-1.000	-1.000	4	-1280	-1024	0.503	0.613	-1.000	-1.000	4
6031	302	-1280	-1024	0.711	0.612	-1.000	-1.000	4	-1280	-1024	0.503	0.613	-1.000	-1.000	4
6051	303	-1280	-1024	0.711	0.612	-1.000	-1.000	4	-1280	-1024	0.503	0.613	-1.000	-1.000	4
6071	304	-1280	-1024	0.711	0.612	-1.000	-1.000	4	-1280	-1024	0.503	0.614	-1.000	-1.000	4
6091	305	-1280	-1024	0.711	0.612	-1.000	-1.000	4	-1280	-1024	0.502	0.613	-1.000	-1.000	4
6111	306	-1280	-1024	0.711	0.612	-1.000	-1.000	4	-1280	-1024	0.502	0.613	-1.000	-1.000	4
6131	307	-1280	-1024	0.711	0.613	-1.000	-1.000	4	-1280	-1024	0.502	0.614	-1.000	-1.000	4
6151	308	197	350	0.711	0.613	724.204	3.190	0	114	-39	0.503	0.614	918.335	3.928	0
6171	309	-1280	-1024	0.711	0.612	-1.000	-1.000	4	-1280	-1024	0.503	0.614	-1.000	-1.000	4
6191	310	213	350	0.712	0.612	725.216	3.183	0	368	385	0.503	0.614	725.216	3.105	0
6211	311	-1280	-1024	0.712	0.612	-1.000	-1.000	4	-1280	-1024	0.503	0.614	-1.000	-1.000	4
6231	312	-1280	-1024	0.712	0.612	-1.000	-1.000	4	-1280	-1024	0.503	0.614	-1.000	-1.000	4
6250	313	-1280	-1024	0.712	0.612	-1.000	-1.000	4	-1280	-1024	0.502	0.613	-1.000	-1.000	4
6270	314	-1280	-1024	0.712	0.612	-1.000	-1.000	4	-1280	-1024	0.502	0.613	-1.000	-1.000	4
6290	315	-1280	-1024	0.712	0.612	-1.000	-1.000	4	-1280	-1024	0.501	0.613	-1.000	-1.000	4
6310	316	-1280	-1024	0.712	0.612	-1.000	-1.000	4	-1280	-1024	0.501	0.613	-1.000	-1.000	4
6330	317	-1280	-1024	0.712	0.612	-1.000	-1.000	4	-1280	-1024	0.501	0.613	-1.000	-1.000	4
6350	318	-1280	-1024	0.712	0.612	-1.000	-1.000	4	-1280	-1024	0.501	0.613	-1.000	-1.000	4
6370	319	-1280	-1024	0.712	0.612	-1.000	-1.000	4	-1280	-1024	0.501	0.613	-1.000	-1.000	4
6390	320	-1280	-1024	0.712	0.612	-1.000	-1.000	4	-1280	-1024	0.501	0.613	-1.000	-1.000	4
6410	321	-1280	-1024	0.711	0.612	-1.000	-1.000	4	-1280	-1024	0.501	0.613	-1.000	-1.000	4
6430	322	365	390	0.711	0.612	723.877	3.230	0	3	-189	0.500	0.614	932.386	4.050	0
6450	323	340	363	0.711	0.612	724.247	3.193	0	-10	-125	0.500	0.614	931.080	3.985	0
6470	324	335	347	0.711	0.612	724.384	3.178	0	6	-120	0.500	0.614	925.666	3.944	0
6490	325	299	299	0.711	0.612	754.072	3.300	0	22	-119	0.500	0.614	918.526	3.931	0
6510	326	274	256	0.711	0.612	777.943	3.421	0	22	-95	0.500	0.614	916.289	3.975	0
6530	327	246	209	0.711	0.612	792.807	3.470	0	29	-82	0.500	0.614	915.807	3.938	0
6549	328	250	214	0.711	0.612	792.805	3.451	0	17	-90	0.500	0.614	914.293	3.909	0
6569	329	255	235	0.712	0.612	793.281	3.528	0	9	-126	0.500	0.614	913.631	3.894	0
6589	330	255	231	0.712	0.612	792.799	3.527	0	6	-123	0.500	0.614	913.600	3.898	0
6609	331	240	213	0.712	0.612	792.324	3.495	0	11	-103	0.500	0.614	913.570	3.920	0
6629	332	261	230	0.712	0.612	788.145	3.505	0	18	-119	0.500	0.614	913.551	3.973	0
6649	333	255	201	0.711	0.613	788.051	3.503	0	33	-153	0.499	0.614	913.528	3.939	0
6669	334	-1280	-1024	0.711	0.612	-1.000	-1.000	4	-1280	-1024	0.501	0.614	-1.000	-1.000	4
6689	335	266	226	0.711	0.612	782.575	3.428	0	-1280	-1024	0.711	0.612	-1.000	-1.000	4
6709	336	-1280	-1024	0.711	0.612	-1.000	-1.000	4	-1280	-1024	0.502	0.627	-1.000	-1.000	4
6729	337	286	230	0.711	0.612	778.775	3.392	0	-1280	-1024	0.711	0.612	-1.000	-1.000	4
6749	338	336	218	0.711	0.612	775.846	3.483	0	-1280	-1024	0.711	0.612	-1.000	-1.000	4
6769	339	294	251	0.710	0.612	776.593	3.414	0	76	-159	0.498	0.614	915.273	3.991	0
6789	340	-1280	-1024	0.498	0.614	-1.000	-1.000	4	78	-125	0.498	0.614	916.991	3.917	0
6809	341	-1280	-1024	-1.000	-1.000	-1.000	-1.000	4	-1280	-1024	-1.000	-1.000	-1.000	-1.000	4
6829	342	-1280	-1024	-1.000	-1.000	-1.000	-1.000	4	-1280	-1024	-1.000	-1.000	-1.000	-1.000	4
6849	343	-1280	-1024	-1.000	-1.000	-1.000	-1.000	4	-1280	-1024	-1.000	-1.000	-1.000	-1.000	4
6869	344	-1280	-1024	-1.000	-1.000	-1.000	-1.000	4	-1280	-1024	-1.000	-1.000	-1.000	-1.000	4
6888	345	-1280	-1024	-1.000	-1.000	-1.000	-1.000	4	-1280	-1024	-1.000	-1.000	-1.000	-1.000	4
6908	346	-1280	-1024	0.708	0.612	-1.000	-1.000	4	-1280	-1024	0.499	0.614	-1.000	-1.000	4
6928	347	300	9	0.709	0.613	776.738	3.393	0	343	40	0.499	0.614	776.738	3.442	0
6948	348	274	-63	0.708	0.613	776.752	3.545	0	367	29	0.498	0.614	776.752	3.399	0
6968	349	-1280	-1024	0.499	0.615	-1.000	-1.000	4	439	20	0.499	0.615	773.814	3.359	0
6988	350	-1280	-1024	0.708	0.613	-1.000	-1.000	4	-1280	-1024	0.498	0.616	-1.000	-1.000	4
7008	351	-1280	-1024	0.498	0.615	-1.000	-1.000	4	338	-453	0.498	0.615	888.363	3.858	0
7028	352	243	-99	0.708	0.613	786.845	3.510	0	350	-438	0.498	0.615	896.350	3.916	0
7048	353	283	-62	0.708	0.612	793.603	3.564	0	349	-450	0.498	0.615	897.123	3.953	0
7068	354	240	-383	0.709	0.612	897.732	4.025	0	294	-415	0.499	0.615	897.732	3.900	0
7088	355	246	-160	0.708	0.612	820.620	3.665	0	359	-374	0.498	0.615	872.217	3.843	0
7108	356	266	-110	0.708	0.612	820.023	3.596	0	354	-387	0.498	0.615	872.932	3.884	0
7128	357	262	-157	0.708	0.612	819.507	3.708	0	305	-276	0.498	0.614	873.549	3.855	0
7148	358	285	-57	0.708	0.612	790.012	3.558	0	336	-196	0.498	0.614	853.091	3.858	0
7168	359	315	56	0.708	0.612	762.163	3.407	0	347	-190	0.498	0.614	850.584	3.824	0
7188	360	317	71	0.708	0.612	753.774	3.425	0	343	-175	0.498	0.614	846.992	3.805	0
7207	361	303	123	0.708	0.612	745.116	3.357	0	351	-161	0.498	0.614	847.999	3.786	0
7227	362	311	246	0.708	0.611	733.249	3.330	0	355	-155	0.498	0.614	847.462	3.797	0
7247	363	331	273	0.708	0.611	729.979	3.301	0	357	-169	0.498	0.614	847.484	3.808	0
7267	364	342	245	0.709	0.611	728.358	3.270	0	359	-173	0.498	0.614	848.530	3.809	0
7287	365	343	231	0.709	0.611	728.400	3.318	0	360	-201	0.499	0.614	854.812	3.845	0
7307	366	346	240	0.709	0.611	728.450	3.272	0	319	-255	0.499	0.614	869.275	3.916	0
7327	367	331	206	0.709	0.611	742.916	3.358	0	299	-274	0.498	0.614	885.243	3.915	0
7347	368	326	157	0.709	0.611	757.879	3.436	0	284	-346	0.499	0.614	897.960	3.905	0
7367	369	312	126	0.709	0.611	773.272	3.440	0	254	-412	0.498	0.614	912.004	4.025	0
7387	370	317	116	0.709	0.611	778.907	3.460	0	215	-420	0.498	0.614	911.917	4.050	0
7407	371	304	89	0.709	0.611	785.734	3.546	0	186	-439	0.498	0.614	911.844	3.992	0
7427	372	307	81	0.709	0.611	791.358	3.541	0	258	-398	0.499	0.614	911.783	3.950	0
7447	373	302	67	0.709	0.611	796.321	3.565	0	244	-390	0.498	0.614	911.731	3.913	0
7467	374	297	92	0.709	0.611	796.906	3.569	0	242	-383	0.499	0.613	911.666	3.947	0
7487	375	306	81	0.709	0.611	796.887	3.560	0	252	-361	0.499	0.613	911.731	3.938	0
7507	376	323	75	0.710	0.611	796.864	3.572	0	282	-357	0.499	0.613	911.783	3.923	0
7526	377	318	87	0.710	0.611	793.116	3.487	0	282	-311	0.499	0.613	906.243	3.935	0
7546	378	322	102	0.710	0.611	789.560	3.484	0	284	-299	0.499	0.613	900.423	3.879	0
7566	379	241	22	0.710	0.612	785.364	3.441	0	184	-280	0.499	0.613	898.322	3.937	0
7586	380	191	130	0.711	0.611	783.432	3.500	0	138	-293	0.501	0.613	898.305	3.919	0
7606	381	221	133	0.711	0.611	782.073	3.469	0	156	-258	0.501	0.613	898.322	3.921	0
7626	382	193	139	0.711	0.611	780.133	3.415	0	149	-260	0.502	0.613	898.729	3.882	0
7646	383	219	240	0.711	0.611	737.039	3.298	0	150	-320	0.502	0.613	908.109	3.932	0
7666	384	239	326	0.711	0.611	698.734	3.105	0	137	-343	0.502	0.613	913.467	3.908	0
7686	385	265	397	0.712	0.611	666.146	2.921	0	131	-365	0.502	0.613	921.180	3.980	0
7706	386	261	399	0.712	0.611	665.057	2.940	0	118	-386	0.502	0.613	928.605	3.959	0
7726	387	261	397	0.712	0.610	665.068	2.917	0	93	-443	0.501	0.613	933.219	3.954	0
7746	388	262	401	0.712	0.610	663.490	2.957	0	97	-438	0.501	0.613	933.229	3.999	0
7766	389	258	409	0.712	0.610	664.836	2.925	0	98	-425	0.501	0.613	933.237	4.001	0
7786	390	286	264	0.711	0.612	666.530	2.940	0	66	-421	0.501	0.613	933.247	3.996	0
7806	391	257	383	0.711	0.611	668.171	2.950	0	56	-428	0.500	0.613	933.253	3.988	0
7826	392	281	371	0.711	0.611	670.340	2.947	0	-1280	-1024	0.711	0.611	-1.000	-1.000	4
7845	393	288	374	0.711	0.611	671.906	2.964	0	-1280	-1024	0.711	0.611	-1.000	-1.000	4
7865	394	282	355	0.711	0.611	676.741	2.944	0	-1280	-1024	0.711	0.611	-1.000	-1.000	4
7885	395	280	343	0.711	0.611	691.071	3.031	0	-1280	-1024	0.711	0.611	-1.000	-1.000	4
7905	396	281	321	0.711	0.611	701.878	3.109	0	-1280	-1024	0.711	0.611	-1.000	-1.000	4
7925	397	282	304	0.711	0.611	711.088	3.151	0	-1280	-1024	0.711	0.611	-1.000	-1.000	4
7945	398	284	311	0.711	0.611	710.076	3.153	0	-1280	-1024	0.711	0.611	-1.000	-1.000	4
7965	399	285	299	0.711	0.611	710.377	3.068	0	-1280	-1024	0.711	0.611	-1.000	-1.000	4
7985	400	274	287	0.711	0.611	711.732	3.077	0	-1280	-1024	0.711	0.611	-1.000	-1.000	4
8005	401	274	286	0.710	0.611	713.832	3.142	0	-1280	-1024	0.710	0.611	-1.000	-1.000	4
8025	402	274	285	0.710	0.611	715.280	3.145	0	435	273	0.500	0.613	715.280	3.075	0
8045	403	300	269	0.709	0.611	715.309	3.192	0	478	257	0.499	0.613	715.309	3.065	0
8065	404	317	271	0.709	0.611	715.780	3.202	0	473	264	0.499	0.613	715.780	3.057	0
8085	405	323	271	0.709	0.610	719.693	3.165	0	264	224	0.498	0.613	719.693	3.093	0
8105	406	313	235	0.709	0.610	731.536	3.189	0	263	197	0.498	0.613	731.536	3.153	0
8125	407	309	229	0.709	0.610	740.082	3.245	0	264	194	0.498	0.612	740.082	3.180	0
8144	408	319	202	0.709	0.610	745.473	3.254	0	425	217	0.498	0.612	745.473	3.263	0
8164	409	-1280	-1024	0.709	0.610	-1.000	-1.000	4	-1280	-1024	0.497	0.612	-1.000	-1.000	4
8184	410	311	190	0.708	0.610	745.478	3.256	0	164	-249	0.497	0.612	933.123	4.006	0
8204	411	-1280	-1024	0.496	0.612	-1.000	-1.000	4	196	-275	0.496	0.612	933.037	4.028	0
8224	412	496	218	0.707	0.610	744.129	3.179	0	341	-280	0.496	0.613	932.957	4.028	0
8244	413	534	229	0.707	0.610	744.118	3.283	0	292	-301	0.495	0.613	930.143	4.015	0
8264	414	537	221	0.706	0.610	746.790	3.268	0	311	-295	0.495	0.613	930.144	4.030	0
8284	415	507	145	0.706	0.610	775.164	3.397	0	299	-288	0.494	0.613	930.144	4.024	0
8304	416	494	107	0.706	0.610	796.044	3.444	0	318	-309	0.495	0.613	930.145	4.087	0
8324	417	478	40	0.706	0.610	820.402	3.599	0	318	-287	0.494	0.613	926.670	4.025	0
8344	418	466	40	0.705	0.610	827.792	3.601	0	295	-302	0.494	0.613	930.145	4.019	0
8364	419	466	52	0.705	0.609	827.798	3.632	0	300	-279	0.494	0.613	931.134	4.051	0
8384	420	463	51	0.705	0.609	828.658	3.575	0	307	-278	0.494	0.613	922.765	4.055	0
8404	421	463	34	0.705	0.609	833.823	3.647	0	305	-229	0.494	0.613	912.936	3.978	0
8424	422	459	18	0.705	0.609	836.010	3.650	0	306	-238	0.494	0.613	907.835	3.909	0
8444	423	557	-35	0.704	0.610	837.144	3.648	0	502	-208	0.493	0.613	905.547	3.936	0
8464	424	548	-9	0.704	0.610	836.411	3.681	0	590	-186	0.493	0.613	899.026	3.871	0
8483	425	555	-5	0.704	0.610	831.794	3.664	0	593	-176	0.493	0.613	897.004	3.873	0
8503	426	544	2	0.703	0.610	829.574	3.566	0	582	-80	0.493	0.613	856.546	3.698	0
8523	427	554	34	0.703	0.609	821.122	3.593	0	592	-60	0.493	0.613	857.648	3.735	0
8543	428	563	72	0.703	0.609	811.613	3.549	0	595	-94	0.493	0.613	858.554	3.714	0
8563	429	564	82	0.703	0.609	807.282	3.537	0	602	-89	0.493	0.613	859.313	3.728	0
8583	430	564	81	0.703	0.609	805.935	3.436	0	602	-72	0.493	0.613	860.019	3.693	0
8603	431	569	97	0.704	0.609	805.049	3.525	0	602	-87	0.493	0.612	860.570	3.676	0
8623	432	570	91	0.704	0.609	804.504	3.467	0	585	-77	0.493	0.612	861.048	3.639	0
8643	433	565	97	0.704	0.609	800.257	3.418	0	540	-17	0.493	0.612	833.621	3.555	0
8663	434	635	84	0.703	0.609	795.824	3.466	0	578	64	0.493	0.612	808.189	3.444	0
8683	435	708	107	0.702	0.609	795.775	3.400	0	607	77	0.492	0.612	795.670	3.362	0
8703	436	715	87	0.703	0.609	795.714	3.405	0	612	114	0.492	0.612	784.675	3.346	0
8723	437	694	80	0.703	0.609	805.349	3.413	0	607	155	0.491	0.612	772.874	3.263	0
8743	438	692	81	0.702	0.609	805.069	3.423	0	612	183	0.491	0.612	763.053	3.234	0
8763	439	673	5	0.703	0.609	833.955	3.529	0	615	174	0.491	0.612	752.653	3.210	0
8782	440	687	24	0.703	0.609	834.598	3.484	0	617	210	0.491	0.613	748.499	3.192	0
8802	441	678	2	0.703	0.609	834.649	3.483	0	618	213	0.491	0.613	744.420	3.227	0
8822	442	678	4	0.703	0.610	834.710	3.534	0	608	250	0.492	0.613	739.248	3.106	0
8842	443	690	18	0.703	0.610	828.936	3.457	0	616	227	0.492	0.613	739.172	3.144	0
8862	444	701	57	0.703	0.610	812.688	3.451	0	607	227	0.492	0.613	744.403	3.125	0
8882	445	698	72	0.703	0.610	812.665	3.455	0	615	234	0.492	0.612	746.676	3.132	0
8902	446	714	52	0.703	0.609	812.654	3.507	0	628	199	0.492	0.613	749.566	3.135	0
8922	447	714	68	0.704	0.609	812.665	3.418	0	623	224	0.492	0.612	749.456	3.169	0
8942	448	713	67	0.704	0.609	812.674	3.524	0	626	211	0.492	0.612	749.364	3.214	0
8962	449	696	35	0.704	0.609	812.682	3.345	0	631	212	0.493	0.612	749.277	3.193	0
8982	450	-1280	-1024	0.703	0.609	-1.000	-1.000	4	-1280	-1024	0.492	0.612	-1.000	-1.000	4
9002	451	692	73	0.703	0.609	811.713	3.395	0	636	185	0.492	0.612	755.576	3.261	0
9022	452	679	61	0.704	0.609	811.716	3.446	0	598	209	0.492	0.612	755.458	3.229	0
9042	453	657	44	0.704	0.609	811.719	3.383	0	591	194	0.493	0.612	755.352	3.159	0
9062	454	680	48	0.704	0.609	811.722	3.422	0	592	223	0.493	0.612	755.258	3.247	0
9082	455	-1280	-1024	0.703	0.609	-1.000	-1.000	4	-1280	-1024	0.492	0.612	-1.000	-1.000	4
9101	456	664	58	0.703	0.609	813.959	3.435	0	592	178	0.492	0.612	759.887	3.214	0
9121	457	671	55	0.704	0.609	815.423	3.479	0	593	196	0.493	0.612	760.881	3.218	0
9141	458	659	46	0.704	0.609	816.205	3.468	0	606	194	0.492	0.612	760.865	3.240	0
9161	459	699	51	0.703	0.609	818.591	3.456	0	622	181	0.491	0.612	762.422	3.211	0
9181	460	-1280	-1024	0.703	0.609	-1.000	-1.000	4	-1280	-1024	0.492	0.612	-1.000	-1.000	4
9201	461	631	19	0.703	0.610	814.832	3.501	0	565	196	0.492	0.613	741.943	3.154	0
9221	462	541	187	0.703	0.609	814.775	3.495	0	506	233	0.492	0.613	742.179	3.148	0
9241	463	-1280	-1024	-1.000	-1.000	-1.000	-1.000	4	-1280	-1024	-1.000	-1.000	-1.000	-1.000	4
9261	464	-1280	-1024	-1.000	-1.000	-1.000	-1.000	4	-1280	-1024	-1.000	-1.000	-1.000	-1.000	4
9281	465	-1280	-1024	-1.000	-1.000	-1.000	-1.000	4	-1280	-1024	-1.000	-1.000	-1.000	-1.000	4
9301	466	-1280	-1024	-1.000	-1.000	-1.000	-1.000	4	-1280	-1024	-1.000	-1.000	-1.000	-1.000	4
9321	467	-1280	-1024	-1.000	-1.000	-1.000	-1.000	4	-1280	-1024	-1.000	-1.000	-1.000	-1.000	4
9341	468	-1280	-1024	0.706	0.614	-1.000	-1.000	4	-1280	-1024	0.495	0.616	-1.000	-1.000	4
9361	469	302	506	0.706	0.614	826.529	3.556	0	356	642	0.495	0.617	755.584	3.389	0
9381	470	314	506	0.705	0.614	826.447	3.553	0	349	660	0.494	0.617	755.407	3.328	0
9401	471	318	464	0.705	0.614	828.441	3.579	0	352	649	0.494	0.617	759.159	3.332	0
9420	472	306	472	0.705	0.614	828.244	3.564	0	365	638	0.494	0.617	758.688	3.331	0
9440	473	-1280	-1024	0.706	0.614	-1.000	-1.000	4	-1280	-1024	0.495	0.617	-1.000	-1.000	4
9460	474	325	579	0.706	0.614	813.637	3.590	0	351	650	0.495	0.617	773.781	3.510	0
9480	475	351	596	0.706	0.614	813.703	3.636	0	353	613	0.494	0.617	773.430	3.422	0
9500	476	306	622	0.706	0.615	810.760	3.681	0	330	669	0.495	0.617	789.182	3.570	0
9520	477	290	615	0.706	0.615	811.204	3.571	0	305	674	0.495	0.617	789.023	3.486	0
9540	478	-1280	-1024	0.706	0.615	-1.000	-1.000	4	-1280	-1024	0.495	0.617	-1.000	-1.000	4
9560	479	318	673	0.706	0.615	803.322	3.618	0	316	671	0.495	0.618	795.093	3.678	0
9580	480	324	639	0.705	0.615	803.598	3.699	0	325	669	0.494	0.618	794.948	3.619	0
9600	481	321	619	0.706	0.616	803.842	3.588	0	330	676	0.495	0.618	794.820	3.625	0
9620	482	324	649	0.706	0.616	794.439	3.586	0	328	662	0.495	0.619	795.391	3.681	0
9640	483	336	647	0.706	0.616	794.940	3.589	0	366	674	0.495	0.619	796.768	3.702	0
9660	484	399	648	0.705	0.616	794.962	3.593	0	396	626	0.494	0.619	799.111	3.575	0
9680	485	416	638	0.705	0.616	794.958	3.584	0	395	684	0.494	0.619	799.122	3.601	0
9700	486	413	639	0.705	0.616	794.955	3.614	0	378	665	0.494	0.619	799.132	3.580	0
9720	487	391	637	0.705	0.616	794.952	3.517	0	402	662	0.494	0.619	799.142	3.630	0
9740	488	-1280	-1024	0.706	0.616	-1.000	-1.000	4	-1280	-1024	0.495	0.619	-1.000	-1.000	4
9759	489	407	683	0.706	0.616	801.431	3.740	0	417	624	0.495	0.619	802.497	3.647	0
9779	490	416	663	0.706	0.616	801.398	3.659	0	408	714	0.495	0.618	802.497	3.755	0
9799	491	407	628	0.706	0.616	805.069	3.568	0	404	693	0.495	0.618	804.510	3.653	0
9819	492	391	615	0.706	0.616	805.446	3.634	0	410	692	0.495	0.618	804.734	3.704	0
9839	493	399	624	0.706	0.616	809.763	3.683	0	408	669	0.496	0.618	809.124	3.763	0
9859	494	403	643	0.706	0.616	809.784	3.733	0	406	659	0.495	0.618	809.107	3.631	0
9879	495	404	653	0.706	0.616	809.802	3.753	0	401	659	0.495	0.618	809.097	3.613	0
9899	496	416	600	0.706	0.616	809.820	3.541	0	399	637	0.495	0.618	809.089	3.568	0
9919	497	-1280	-1024	0.707	0.616	-1.000	-1.000	4	-1280	-1024	0.496	0.618	-1.000	-1.000	4
9939	498	451	639	0.706	0.616	815.956	3.803	0	450	628	0.496	0.618	811.574	3.555	0
9959	499	467	639	0.707	0.616	817.887	3.696	0	460	668	0.496	0.618	814.198	3.741	0
9979	500	464	637	0.707	0.616	820.329	3.734	0	441	640	0.496	0.618	809.505	3.532	0
9999	501	465	640	0.706	0.616	820.347	3.726	0	435	644	0.495	0.618	809.594	3.582	0
10019	502	445	657	0.706	0.616	820.367	3.831	0	440	642	0.495	0.618	809.673	3.526	0
10039	503	452	642	0.706	0.616	820.386	3.736	0	449	633	0.495	0.618	809.745	3.513	0
10059	504	-1280	-1024	0.707	0.616	-1.000	-1.000	4	-1280	-1024	0.496	0.618	-1.000	-1.000	4
10079	505	454	614	0.707	0.616	820.351	3.725	0	476	610	0.496	0.618	811.047	3.631	0
10098	506	509	581	0.707	0.617	826.611	3.659	0	510	604	0.496	0.618	813.299	3.482	0
10118	507	748	572	0.705	0.617	836.151	3.735	0	773	590	0.494	0.619	815.020	3.816	0
10138	508	-1280	-1024	0.702	0.617	-1.000	-1.000	4	-1280	-1024	0.492	0.619	-1.000	-1.000	4
10158	509	1024	581	0.702	0.617	839.999	3.769	0	984	619	0.491	0.619	811.308	3.544	0
10178	510	1000	584	0.702	0.617	839.974	3.706	0	981	607	0.491	0.619	811.268	3.487	0
10198	511	-1280	-1024	0.703	0.617	-1.000	-1.000	4	-1280	-1024	0.492	0.619	-1.000	-1.000	4
10218	512	997	601	0.703	0.617	833.698	3.754	0	1017	589	0.493	0.619	814.199	3.537	0
10238	513	1009	599	0.704	0.617	840.003	3.765	0	985	621	0.493	0.618	816.979	3.547	0
10258	514	1026	590	0.705	0.617	839.974	3.671	0	990	629	0.494	0.618	816.971	3.569	0
10278	515	1005	604	0.704	0.617	832.804	3.744	0	1034	590	0.493	0.618	829.172	3.552	0
10298	516	990	631	0.704	0.617	829.798	3.855	0	1014	642	0.493	0.618	817.083	3.455	0
10318	517	994	633	0.704	0.617	826.039	3.854	0	1014	619	0.493	0.618	809.661	3.431	0
10338	518	1005	616	0.704	0.617	824.794	3.719	0	1009	635	0.493	0.618	806.773	3.476	0
10358	519	1004	605	0.704	0.617	828.624	3.677	0	1000	613	0.493	0.619	804.432	3.496	0
