0	1	-1280	-1024	-1.000	-1.000	-1.000	-1.000	4	-1280	-1024	-1.000	-1.000	-1.000	-1.000	4
20	2	-1280	-1024	0.571	0.516	-1.000	-1.000	4	-1280	-1024	0.340	0.528	-1.000	-1.000	4
40	3	-1280	-1024	-1.000	-1.000	-1.000	-1.000	4	-1280	-1024	-1.000	-1.000	-1.000	-1.000	4
60	4	636	433	0.573	0.515	819.660	3.551	0	635	409	0.342	0.527	818.374	3.290	0
80	5	647	434	0.573	0.515	819.660	3.584	0	637	422	0.342	0.527	818.374	3.305	0
100	6	648	432	0.573	0.514	819.660	3.510	0	645	419	0.342	0.526	818.374	3.370	0
120	7	653	441	0.572	0.514	814.623	3.487	0	648	412	0.341	0.526	820.512	3.410	0
140	8	617	414	0.572	0.515	814.623	3.551	0	655	450	0.341	0.527	820.512	3.397	0
160	9	619	413	0.573	0.515	814.623	3.608	0	655	401	0.341	0.527	820.512	3.327	0
180	10	658	402	0.572	0.515	814.623	3.460	0	642	423	0.341	0.527	820.512	3.322	0
200	11	644	412	0.572	0.515	814.623	3.495	0	631	393	0.341	0.527	820.512	3.327	0
220	12	666	409	0.572	0.514	813.841	3.478	0	622	410	0.340	0.527	813.361	3.297	0
247	13	655	431	0.572	0.515	813.841	3.452	0	661	405	0.340	0.527	813.361	3.224	0
260	14	650	430	0.572	0.515	813.841	3.440	0	655	422	0.341	0.527	813.361	3.199	0
280	15	645	436	0.572	0.515	813.841	3.464	0	649	436	0.341	0.527	813.361	3.203	0
299	16	637	414	0.572	0.515	813.841	3.388	0	661	424	0.341	0.527	813.361	3.228	0
319	17	634	420	0.571	0.515	810.211	3.368	0	662	430	0.340	0.527	812.900	3.216	0
339	18	634	413	0.572	0.515	810.211	3.333	0	655	423	0.340	0.527	812.900	3.127	0
359	19	646	427	0.572	0.515	810.211	3.331	0	657	438	0.341	0.527	812.900	3.137	0
379	20	636	439	0.572	0.515	810.211	3.337	0	671	440	0.341	0.528	812.900	3.178	0
399	21	666	426	0.572	0.515	810.211	3.331	0	651	428	0.341	0.528	812.900	3.088	0
419	22	670	431	0.572	0.515	809.859	3.332	0	651	426	0.340	0.527	818.659	3.122	0
439	23	636	426	0.572	0.515	809.859	3.263	0	645	411	0.340	0.527	818.659	3.138	0
459	24	627	410	0.573	0.515	809.859	3.216	0	648	432	0.341	0.527	818.659	3.088	0
479	25	645	419	0.573	0.515	809.859	3.210	0	641	426	0.341	0.527	818.659	3.078	0
499	26	637	411	0.572	0.515	809.859	3.204	0	647	394	0.341	0.528	818.659	3.071	0
519	27	646	413	0.572	0.515	810.650	3.201	0	644	402	0.340	0.528	818.111	3.061	0
539	28	499	541	0.572	0.516	810.650	3.164	0	494	533	0.342	0.529	818.111	3.010	0
559	29	397	630	0.575	0.517	810.650	3.138	0	344	564	0.344	0.529	818.111	2.977	0
579	30	368	620	0.575	0.517	810.650	3.110	0	435	600	0.344	0.529	818.111	3.084	0
599	31	401	629	0.573	0.517	810.650	3.094	0	369	573	0.342	0.529	818.111	3.035	0
618	32	378	619	0.574	0.517	815.396	3.095	0	352	587	0.343	0.529	817.032	3.043	0
638	33	388	613	0.574	0.517	815.396	3.092	0	349	578	0.343	0.529	817.032	2.916	0
658	34	394	609	0.573	0.516	815.396	3.113	0	385	590	0.342	0.529	817.032	2.946	0
678	35	388	622	0.573	0.516	815.396	3.054	0	388	505	0.342	0.529	817.032	2.906	0
698	36	394	608	0.573	0.516	815.396	3.069	0	396	558	0.342	0.529	817.032	2.915	0
718	37	392	613	0.574	0.516	814.115	3.058	0	399	543	0.343	0.529	815.274	2.914	0
738	38	372	625	0.574	0.517	814.115	3.109	0	402	537	0.343	0.529	815.274	2.945	0
758	39	388	612	0.573	0.516	814.115	3.035	0	388	541	0.342	0.529	815.274	2.892	0
778	40	378	577	0.573	0.516	814.115	3.077	0	396	544	0.342	0.529	815.274	2.895	0
798	41	386	600	0.573	0.517	814.115	2.994	0	382	561	0.342	0.529	815.274	2.853	0
818	42	383	584	0.574	0.517	814.998	2.998	0	383	573	0.343	0.529	810.180	2.824	0
838	43	363	588	0.574	0.517	814.998	2.950	0	375	574	0.343	0.529	810.180	2.825	0
858	44	374	585	0.573	0.517	814.998	2.892	0	379	553	0.342	0.529	810.180	2.808	0
878	45	293	573	0.574	0.516	814.998	2.884	0	312	595	0.343	0.529	810.180	2.796	0
898	46	298	606	0.574	0.516	814.998	2.998	0	309	592	0.343	0.529	810.180	2.872	0
918	47	303	605	0.574	0.516	813.928	2.967	0	306	580	0.343	0.529	815.880	2.884	0
937	48	302	618	0.574	0.516	813.928	2.942	0	323	603	0.343	0.529	815.880	2.834	0
957	49	290	592	0.573	0.516	813.928	2.915	0	334	559	0.343	0.529	815.880	2.860	0
977	50	335	637	0.573	0.516	813.928	3.009	0	322	571	0.343	0.529	815.880	2.870	0
997	51	324	639	0.573	0.516	813.928	2.954	0	342	548	0.342	0.529	815.880	2.833	0
1017	52	313	641	0.574	0.516	814.285	2.966	0	341	549	0.343	0.529	815.817	2.848	0
1037	53	289	597	0.574	0.516	814.285	2.914	0	311	592	0.343	0.529	815.817	2.790	0
1057	54	305	583	0.573	0.516	814.285	2.949	0	330	525	0.342	0.529	815.817	2.847	0
1077	55	384	612	0.573	0.516	814.285	2.901	0	421	542	0.342	0.529	815.817	2.732	0
1097	56	431	603	0.573	0.516	814.285	2.987	0	424	558	0.341	0.529	815.817	2.794	0
1117	57	408	599	0.573	0.516	817.190	2.994	0	402	528	0.342	0.529	812.835	2.784	0
1137	58	425	617	0.573	0.516	817.190	2.910	0	442	550	0.342	0.529	812.835	2.767	0
1157	59	386	575	0.573	0.516	817.190	2.913	0	438	561	0.342	0.529	812.835	2.838	0
1177	60	415	585	0.573	0.516	817.190	2.961	0	430	590	0.342	0.529	812.835	2.749	0
1197	61	426	608	0.573	0.516	817.190	2.853	0	441	579	0.342	0.529	812.835	2.827	0
1217	62	437	593	0.574	0.516	814.145	2.850	0	440	589	0.343	0.529	816.993	2.809	0
1237	63	439	615	0.574	0.516	814.145	2.865	0	432	558	0.343	0.528	816.993	2.791	0
1256	64	567	587	0.572	0.516	814.145	2.926	0	579	604	0.341	0.528	816.993	2.779	0
1276	65	861	586	0.569	0.516	814.145	2.776	0	869	606	0.338	0.529	816.993	2.819	0
1296	66	940	616	0.568	0.516	814.145	2.927	0	960	616	0.337	0.528	816.993	2.691	0
1316	67	1021	597	0.569	0.516	816.487	2.885	0	1053	618	0.338	0.529	817.624	2.689	0
1336	68	942	594	0.569	0.516	816.487	2.992	0	978	591	0.338	0.528	817.624	2.708	0
1356	69	934	621	0.568	0.516	816.487	2.954	0	973	600	0.337	0.528	817.624	2.751	0
1376	70	948	586	0.570	0.516	816.487	2.889	0	959	575	0.338	0.528	817.624	2.733	0
1396	71	975	589	0.570	0.516	816.487	2.905	0	971	579	0.338	0.528	817.624	2.680	0
1416	72	1002	593	0.569	0.516	816.775	2.922	0	985	572	0.337	0.528	819.804	2.702	0
1436	73	955	603	0.569	0.516	816.775	2.863	0	966	617	0.337	0.528	819.804	2.676	0
1456	74	965	578	0.569	0.516	816.775	2.955	0	971	610	0.338	0.528	819.804	2.755	0
1476	75	956	590	0.569	0.516	816.775	2.911	0	967	569	0.338	0.528	819.804	2.702	0
1496	76	1024	625	0.568	0.516	816.775	2.971	0	1092	567	0.337	0.529	819.804	2.678	0
1516	77	1039	615	0.567	0.516	818.458	2.967	0	1130	569	0.336	0.529	818.197	2.699	0
1536	78	1080	588	0.567	0.516	818.458	2.925	0	1078	621	0.336	0.529	818.197	2.696	0
1556	79	1068	646	0.568	0.516	818.458	2.972	0	1127	594	0.337	0.529	818.197	2.708	0
1575	80	1072	600	0.568	0.516	818.458	2.941	0	1122	629	0.337	0.529	818.197	2.754	0
1595	81	1081	627	0.568	0.516	818.458	2.937	0	1130	626	0.337	0.529	818.197	2.758	0
1615	82	1086	606	0.568	0.516	817.975	2.932	0	1129	624	0.337	0.529	817.120	2.759	0
1635	83	1100	611	0.567	0.516	817.975	2.878	0	1092	597	0.336	0.528	817.120	2.735	0
1655	84	1120	579	0.568	0.516	817.975	2.925	0	1109	593	0.337	0.528	817.120	2.623	0
1675	85	1086	600	0.568	0.516	817.975	2.920	0	1114	573	0.337	0.528	817.120	2.699	0
1695	86	989	626	0.569	0.516	817.975	2.923	0	998	590	0.338	0.528	817.120	2.629	0
1715	87	1044	621	0.569	0.516	812.274	2.901	0	1062	586	0.338	0.528	813.819	2.646	0
1735	88	829	646	0.569	0.515	812.274	2.944	0	877	580	0.338	0.528	813.819	2.649	0
1755	89	849	671	0.570	0.516	812.274	2.993	0	865	621	0.339	0.528	813.819	2.769	0
1775	90	830	613	0.570	0.515	812.274	2.851	0	861	575	0.339	0.528	813.819	2.719	0
1795	91	829	627	0.570	0.515	812.274	2.877	0	858	591	0.339	0.528	813.819	2.727	0
1815	92	828	625	0.569	0.515	811.039	2.856	0	855	599	0.338	0.528	815.405	2.740	0
1835	93	841	625	0.569	0.516	811.039	2.896	0	857	577	0.338	0.528	815.405	2.689	0
1855	94	822	597	0.570	0.516	811.039	2.837	0	843	602	0.339	0.528	815.405	2.769	0
1875	95	839	608	0.570	0.516	811.039	2.896	0	862	587	0.339	0.529	815.405	2.713	0
1894	96	839	628	0.570	0.516	811.039	2.851	0	859	564	0.339	0.528	815.405	2.757	0
1914	97	838	615	0.569	0.515	812.248	2.880	0	856	571	0.338	0.528	815.781	2.736	0
1934	98	815	611	0.569	0.515	812.248	2.872	0	879	543	0.338	0.528	815.781	2.663	0
1954	99	823	636	0.570	0.515	812.248	2.908	0	855	581	0.339	0.528	815.781	2.718	0
1974	100	832	615	0.570	0.515	812.248	2.909	0	873	612	0.339	0.528	815.781	2.765	0
1994	101	838	608	0.570	0.515	812.248	2.949	0	864	598	0.339	0.528	815.781	2.738	0
2014	102	845	615	0.569	0.515	811.755	2.960	0	873	616	0.338	0.528	814.372	2.755	0
2034	103	733	650	0.570	0.515	811.755	3.003	0	732	538	0.339	0.528	814.372	2.728	0
2054	104	530	636	0.573	0.516	811.755	2.869	0	530	591	0.343	0.528	814.372	2.757	0
2074	105	469	627	0.574	0.516	811.755	2.940	0	472	590	0.343	0.528	814.372	2.808	0
2094	106	461	637	0.574	0.516	811.755	2.912	0	467	612	0.343	0.528	814.372	2.798	0
2114	107	448	629	0.573	0.516	815.979	2.965	0	467	626	0.342	0.528	809.359	2.783	0
2134	108	448	632	0.573	0.516	815.979	2.976	0	473	584	0.342	0.528	809.359	2.740	0
2154	109	347	609	0.575	0.515	815.979	2.859	0	361	580	0.344	0.528	809.359	2.765	0
2174	110	372	598	0.573	0.515	815.979	2.945	0	388	530	0.342	0.528	809.359	2.870	0
2194	111	387	627	0.573	0.515	815.979	2.915	0	403	532	0.342	0.528	809.359	2.846	0
2213	112	402	613	0.574	0.515	815.837	2.872	0	418	527	0.343	0.528	813.491	2.837	0
2233	113	366	590	0.574	0.515	815.837	2.922	0	404	549	0.343	0.528	813.491	2.782	0
2253	114	379	601	0.573	0.515	815.837	2.876	0	395	563	0.342	0.528	813.491	2.878	0
2273	115	368	594	0.573	0.516	815.837	2.961	0	375	603	0.342	0.528	813.491	2.867	0
2293	116	366	612	0.573	0.516	815.837	2.956	0	363	556	0.342	0.528	813.491	2.894	0
2313	117	363	614	0.574	0.516	814.579	2.947	0	346	570	0.343	0.528	815.569	2.902	0
2333	118	393	652	0.574	0.516	814.579	2.980	0	373	571	0.343	0.528	815.569	2.827	0
2353	119	367	572	0.574	0.516	814.579	2.890	0	409	550	0.343	0.528	815.569	2.835	0
2373	120	352	568	0.574	0.516	814.579	2.938	0	381	549	0.342	0.528	815.569	2.823	0
2393	121	371	614	0.573	0.516	814.579	2.872	0	372	557	0.342	0.528	815.569	2.846	0
2413	122	367	572	0.574	0.515	813.709	2.879	0	363	564	0.343	0.528	812.122	2.834	0
2433	123	349	631	0.574	0.515	813.709	2.872	0	337	637	0.343	0.528	812.122	2.964	0
2453	124	216	395	0.574	0.513	813.709	2.956	0	236	369	0.344	0.526	812.122	2.748	0
2473	125	132	290	0.575	0.511	813.709	2.915	0	132	183	0.345	0.524	812.122	2.756	0
2493	126	105	227	0.575	0.511	813.709	3.008	0	108	186	0.345	0.524	812.122	2.802	0
2513	127	78	165	0.576	0.511	812.764	3.008	0	81	177	0.346	0.524	817.442	2.840	0
2532	128	130	219	0.576	0.511	812.764	2.964	0	118	142	0.346	0.524	817.442	2.872	0
2552	129	115	205	0.575	0.511	812.764	2.988	0	125	146	0.345	0.524	817.442	2.875	0
2572	130	112	211	0.576	0.511	812.764	2.960	0	118	143	0.345	0.524	817.442	2.724	0
2592	131	105	205	0.576	0.512	812.764	2.944	0	133	142	0.345	0.524	817.442	2.821	0
2612	132	103	210	0.576	0.512	811.104	2.942	0	132	139	0.346	0.524	819.325	2.787	0
2632	133	-1280	-1024	-1.000	-1.000	-1.000	-1.000	4	-1280	-1024	-1.000	-1.000	-1.000	-1.000	4
2652	134	-1280	-1024	-1.000	-1.000	-1.000	-1.000	4	-1280	-1024	-1.000	-1.000	-1.000	-1.000	4
2672	135	-1280	-1024	-1.000	-1.000	-1.000	-1.000	4	-1280	-1024	-1.000	-1.000	-1.000	-1.000	4
2692	136	-1280	-1024	-1.000	-1.000	-1.000	-1.000	4	-1280	-1024	-1.000	-1.000	-1.000	-1.000	4
2712	137	-1280	-1024	0.576	0.512	-1.000	-1.000	4	-1280	-1024	0.345	0.524	-1.000	-1.000	4
2732	138	160	173	0.576	0.512	810.203	2.865	0	168	111	0.345	0.524	816.152	2.780	0
2752	139	157	171	0.576	0.512	810.203	2.903	0	-1280	-1024	0.576	0.512	-1.000	-1.000	4
2772	140	169	175	0.575	0.512	810.203	2.888	0	163	107	0.344	0.525	816.152	2.831	0
2792	141	145	189	0.576	0.512	810.203	2.891	0	157	117	0.345	0.525	816.152	2.861	0
2812	142	120	188	0.576	0.512	811.209	2.898	0	156	114	0.345	0.525	817.182	2.864	0
2831	143	203	179	0.575	0.512	811.209	2.916	0	194	99	0.345	0.524	817.182	2.863	0
2851	144	193	174	0.575	0.512	811.209	2.920	0	204	110	0.344	0.524	817.182	2.779	0
2871	145	191	166	0.575	0.512	811.209	2.927	0	196	107	0.344	0.525	817.182	2.809	0
2891	146	198	153	0.575	0.512	811.209	3.016	0	215	114	0.344	0.525	817.182	2.803	0
2911	147	196	146	0.575	0.512	811.522	3.029	0	212	107	0.344	0.525	820.284	2.808	0
2931	148	192	161	0.574	0.512	811.522	2.930	0	187	105	0.344	0.525	820.284	2.877	0
2951	149	193	171	0.574	0.512	811.522	2.983	0	187	110	0.344	0.525	820.284	2.844	0
2971	150	187	164	0.574	0.512	811.522	2.987	0	208	115	0.343	0.525	820.284	2.741	0
2991	151	194	199	0.574	0.512	811.522	2.911	0	200	98	0.343	0.525	820.284	2.816	0
3011	152	191	206	0.574	0.512	811.311	2.936	0	206	109	0.343	0.525	817.057	2.761	0
3031	153	209	65	0.574	0.511	811.311	2.958	0	213	-22	0.344	0.524	817.057	2.756	0
3051	154	225	70	0.574	0.511	811.311	2.960	0	224	-37	0.344	0.524	817.057	2.748	0
3071	155	225	69	0.574	0.511	811.311	2.950	0	213	-29	0.343	0.524	817.057	2.765	0
3091	156	221	55	0.574	0.511	811.311	2.946	0	221	-18	0.343	0.524	817.057	2.759	0
3111	157	227	53	0.573	0.511	812.626	2.947	0	219	-22	0.343	0.524	817.048	2.760	0
3131	158	220	44	0.573	0.511	812.626	2.980	0	215	-29	0.343	0.525	817.048	2.795	0
3150	159	226	54	0.573	0.511	812.626	2.985	0	224	-20	0.343	0.525	817.048	2.774	0
3170	160	192	77	0.573	0.511	812.626	2.948	0	219	-16	0.342	0.525	817.048	2.841	0
3190	161	198	68	0.573	0.511	812.626	2.893	0	210	-10	0.342	0.525	817.048	2.820	0
3210	162	186	77	0.572	0.511	814.073	2.884	0	211	-5	0.342	0.525	817.198	2.829	0
3230	163	221	52	0.572	0.512	814.073	2.920	0	221	-8	0.342	0.525	817.198	2.802	0
3250	164	225	42	0.572	0.512	814.073	2.944	0	219	-27	0.342	0.525	817.198	2.787	0
3270	165	216	51	0.572	0.512	814.073	2.971	0	217	-16	0.342	0.525	817.198	2.813	0
3290	166	208	43	0.572	0.512	814.073	2.948	0	215	-29	0.342	0.525	817.198	2.844	0
3310	167	207	49	0.572	0.512	812.571	2.953	0	214	-26	0.342	0.525	817.711	2.848	0
3330	168	67	58	0.573	0.512	812.571	2.945	0	88	-12	0.343	0.525	817.711	2.812	0
3350	169	79	82	0.573	0.512	812.571	2.876	0	85	-21	0.342	0.526	817.711	2.846	0
3370	170	79	91	0.573	0.512	812.571	2.884	0	81	-10	0.342	0.526	817.711	2.857	0
3390	171	82	77	0.573	0.512	812.571	2.883	0	73	6	0.342	0.526	817.711	2.856	0
3410	172	82	79	0.572	0.512	812.586	2.883	0	72	9	0.342	0.526	816.734	2.851	0
3430	173	78	85	0.572	0.512	812.586	2.929	0	79	3	0.342	0.526	816.734	2.828	0
3450	174	78	95	0.572	0.512	812.586	2.888	0	88	-1	0.342	0.526	816.734	2.838	0
3470	175	72	91	0.572	0.512	812.586	2.920	0	88	-20	0.342	0.526	816.734	2.824	0
3490	176	85	89	0.572	0.512	812.586	2.954	0	95	-7	0.342	0.526	816.734	2.749	0
3509	177	88	99	0.572	0.512	810.253	2.935	0	95	-16	0.342	0.526	816.798	2.744	0
3529	178	70	111	0.573	0.512	810.253	2.929	0	61	-9	0.342	0.526	816.798	2.893	0
3549	179	62	106	0.573	0.512	810.253	2.995	0	55	-12	0.342	0.526	816.798	2.865	0
3569	180	60	106	0.573	0.512	810.253	2.992	0	56	-8	0.342	0.526	816.798	2.875	0
3589	181	49	113	0.573	0.512	810.253	3.005	0	47	-11	0.342	0.526	816.798	2.865	0
3609	182	46	110	0.573	0.512	810.200	3.008	0	45	-13	0.342	0.526	817.545	2.870	0
3629	183	53	96	0.573	0.512	810.200	2.980	0	61	-11	0.342	0.526	817.545	2.888	0
3649	184	67	97	0.573	0.512	810.200	2.972	0	63	-23	0.342	0.526	817.545	2.891	0
3669	185	62	104	0.573	0.512	810.200	3.029	0	66	-9	0.342	0.526	817.545	2.878	0
3689	186	53	111	0.573	0.512	810.200	3.038	0	60	-20	0.342	0.526	817.545	2.934	0
3709	187	61	117	0.573	0.512	809.015	3.042	0	60	-14	0.342	0.526	817.612	2.937	0
3729	188	52	100	0.573	0.513	809.015	2.988	0	56	17	0.342	0.526	817.612	2.849	0
3749	189	79	106	0.573	0.513	809.015	3.035	0	73	7	0.342	0.527	817.612	2.906	0
3769	190	104	86	0.573	0.513	809.015	3.066	0	102	21	0.342	0.527	817.612	2.934	0
3789	191	237	66	0.572	0.513	809.015	3.071	0	279	34	0.341	0.526	817.612	2.877	0
3809	192	269	53	0.571	0.513	812.399	3.088	0	308	32	0.341	0.526	817.670	2.915	0
3828	193	259	91	0.571	0.512	812.399	3.126	0	275	27	0.341	0.526	817.670	2.980	0
3848	194	253	77	0.571	0.512	812.399	3.117	0	272	7	0.341	0.526	817.670	2.931	0
3868	195	263	54	0.571	0.512	812.399	3.130	0	262	30	0.341	0.526	817.670	2.919	0
3888	196	276	57	0.571	0.512	812.399	3.085	0	286	18	0.341	0.526	817.670	3.002	0
3908	197	280	60	0.571	0.512	812.811	3.082	0	282	11	0.340	0.526	818.568	2.980	0
3928	198	277	77	0.571	0.512	812.811	3.087	0	271	-1	0.340	0.526	818.568	3.022	0
3948	199	218	82	0.571	0.512	812.811	3.152	0	219	-3	0.341	0.526	818.568	2.981	0
3968	200	186	68	0.572	0.512	812.811	3.144	0	205	11	0.341	0.526	818.568	2.999	0
3988	201	201	74	0.572	0.512	812.811	3.083	0	200	21	0.341	0.526	818.568	2.952	0
4008	202	186	77	0.572	0.512	811.722	3.109	0	192	25	0.341	0.526	819.608	2.952	0
4028	203	187	93	0.572	0.512	811.722	3.062	0	193	32	0.341	0.525	819.608	2.924	0
4048	204	189	76	0.572	0.512	811.722	3.055	0	181	38	0.341	0.526	819.608	2.873	0
4068	205	189	96	0.572	0.512	811.722	3.045	0	185	15	0.342	0.525	819.608	2.905	0
4088	206	197	97	0.572	0.512	811.722	3.053	0	189	13	0.342	0.525	819.608	2.919	0
4108	207	199	100	0.572	0.512	810.557	3.046	0	193	11	0.342	0.525	819.472	2.901	0
4128	208	207	77	0.573	0.512	810.557	3.080	0	207	22	0.342	0.525	819.472	2.989	0
4147	209	183	92	0.573	0.512	810.557	3.047	0	202	0	0.342	0.525	819.472	2.918	0
4167	210	182	88	0.573	0.512	810.557	3.064	0	188	10	0.342	0.525	819.472	2.883	0
4187	211	200	86	0.573	0.512	810.557	3.075	0	198	-10	0.342	0.525	819.472	2.905	0
4207	212	187	81	0.573	0.512	811.278	3.065	0	193	-8	0.343	0.525	818.557	2.885	0
4227	213	186	85	0.574	0.512	811.278	3.041	0	179	11	0.343	0.525	818.557	2.902	0
4247	214	207	81	0.574	0.512	811.278	3.057	0	183	30	0.343	0.525	818.557	2.858	0
4267	215	222	68	0.574	0.512	811.278	3.113	0	207	25	0.343	0.525	818.557	2.917	0
4287	216	296	68	0.573	0.511	811.278	3.090	0	308	24	0.343	0.524	818.557	2.891	0
4307	217	317	58	0.573	0.511	814.339	3.128	0	326	45	0.343	0.524	814.256	2.867	0
4327	218	304	58	0.573	0.511	814.339	3.116	0	324	21	0.343	0.524	814.256	2.906	0
4347	219	300	62	0.573	0.511	814.339	3.062	0	329	19	0.343	0.524	814.256	2.853	0
4367	220	301	60	0.573	0.511	814.339	3.105	0	330	33	0.343	0.524	814.256	2.868	0
4387	221	302	65	0.573	0.511	814.339	3.112	0	320	34	0.343	0.524	814.256	2.864	0
4407	222	301	67	0.573	0.511	813.772	3.094	0	320	23	0.343	0.525	818.846	2.877	0
4427	223	288	72	0.573	0.511	813.772	3.061	0	321	40	0.343	0.525	818.846	2.885	0
4446	224	289	43	0.573	0.512	813.772	3.129	0	322	48	0.343	0.525	818.846	2.927	0
4466	225	291	43	0.574	0.512	813.772	3.147	0	292	32	0.343	0.525	818.846	2.880	0
4486	226	265	49	0.574	0.512	813.772	3.159	0	288	27	0.343	0.525	818.846	2.961	0
4506	227	267	55	0.575	0.512	812.140	3.164	0	282	20	0.344	0.525	820.796	2.964	0
4526	228	211	84	0.575	0.512	812.140	3.146	0	231	13	0.344	0.525	820.796	2.951	0
4546	229	206	68	0.575	0.512	812.140	3.105	0	236	27	0.344	0.525	820.796	2.927	0
4566	230	224	88	0.575	0.512	812.140	3.101	0	213	32	0.344	0.525	820.796	2.895	0
4586	231	217	55	0.574	0.512	812.140	3.158	0	208	9	0.344	0.525	820.796	2.986	0
4606	232	222	63	0.574	0.512	809.732	3.128	0	207	26	0.343	0.524	818.172	2.959	0
4626	233	217	95	0.574	0.511	809.732	3.092	0	239	35	0.343	0.524	818.172	2.915	0
4646	234	219	83	0.574	0.511	809.732	3.112	0	225	49	0.343	0.524	818.172	2.890	0
4666	235	212	95	0.574	0.511	809.732	3.155	0	204	34	0.343	0.525	818.172	3.001	0
4686	236	217	97	0.574	0.511	809.732	3.103	0	211	45	0.343	0.525	818.172	2.926	0
4706	237	217	95	0.574	0.511	809.521	3.123	0	216	45	0.343	0.525	815.925	2.934	0
4726	238	193	99	0.574	0.511	809.521	3.133	0	219	49	0.343	0.525	815.925	2.962	0
4746	239	207	89	0.574	0.511	809.521	3.105	0	216	42	0.343	0.525	815.925	2.977	0
4766	240	255	79	0.573	0.511	809.521	3.127	0	301	57	0.342	0.525	815.925	2.903	0
4785	241	316	96	0.573	0.511	809.521	3.123	0	341	42	0.342	0.525	815.925	2.932	0
4805	242	341	79	0.573	0.511	815.155	3.135	0	380	43	0.342	0.525	816.188	2.919	0
4825	243	317	75	0.573	0.511	815.155	3.145	0	332	39	0.342	0.525	816.188	2.945	0
4845	244	293	49	0.573	0.511	815.155	3.226	0	321	34	0.342	0.525	816.188	2.971	0
4865	245	302	58	0.573	0.511	815.155	3.182	0	319	36	0.342	0.525	816.188	2.930	0
4885	246	307	66	0.573	0.511	815.155	3.148	0	332	36	0.342	0.524	816.188	2.965	0
4905	247	309	54	0.573	0.511	815.660	3.180	0	327	43	0.342	0.524	813.921	2.941	0
4925	248	322	68	0.573	0.511	815.660	3.179	0	323	0	0.343	0.524	813.921	3.010	0
4945	249	320	73	0.573	0.511	815.660	3.131	0	349	39	0.343	0.524	813.921	2.999	0
4965	250	262	69	0.574	0.511	815.660	3.174	0	272	41	0.343	0.524	813.921	2.933	0
4985	251	206	76	0.575	0.511	815.660	3.149	0	223	20	0.344	0.524	813.921	3.016	0
5005	252	185	88	0.574	0.511	811.298	3.152	0	206	12	0.344	0.524	816.870	3.005	0
5025	253	224	93	0.575	0.511	811.298	3.128	0	219	13	0.344	0.524	816.870	3.026	0
5045	254	227	79	0.575	0.511	811.298	3.127	0	190	11	0.344	0.524	816.870	2.925	0
5065	255	219	86	0.575	0.511	811.298	3.142	0	202	16	0.344	0.524	816.870	3.065	0
5084	256	217	83	0.575	0.511	811.298	3.166	0	215	15	0.344	0.524	816.870	3.034	0
5104	257	216	85	0.575	0.511	812.437	3.177	0	207	15	0.344	0.524	816.999	3.019	0
5124	258	219	80	0.575	0.511	812.437	3.204	0	214	17	0.344	0.524	816.999	3.021	0
5144	259	223	76	0.575	0.511	812.437	3.190	0	215	12	0.344	0.524	816.999	3.016	0
5164	260	214	100	0.575	0.511	812.437	3.197	0	224	11	0.344	0.524	816.999	3.093	0
5184	261	219	92	0.575	0.511	812.437	3.183	0	222	9	0.344	0.524	816.999	3.032	0
5204	262	219	98	0.575	0.511	811.913	3.181	0	229	9	0.344	0.524	817.118	3.050	0
5224	263	223	94	0.575	0.511	811.913	3.177	0	213	15	0.344	0.524	817.118	3.053	0
5244	264	217	91	0.575	0.511	811.913	3.193	0	217	8	0.344	0.524	817.118	3.032	0
5264	265	218	84	0.575	0.511	811.913	3.201	0	221	35	0.344	0.524	817.118	2.996	0
5284	266	227	93	0.575	0.511	811.913	3.171	0	211	41	0.344	0.524	817.118	3.022	0
5304	267	222	82	0.575	0.511	815.504	3.194	0	212	53	0.344	0.524	814.315	2.997	0
5324	268	219	88	0.575	0.511	815.504	3.203	0	216	16	0.344	0.524	814.315	3.050	0
5344	269	220	84	0.575	0.511	815.504	3.220	0	224	27	0.344	0.524	814.315	3.080	0
5364	270	216	84	0.575	0.511	815.504	3.208	0	246	31	0.344	0.524	814.315	3.046	0
5384	271	217	92	0.575	0.511	815.504	3.203	0	234	23	0.344	0.524	814.315	3.125	0
5403	272	220	98	0.575	0.511	812.403	3.197	0	241	29	0.344	0.524	814.789	3.130	0
5423	273	224	96	0.575	0.511	812.403	3.217	0	225	23	0.344	0.524	814.789	3.090	0
5443	274	228	90	0.575	0.511	812.403	3.238	0	236	53	0.344	0.524	814.789	3.018	0
5463	275	234	96	0.575	0.511	812.403	3.228	0	235	55	0.344	0.525	814.789	3.018	0
5483	276	212	86	0.575	0.512	812.403	3.238	0	240	30	0.344	0.525	814.789	3.110	0
5503	277	214	86	0.575	0.512	812.493	3.236	0	242	41	0.344	0.525	816.573	3.082	0
5523	278	209	85	0.575	0.512	812.493	3.221	0	209	22	0.344	0.525	816.573	3.062	0
5543	279	231	82	0.575	0.512	812.493	3.261	0	225	24	0.345	0.525	816.573	3.095	0
5563	280	179	75	0.576	0.512	812.493	3.254	0	194	53	0.345	0.525	816.573	3.057	0
5583	281	176	87	0.576	0.512	812.493	3.242	0	202	22	0.345	0.525	816.573	3.094	0
5603	282	172	84	0.576	0.512	812.028	3.260	0	200	25	0.345	0.524	818.603	3.089	0
5623	283	211	76	0.575	0.512	812.028	3.232	0	216	33	0.345	0.524	818.603	3.085	0
5643	284	185	95	0.575	0.511	812.028	3.218	0	182	3	0.345	0.524	818.603	3.096	0
5663	285	177	89	0.575	0.511	812.028	3.263	0	212	6	0.344	0.524	818.603	3.116	0
5683	286	205	102	0.575	0.511	812.028	3.229	0	209	12	0.344	0.524	818.603	3.117	0
5703	287	192	98	0.575	0.511	813.521	3.238	0	215	22	0.344	0.524	816.467	3.111	0
5722	288	198	90	0.575	0.511	813.521	3.218	0	196	15	0.344	0.524	816.467	3.059	0
5742	289	209	102	0.575	0.511	813.521	3.234	0	207	29	0.344	0.524	816.467	3.101	0
5762	290	201	98	0.575	0.511	813.521	3.212	0	205	18	0.344	0.524	816.467	2.999	0
5782	291	199	89	0.575	0.511	813.521	3.216	0	211	45	0.344	0.524	816.467	3.009	0
5802	292	203	95	0.575	0.511	812.745	3.216	0	211	47	0.344	0.524	816.554	3.018	0
5822	293	209	93	0.575	0.511	812.745	3.181	0	211	6	0.344	0.524	816.554	3.040	0
5842	294	210	100	0.575	0.511	812.745	3.165	0	212	32	0.344	0.524	816.554	3.029	0
5862	295	209	107	0.575	0.511	812.745	3.170	0	205	42	0.344	0.524	816.554	3.044	0
5882	296	203	113	0.575	0.511	812.745	3.199	0	205	57	0.344	0.524	816.554	3.017	0
5902	297	202	120	0.575	0.511	811.977	3.191	0	204	63	0.344	0.524	818.997	3.026	0
5922	298	170	104	0.575	0.511	811.977	3.166	0	204	39	0.344	0.524	818.997	3.075	0
5942	299	179	107	0.575	0.511	811.977	3.202	0	210	40	0.344	0.524	818.997	3.049	0
5962	300	178	96	0.575	0.511	811.977	3.214	0	194	30	0.344	0.524	818.997	2.996	0
5982	301	189	110	0.575	0.511	811.977	3.197	0	210	17	0.345	0.524	818.997	3.006	0
6002	302	191	103	0.575	0.511	813.671	3.206	0	208	22	0.345	0.524	815.917	3.005	0
6022	303	184	111	0.575	0.511	813.671	3.190	0	210	21	0.345	0.524	815.917	3.054	0
6041	304	183	111	0.575	0.511	813.671	3.203	0	202	29	0.345	0.524	815.917	2.986	0
6061	305	200	88	0.575	0.511	813.671	3.183	0	194	13	0.344	0.524	815.917	3.063	0
6081	306	185	66	0.575	0.511	813.671	3.217	0	204	41	0.344	0.524	815.917	3.068	0
6101	307	188	57	0.575	0.511	813.336	3.213	0	202	32	0.344	0.524	818.565	3.064	0
6121	308	198	73	0.575	0.511	813.336	3.204	0	208	20	0.344	0.524	818.565	3.097	0
6141	309	196	87	0.575	0.511	813.336	3.172	0	212	7	0.344	0.524	818.565	3.073	0
6161	310	191	84	0.575	0.511	813.336	3.168	0	210	12	0.344	0.524	818.565	3.072	0
6181	311	196	88	0.575	0.511	813.336	3.187	0	213	23	0.344	0.524	818.565	3.094	0
6201	312	194	85	0.575	0.511	814.228	3.172	0	215	25	0.344	0.524	815.774	3.071	0
6221	313	187	81	0.575	0.511	814.228	3.184	0	226	35	0.344	0.524	815.774	3.006	0
6241	314	204	71	0.575	0.511	814.228	3.129	0	215	35	0.344	0.524	815.774	3.060	0
6261	315	202	77	0.575	0.511	814.228	3.165	0	236	27	0.344	0.524	815.774	2.997	0
6281	316	205	73	0.575	0.511	814.228	3.153	0	230	23	0.344	0.524	815.774	3.037	0
6301	317	206	79	0.575	0.511	812.871	3.127	0	230	21	0.344	0.524	815.165	3.049	0
6321	318	216	101	0.575	0.511	812.871	3.170	0	241	41	0.344	0.524	815.165	2.977	0
6341	319	217	91	0.575	0.511	812.871	3.200	0	234	35	0.344	0.524	815.165	3.052	0
6360	320	214	96	0.575	0.511	812.871	3.173	0	234	27	0.344	0.524	815.165	3.066	0
6380	321	209	84	0.575	0.511	812.871	3.181	0	223	39	0.344	0.524	815.165	3.031	0
6400	322	207	82	0.574	0.511	813.747	3.194	0	221	32	0.344	0.524	815.686	3.031	0
6420	323	309	72	0.574	0.511	813.747	3.199	0	330	22	0.343	0.524	815.686	3.065	0
6440	324	296	76	0.574	0.511	813.747	3.186	0	320	23	0.343	0.524	815.686	3.084	0
6460	325	305	74	0.573	0.511	813.747	3.153	0	318	14	0.343	0.524	815.686	3.019	0
6480	326	308	62	0.573	0.511	813.747	3.214	0	335	35	0.343	0.524	815.686	2.985	0
6500	327	307	55	0.573	0.511	816.534	3.212	0	327	36	0.343	0.524	814.692	2.968	0
6520	328	305	69	0.573	0.511	816.534	3.193	0	333	35	0.343	0.524	814.692	2.945	0
6540	329	285	59	0.574	0.511	816.534	3.237	0	332	35	0.343	0.525	814.692	3.037	0
6560	330	312	77	0.574	0.511	816.534	3.189	0	330	45	0.343	0.525	814.692	3.040	0
6580	331	314	70	0.574	0.512	816.534	3.161	0	318	28	0.343	0.525	814.692	3.076	0
6600	332	316	80	0.574	0.512	812.593	3.154	0	321	27	0.343	0.525	816.248	3.096	0
6620	333	308	81	0.574	0.511	812.593	3.215	0	330	31	0.343	0.524	816.248	3.018	0
6640	334	304	52	0.574	0.511	812.593	3.183	0	334	34	0.343	0.524	816.248	3.070	0
6660	335	323	73	0.573	0.511	812.593	3.169	0	355	38	0.343	0.524	816.248	3.008	0
6679	336	319	61	0.573	0.511	812.593	3.225	0	345	15	0.342	0.524	816.248	3.113	0
6699	337	316	64	0.573	0.511	815.198	3.217	0	346	19	0.342	0.524	814.958	3.102	0
6719	338	312	49	0.573	0.511	815.198	3.174	0	339	41	0.342	0.524	814.958	3.102	0
6739	339	317	60	0.573	0.511	815.198	3.233	0	354	46	0.342	0.525	814.958	2.997	0
6759	340	322	47	0.573	0.511	815.198	3.230	0	342	43	0.342	0.525	814.958	3.041	0
6779	341	318	86	0.572	0.511	815.198	3.237	0	321	38	0.342	0.525	814.958	3.084	0
6799	342	319	89	0.572	0.511	816.143	3.241	0	319	33	0.342	0.525	817.025	3.049	0
6819	343	308	83	0.572	0.511	816.143	3.236	0	330	10	0.341	0.525	817.025	3.082	0
6839	344	300	81	0.572	0.511	816.143	3.272	0	332	20	0.341	0.525	817.025	3.066	0
6859	345	198	62	0.573	0.512	816.143	3.299	0	230	27	0.343	0.525	817.025	3.065	0
6879	346	149	67	0.574	0.512	816.143	3.237	0	169	27	0.343	0.525	817.025	3.076	0
6899	347	110	70	0.574	0.512	811.795	3.245	0	114	30	0.343	0.525	816.432	3.065	0
6919	348	163	79	0.573	0.512	811.795	3.245	0	165	14	0.343	0.525	816.432	3.070	0
6939	349	162	72	0.574	0.512	811.795	3.255	0	169	35	0.343	0.525	816.432	3.004	0
6959	350	179	92	0.574	0.512	811.795	3.234	0	165	29	0.343	0.525	816.432	3.002	0
6978	351	178	84	0.574	0.512	811.795	3.193	0	187	26	0.343	0.525	816.432	3.045	0
6998	352	176	88	0.574	0.512	811.066	3.185	0	190	30	0.343	0.525	818.510	3.017	0
7018	353	172	90	0.574	0.512	811.066	3.282	0	182	0	0.343	0.525	818.510	3.079	0
7038	354	152	97	0.574	0.512	811.066	3.202	0	178	19	0.343	0.526	818.510	3.114	0
7058	355	194	112	0.575	0.512	811.066	3.254	0	162	26	0.344	0.526	818.510	3.058	0
7078	356	179	98	0.575	0.513	811.066	3.268	0	190	19	0.344	0.526	818.510	3.087	0
7098	357	180	96	0.575	0.513	813.039	3.248	0	191	32	0.344	0.526	815.023	3.078	0
7118	358	194	94	0.575	0.513	813.039	3.250	0	163	8	0.345	0.526	815.023	3.106	0
7138	359	215	73	0.575	0.513	813.039	3.315	0	216	56	0.344	0.525	815.023	3.038	0
7158	360	198	68	0.575	0.513	813.039	3.311	0	201	24	0.344	0.526	815.023	3.129	0
7178	361	196	85	0.575	0.513	813.039	3.358	0	213	45	0.344	0.526	815.023	3.125	0
7198	362	202	71	0.575	0.513	813.549	3.373	0	219	26	0.344	0.526	816.793	3.128	0
7218	363	230	83	0.575	0.513	813.549	3.307	0	202	15	0.344	0.526	816.793	3.134	0
7238	364	216	95	0.574	0.513	813.549	3.266	0	217	38	0.344	0.526	816.793	3.131	0
7258	365	205	82	0.574	0.513	813.549	3.365	0	216	30	0.343	0.526	816.793	3.054	0
7278	366	210	78	0.574	0.513	813.549	3.352	0	221	31	0.343	0.526	816.793	3.069	0
7297	367	202	79	0.574	0.513	813.868	3.340	0	223	39	0.343	0.526	813.894	3.073	0
7317	368	211	87	0.574	0.513	813.868	3.335	0	215	38	0.343	0.526	813.894	3.131	0
7337	369	214	82	0.574	0.513	813.868	3.394	0	219	37	0.343	0.526	813.894	3.111	0
7357	370	216	90	0.574	0.513	813.868	3.389	0	227	24	0.343	0.526	813.894	3.129	0
7377	371	221	98	0.574	0.512	813.868	3.359	0	215	35	0.343	0.526	813.894	3.108	0
7397	372	226	103	0.574	0.512	811.975	3.382	0	221	28	0.343	0.526	815.159	3.118	0
7417	373	83	87	0.575	0.513	811.975	3.363	0	112	44	0.344	0.526	815.159	3.064	0
7437	374	71	99	0.575	0.513	811.975	3.335	0	98	46	0.344	0.526	815.159	3.061	0
7457	375	63	110	0.575	0.513	811.975	3.357	0	100	14	0.344	0.526	815.159	3.126	0
7477	376	65	113	0.575	0.513	811.975	3.345	0	108	40	0.344	0.526	815.159	3.143	0
7497	377	72	123	0.575	0.513	809.307	3.345	0	101	34	0.344	0.527	814.592	3.158	0
7517	378	71	116	0.575	0.513	809.307	3.348	0	92	32	0.344	0.526	814.592	3.109	0
7537	379	66	98	0.575	0.513	809.307	3.331	0	96	33	0.344	0.526	814.592	3.102	0
7557	380	75	118	0.575	0.513	809.307	3.331	0	97	46	0.344	0.526	814.592	3.072	0
7577	381	82	112	0.575	0.513	809.307	3.300	0	95	32	0.344	0.526	814.592	3.111	0
7597	382	78	101	0.574	0.514	811.970	3.300	0	95	33	0.343	0.527	815.639	3.103	0
7616	383	310	497	0.572	0.516	811.970	3.337	0	327	491	0.342	0.530	815.639	3.138	0
7636	384	339	622	0.571	0.517	811.970	3.331	0	329	551	0.341	0.530	815.639	3.192	0
7656	385	350	626	0.572	0.517	811.970	3.296	0	362	583	0.341	0.530	815.639	3.093	0
7676	386	355	609	0.572	0.517	811.970	3.319	0	349	630	0.341	0.530	815.639	3.192	0
7696	387	361	598	0.572	0.517	817.905	3.330	0	341	659	0.341	0.530	820.469	3.177	0
7716	388	360	592	0.572	0.517	817.905	3.348	0	320	622	0.341	0.530	820.469	3.185	0
7736	389	344	613	0.571	0.517	817.905	3.337	0	315	638	0.340	0.530	820.469	3.136	0
7756	390	353	610	0.571	0.517	817.905	3.396	0	340	598	0.340	0.530	820.469	3.187	0
7776	391	330	605	0.571	0.517	817.905	3.344	0	355	600	0.340	0.530	820.469	3.169	0
7796	392	329	603	0.572	0.517	816.814	3.349	0	369	604	0.341	0.530	819.095	3.150	0
7816	393	361	621	0.573	0.517	816.814	3.400	0	344	585	0.341	0.530	819.095	3.198	0
7836	394	388	638	0.571	0.517	816.814	3.400	0	432	571	0.340	0.530	819.095	3.170	0
7856	395	451	606	0.571	0.517	816.814	3.325	0	473	566	0.340	0.530	819.095	3.194	0
7876	396	450	610	0.571	0.517	816.814	3.434	0	455	589	0.340	0.530	819.095	3.255	0
7896	397	449	610	0.572	0.517	816.908	3.418	0	454	578	0.341	0.530	820.197	3.255	0
7915	398	453	639	0.572	0.517	816.908	3.447	0	496	555	0.341	0.530	820.197	3.188	0
7936	399	703	614	0.569	0.517	816.908	3.468	0	755	621	0.338	0.530	820.197	3.179	0
7956	400	937	606	0.567	0.517	816.908	3.385	0	1003	616	0.336	0.530	820.197	3.176	0
7975	401	935	602	0.567	0.517	816.908	3.418	0	961	609	0.336	0.530	820.197	3.138	0
7995	402	933	598	0.567	0.516	817.712	3.409	0	912	612	0.337	0.530	814.823	3.108	0
8015	403	923	624	0.567	0.517	817.712	3.392	0	949	618	0.336	0.530	814.823	3.094	0
8035	404	961	624	0.568	0.517	817.712	3.353	0	992	588	0.337	0.530	814.823	3.078	0
8055	405	954	612	0.568	0.516	817.712	3.405	0	976	578	0.337	0.530	814.823	3.076	0
8075	406	979	632	0.568	0.516	817.712	3.408	0	968	581	0.337	0.530	814.823	3.004	0
8095	407	982	631	0.567	0.516	817.598	3.412	0	961	574	0.336	0.530	816.122	2.993	0
8115	408	976	583	0.567	0.516	817.598	3.342	0	975	585	0.336	0.530	816.122	3.039	0
8135	409	945	628	0.568	0.516	817.598	3.340	0	979	567	0.337	0.530	816.122	3.042	0
8155	410	682	453	0.570	0.515	817.598	3.345	0	773	438	0.340	0.528	816.122	3.122	0
8175	411	476	519	0.573	0.513	817.598	3.290	0	523	297	0.342	0.526	816.122	3.117	0
8195	412	405	475	0.574	0.512	826.282	3.320	0	495	216	0.343	0.525	822.183	3.134	0
8215	413	-1280	-1024	0.344	0.525	-1.000	-1.000	4	305	158	0.344	0.525	822.183	3.078	0
8235	414	231	155	0.575	0.512	826.282	3.315	0	276	139	0.344	0.525	822.183	3.050	0
8255	415	237	200	0.575	0.512	826.282	3.239	0	263	147	0.344	0.526	822.183	3.092	0
8275	416	238	179	0.575	0.512	826.282	3.223	0	257	137	0.344	0.526	822.183	2.961	0
8294	417	258	228	0.574	0.512	814.722	3.163	0	257	152	0.343	0.526	817.150	2.929	0
8314	418	280	213	0.575	0.513	814.722	3.225	0	284	180	0.344	0.526	817.150	3.014	0
8334	419	262	189	0.574	0.513	814.722	3.235	0	252	152	0.343	0.526	817.150	2.992	0
8354	420	258	189	0.574	0.513	814.722	3.197	0	279	162	0.343	0.526	817.150	3.038	0
8374	421	-1280	-1024	-1.000	-1.000	-1.000	-1.000	4	-1280	-1024	-1.000	-1.000	-1.000	-1.000	4
8394	422	-1280	-1024	0.575	0.512	-1.000	-1.000	4	-1280	-1024	0.344	0.525	-1.000	-1.000	4
8414	423	-1280	-1024	-1.000	-1.000	-1.000	-1.000	4	-1280	-1024	-1.000	-1.000	-1.000	-1.000	4
8434	424	-1280	-1024	-1.000	-1.000	-1.000	-1.000	4	-1280	-1024	-1.000	-1.000	-1.000	-1.000	4
8454	425	-1280	-1024	-1.000	-1.000	-1.000	-1.000	4	-1280	-1024	-1.000	-1.000	-1.000	-1.000	4
8474	426	-1280	-1024	-1.000	-1.000	-1.000	-1.000	4	-1280	-1024	-1.000	-1.000	-1.000	-1.000	4
8494	427	-1280	-1024	0.574	0.512	-1.000	-1.000	4	-1280	-1024	0.344	0.525	-1.000	-1.000	4
8514	428	230	176	0.574	0.512	813.800	3.236	0	251	139	0.344	0.525	817.401	2.985	0
8534	429	216	171	0.574	0.512	813.800	3.171	0	-1280	-1024	0.574	0.512	-1.000	-1.000	4
8554	430	207	174	0.573	0.512	813.800	3.124	0	245	95	0.343	0.525	817.401	3.107	0
8574	431	223	180	0.574	0.512	813.800	3.154	0	236	126	0.343	0.525	817.401	3.065	0
8593	432	190	178	0.574	0.512	813.647	3.132	0	237	130	0.343	0.525	815.836	3.059	0
8613	433	216	172	0.574	0.512	813.647	3.169	0	240	114	0.343	0.525	815.836	3.006	0
8633	434	195	177	0.574	0.512	813.647	3.275	0	213	134	0.344	0.525	815.836	3.042	0
8653	435	202	180	0.574	0.512	813.647	3.226	0	215	117	0.344	0.525	815.836	3.072	0
8673	436	205	187	0.574	0.512	813.647	3.256	0	223	125	0.344	0.525	815.836	3.091	0
8693	437	209	194	0.574	0.512	812.680	3.229	0	223	130	0.344	0.525	817.238	3.116	0
8713	438	220	192	0.575	0.512	812.680	3.211	0	225	130	0.344	0.525	817.238	3.098	0
8733	439	209	190	0.575	0.512	812.680	3.241	0	228	125	0.344	0.525	817.238	3.098	0
8753	440	215	195	0.575	0.512	812.680	3.233	0	228	130	0.344	0.525	817.238	3.130	0
8773	441	209	188	0.575	0.512	812.680	3.201	0	232	130	0.344	0.525	817.238	3.097	0
8793	442	211	189	0.575	0.512	812.224	3.212	0	233	126	0.344	0.525	818.058	3.108	0
8813	443	220	189	0.575	0.512	812.224	3.321	0	240	115	0.344	0.525	818.058	3.092	0
8833	444	221	179	0.575	0.512	812.224	3.282	0	220	119	0.344	0.525	818.058	3.092	0
8853	445	211	182	0.575	0.512	812.224	3.253	0	221	123	0.344	0.525	818.058	3.088	0
8873	446	210	190	0.575	0.512	812.224	3.242	0	193	123	0.344	0.525	818.058	3.047	0
8893	447	209	185	0.575	0.512	812.400	3.232	0	192	133	0.344	0.525	814.026	3.027	0
8913	448	217	183	0.575	0.512	812.400	3.242	0	223	134	0.344	0.525	814.026	3.073	0
8932	449	205	172	0.575	0.512	812.400	3.279	0	221	120	0.344	0.525	814.026	3.065	0
8952	450	205	182	0.574	0.512	812.400	3.326	0	212	132	0.343	0.525	814.026	3.082	0
8972	451	200	190	0.574	0.512	812.400	3.301	0	216	139	0.343	0.525	814.026	3.039	0
8992	452	198	187	0.574	0.512	812.998	3.327	0	209	129	0.343	0.525	816.409	3.045	0
9012	453	194	181	0.574	0.512	812.998	3.302	0	225	124	0.343	0.525	816.409	3.150	0
9032	454	211	203	0.574	0.512	812.998	3.279	0	218	128	0.343	0.525	816.409	3.100	0
9052	455	214	197	0.575	0.512	812.998	3.340	0	223	150	0.344	0.526	816.409	3.085	0
9072	456	201	201	0.575	0.512	812.998	3.257	0	223	129	0.344	0.526	816.409	3.071	0
9092	457	199	194	0.575	0.512	814.537	3.277	0	222	134	0.344	0.526	817.487	3.061	0
9112	458	199	187	0.575	0.512	814.537	3.267	0	222	141	0.344	0.525	817.487	3.129	0
9132	459	213	172	0.575	0.512	814.537	3.292	0	227	135	0.344	0.525	817.487	3.096	0
9152	460	219	193	0.575	0.512	814.537	3.345	0	213	138	0.343	0.525	817.487	3.090	0
9172	461	-1280	-1024	0.343	0.525	-1.000	-1.000	4	221	204	0.343	0.525	817.487	3.130	0
9192	462	-1280	-1024	-1.000	-1.000	-1.000	-1.000	4	-1280	-1024	-1.000	-1.000	-1.000	-1.000	4
9212	463	-1280	-1024	0.343	0.523	-1.000	-1.000	4	169	97	0.343	0.523	817.487	3.093	0
9232	464	-1280	-1024	0.343	0.523	-1.000	-1.000	4	224	49	0.343	0.523	817.487	3.046	0
9251	465	-1280	-1024	0.574	0.510	-1.000	-1.000	4	213	-4	0.343	0.524	817.621	3.024	0
9271	466	204	112	0.574	0.510	813.145	3.343	0	222	58	0.343	0.524	817.621	3.064	0
9291	467	203	100	0.574	0.510	813.145	3.339	0	221	48	0.343	0.524	817.621	3.100	0
9311	468	210	103	0.574	0.510	813.145	3.327	0	228	28	0.343	0.524	817.621	3.128	0
9331	469	190	109	0.574	0.510	813.145	3.267	0	232	32	0.343	0.524	817.621	3.056	0
9351	470	189	104	0.574	0.511	812.547	3.253	0	233	33	0.343	0.524	818.773	3.085	0
9371	471	204	95	0.574	0.511	812.547	3.250	0	219	21	0.343	0.524	818.773	3.136	0
9391	472	212	85	0.574	0.511	812.547	3.229	0	209	15	0.343	0.524	818.773	3.092	0
9411	473	225	92	0.574	0.511	812.547	3.280	0	230	51	0.343	0.524	818.773	3.014	0
9431	474	209	93	0.574	0.511	812.547	3.297	0	227	31	0.343	0.524	818.773	3.089	0
9451	475	216	97	0.574	0.511	809.660	3.292	0	224	34	0.343	0.524	819.960	3.067	0
9471	476	205	111	0.574	0.510	809.660	3.274	0	219	32	0.343	0.524	819.960	3.115	0
9491	477	189	120	0.574	0.510	809.660	3.271	0	199	27	0.343	0.524	819.960	3.086	0
9511	478	198	111	0.573	0.510	809.660	3.263	0	217	30	0.343	0.524	819.960	3.086	0
9531	479	202	111	0.573	0.510	809.660	3.265	0	194	5	0.343	0.524	819.960	3.147	0
9550	480	196	110	0.573	0.511	811.030	3.273	0	200	8	0.342	0.524	817.843	3.127	0
9570	481	196	95	0.573	0.511	811.030	3.276	0	203	50	0.342	0.525	817.843	3.055	0
9590	482	193	101	0.573	0.510	811.030	3.273	0	202	27	0.342	0.524	817.843	3.113	0
9610	483	200	121	0.573	0.510	811.030	3.259	0	222	49	0.342	0.524	817.843	3.081	0
9630	484	188	85	0.572	0.510	811.030	3.289	0	210	34	0.341	0.524	817.843	3.128	0
9650	485	190	95	0.572	0.510	809.908	3.281	0	214	46	0.341	0.524	816.746	3.119	0
9670	486	200	122	0.571	0.509	809.908	3.239	0	206	25	0.340	0.524	816.746	3.055	0
9690	487	162	106	0.571	0.509	809.908	3.217	0	160	54	0.340	0.524	816.746	3.087	0
9710	488	62	117	0.571	0.509	809.908	3.307	0	70	54	0.341	0.525	816.746	3.088	0
9730	489	56	118	0.570	0.510	809.908	3.237	0	88	49	0.340	0.525	816.746	3.065	0
9750	490	53	121	0.570	0.510	808.314	3.242	0	101	48	0.339	0.525	819.016	3.090	0
9770	491	69	122	0.570	0.510	808.314	3.252	0	73	44	0.339	0.526	819.016	3.165	0
9790	492	72	135	0.569	0.510	808.314	3.305	0	68	31	0.339	0.526	819.016	3.128	0
9810	493	72	140	0.569	0.510	808.314	3.239	0	51	33	0.339	0.526	819.016	3.097	0
9830	494	62	131	0.569	0.510	808.314	3.248	0	59	8	0.339	0.526	819.016	3.125	0
9850	495	63	132	0.569	0.511	808.156	3.257	0	58	2	0.339	0.526	819.308	3.115	0
9869	496	45	128	0.569	0.510	808.156	3.249	0	67	13	0.339	0.526	819.308	3.157	0
9889	497	57	133	0.569	0.510	808.156	3.278	0	71	30	0.338	0.526	819.308	3.068	0
9909	498	77	131	0.569	0.510	808.156	3.248	0	87	31	0.338	0.526	819.308	3.119	0
9929	499	77	131	0.569	0.510	808.156	3.285	0	76	24	0.338	0.526	819.308	3.114	0
9949	500	73	125	0.569	0.510	810.545	3.286	0	78	27	0.338	0.526	817.213	3.100	0
9969	501	120	100	0.568	0.510	810.545	3.287	0	142	46	0.337	0.526	817.213	3.145	0
9989	502	186	100	0.567	0.510	810.545	3.308	0	201	49	0.337	0.526	817.213	3.080	0
10009	503	206	119	0.567	0.510	810.545	3.267	0	218	31	0.337	0.526	817.213	3.160	0
10029	504	215	128	0.567	0.510	810.545	3.239	0	219	29	0.337	0.526	817.213	3.109	0
10049	505	222	132	0.568	0.510	810.954	3.237	0	218	25	0.337	0.526	818.332	3.098	0
10069	506	193	108	0.568	0.510	810.954	3.224	0	190	47	0.337	0.526	818.332	3.161	0
10089	507	218	119	0.568	0.510	810.954	3.281	0	216	33	0.337	0.526	818.332	3.121	0
10109	508	202	123	0.568	0.510	810.954	3.294	0	228	27	0.338	0.526	818.332	3.218	0
10129	509	195	126	0.568	0.510	810.954	3.371	0	217	42	0.338	0.526	818.332	3.144	0
10149	510	205	125	0.568	0.510	812.994	3.413	0	223	33	0.338	0.526	818.216	3.146	0
10169	511	210	78	0.568	0.510	812.994	3.345	0	208	20	0.338	0.526	818.216	3.139	0
