2	1	-1280	-1024	-1.000	-1.000	-1.000	-1.000	4	-1280	-1024	-1.000	-1.000	-1.000	-1.000	4
22	2	-1280	-1024	0.662	0.659	-1.000	-1.000	4	-1280	-1024	0.415	0.668	-1.000	-1.000	4
42	3	-1280	-1024	-1.000	-1.000	-1.000	-1.000	4	-1280	-1024	-1.000	-1.000	-1.000	-1.000	4
62	4	-1280	-1024	0.663	0.659	-1.000	-1.000	4	-1280	-1024	0.415	0.667	-1.000	-1.000	4
82	5	-1280	-1024	0.663	0.659	-1.000	-1.000	4	-1280	-1024	0.415	0.667	-1.000	-1.000	4
102	6	594	601	0.664	0.659	682.918	4.183	0	601	601	0.416	0.668	687.858	4.171	0
122	7	466	793	0.665	0.661	682.918	4.303	0	464	793	0.417	0.669	687.858	4.206	0
142	8	467	847	0.666	0.662	682.918	4.225	0	407	819	0.418	0.670	687.858	4.100	0
162	9	418	848	0.666	0.662	682.918	4.234	0	426	840	0.418	0.670	687.858	4.120	0
182	10	418	852	0.666	0.661	682.918	4.162	0	422	829	0.418	0.669	687.858	4.134	0
202	11	422	854	0.666	0.661	683.530	4.148	0	427	837	0.418	0.669	690.141	4.161	0
222	12	422	850	0.667	0.660	683.530	4.102	0	408	829	0.419	0.668	690.141	4.154	0
242	13	427	836	0.667	0.660	683.530	4.100	0	408	834	0.419	0.668	690.141	4.124	0
262	14	427	828	0.667	0.660	683.530	4.060	0	414	838	0.419	0.668	690.141	4.099	0
282	15	433	842	0.668	0.660	683.530	4.013	0	426	838	0.419	0.668	690.141	4.133	0
301	16	435	828	0.668	0.660	688.171	4.022	0	408	838	0.420	0.668	688.295	4.117	0
321	17	415	838	0.669	0.660	688.171	4.072	0	417	825	0.421	0.667	688.295	4.108	0
341	18	422	844	0.669	0.660	688.171	4.112	0	419	842	0.421	0.667	688.295	4.028	0
361	19	436	842	0.670	0.661	688.171	4.077	0	414	849	0.421	0.667	688.295	4.162	0
381	20	424	848	0.670	0.661	688.171	4.085	0	408	836	0.422	0.668	688.295	4.105	0
401	21	429	851	0.671	0.661	685.467	4.081	0	403	836	0.422	0.668	688.003	4.096	0
421	22	429	845	0.671	0.661	685.467	4.047	0	418	832	0.423	0.668	688.003	4.212	0
441	23	422	857	0.671	0.661	685.467	4.051	0	409	848	0.423	0.668	688.003	4.066	0
461	24	425	838	0.672	0.661	685.467	4.014	0	406	848	0.423	0.668	688.003	4.046	0
481	25	430	854	0.672	0.661	685.467	4.008	0	409	837	0.423	0.667	688.003	4.076	0
501	26	433	849	0.672	0.661	682.390	3.984	0	407	848	0.423	0.667	685.512	4.058	0
521	27	-1280	-1024	-1.000	-1.000	-1.000	-1.000	4	-1280	-1024	-1.000	-1.000	-1.000	-1.000	4
541	28	-1280	-1024	-1.000	-1.000	-1.000	-1.000	4	-1280	-1024	-1.000	-1.000	-1.000	-1.000	4
561	29	-1280	-1024	-1.000	-1.000	-1.000	-1.000	4	-1280	-1024	-1.000	-1.000	-1.000	-1.000	4
581	30	-1280	-1024	-1.000	-1.000	-1.000	-1.000	4	-1280	-1024	-1.000	-1.000	-1.000	-1.000	4
601	31	-1280	-1024	0.671	0.655	-1.000	-1.000	4	-1280	-1024	0.423	0.663	-1.000	-1.000	4
639	32	657	482	0.672	0.656	681.686	4.054	0	659	473	0.423	0.663	685.848	3.964	0
640	33	663	463	0.672	0.656	681.686	3.991	0	665	465	0.423	0.663	685.848	3.976	0
660	34	672	465	0.672	0.656	681.686	3.932	0	670	454	0.424	0.664	685.848	3.989	0
680	35	651	491	0.673	0.657	681.686	4.085	0	668	447	0.424	0.664	685.848	3.919	0
700	36	651	480	0.673	0.657	683.319	4.051	0	669	443	0.424	0.664	684.626	3.918	0
720	37	665	434	0.674	0.657	683.319	3.986	0	669	489	0.425	0.665	684.626	3.889	0
740	38	663	453	0.674	0.658	683.319	4.048	0	660	433	0.425	0.665	684.626	3.893	0
760	39	666	465	0.674	0.658	683.319	4.085	0	658	449	0.425	0.665	684.626	3.964	0
780	40	653	444	0.674	0.658	683.319	3.957	0	663	457	0.426	0.665	684.626	3.900	0
800	41	652	459	0.674	0.658	682.102	3.988	0	663	462	0.426	0.665	685.681	3.927	0
820	42	654	445	0.674	0.658	682.102	4.096	0	658	441	0.426	0.665	685.681	3.898	0
840	43	664	432	0.675	0.658	682.102	4.021	0	659	467	0.426	0.665	685.681	3.913	0
860	44	652	450	0.675	0.658	682.102	3.928	0	673	450	0.426	0.665	685.681	3.860	0
880	45	663	451	0.675	0.658	682.102	4.003	0	668	468	0.426	0.665	685.681	3.926	0
900	46	656	449	0.675	0.658	684.083	3.977	0	676	463	0.426	0.665	685.608	3.912	0
920	47	652	437	0.674	0.658	684.083	3.988	0	660	466	0.426	0.665	685.608	3.883	0
939	48	781	530	0.673	0.659	684.083	4.038	0	793	548	0.425	0.666	685.608	3.981	0
959	49	903	570	0.672	0.659	684.083	4.056	0	901	583	0.424	0.666	685.608	3.873	0
979	50	898	583	0.672	0.659	684.083	4.002	0	889	608	0.424	0.666	685.608	3.885	0
999	51	893	599	0.672	0.659	682.392	4.023	0	877	633	0.424	0.666	685.324	3.905	0
1019	52	887	591	0.672	0.659	682.392	4.004	0	889	617	0.424	0.666	685.324	3.908	0
1039	53	897	604	0.672	0.660	682.392	4.015	0	875	599	0.424	0.667	685.324	3.779	0
1059	54	891	590	0.672	0.660	682.392	4.009	0	886	591	0.424	0.667	685.324	3.822	0
1079	55	892	581	0.672	0.660	682.392	4.047	0	900	585	0.424	0.667	685.324	3.869	0
1099	56	894	583	0.672	0.660	682.990	4.058	0	912	581	0.424	0.667	684.910	3.810	0
1119	57	984	635	0.671	0.661	682.990	3.959	0	972	623	0.423	0.668	684.910	3.760	0
1139	58	977	604	0.671	0.661	682.990	4.004	0	958	615	0.423	0.668	684.910	3.804	0
1159	59	959	601	0.671	0.661	682.990	3.941	0	966	612	0.423	0.668	684.910	3.741	0
1179	60	965	615	0.671	0.661	682.990	3.906	0	956	626	0.422	0.668	684.910	3.706	0
1199	61	970	619	0.671	0.661	681.286	3.898	0	958	622	0.422	0.668	684.607	3.706	0
1219	62	973	621	0.670	0.660	681.286	3.860	0	962	623	0.422	0.668	684.607	3.681	0
1239	63	974	607	0.670	0.660	681.286	3.915	0	973	602	0.422	0.668	684.607	3.688	0
1259	64	979	601	0.670	0.660	681.286	3.883	0	958	631	0.422	0.667	684.607	3.649	0
1279	65	970	618	0.670	0.660	681.286	3.803	0	968	626	0.422	0.667	684.607	3.674	0
1298	66	969	611	0.670	0.660	680.459	3.813	0	961	623	0.422	0.667	684.657	3.668	0
1318	67	956	593	0.669	0.659	680.459	3.807	0	969	619	0.421	0.667	684.657	3.651	0
1338	68	956	645	0.670	0.659	680.459	3.764	0	968	616	0.421	0.667	684.657	3.629	0
1358	69	1054	621	0.668	0.659	680.459	3.798	0	1088	619	0.420	0.667	684.657	3.660	0
1378	70	1076	631	0.668	0.659	680.459	3.768	0	1105	609	0.420	0.667	684.657	3.573	0
1398	71	1098	617	0.668	0.659	683.369	3.796	0	1119	615	0.420	0.667	681.092	3.545	0
1418	72	1095	633	0.668	0.659	683.369	3.790	0	1080	645	0.420	0.667	681.092	3.560	0
1438	73	1113	588	0.668	0.659	683.369	3.710	0	1090	644	0.420	0.667	681.092	3.638	0
1458	74	1097	646	0.668	0.659	683.369	3.700	0	1086	623	0.420	0.668	681.092	3.560	0
1478	75	1105	600	0.668	0.659	683.369	3.745	0	1083	656	0.420	0.668	681.092	3.606	0
1498	76	1100	616	0.668	0.659	688.000	3.724	0	1079	651	0.420	0.668	681.197	3.630	0
1518	77	1104	628	0.668	0.659	688.000	3.714	0	1081	651	0.420	0.668	681.197	3.497	0
1538	78	1097	614	0.669	0.659	688.000	3.830	0	1090	639	0.420	0.667	681.197	3.532	0
1558	79	912	626	0.671	0.659	688.000	3.869	0	947	636	0.422	0.667	681.197	3.519	0
1578	80	-1280	-1024	-1.000	-1.000	-1.000	-1.000	4	-1280	-1024	-1.000	-1.000	-1.000	-1.000	4
1597	81	-1280	-1024	-1.000	-1.000	-1.000	-1.000	4	-1280	-1024	-1.000	-1.000	-1.000	-1.000	4
1617	82	-1280	-1024	-1.000	-1.000	-1.000	-1.000	4	-1280	-1024	-1.000	-1.000	-1.000	-1.000	4
1637	83	-1280	-1024	-1.000	-1.000	-1.000	-1.000	4	-1280	-1024	-1.000	-1.000	-1.000	-1.000	4
1657	84	-1280	-1024	-1.000	-1.000	-1.000	-1.000	4	-1280	-1024	-1.000	-1.000	-1.000	-1.000	4
1677	85	361	635	0.678	0.659	688.000	3.623	0	376	629	0.429	0.666	681.197	3.552	0
1697	86	369	599	0.678	0.659	688.000	3.675	0	400	667	0.429	0.666	681.197	3.688	0
1717	87	379	608	0.678	0.659	681.691	3.642	0	393	660	0.429	0.666	686.819	3.718	0
1737	88	382	637	0.678	0.659	681.691	3.546	0	366	629	0.429	0.666	686.819	3.581	0
1757	89	381	632	0.678	0.659	681.691	3.658	0	394	632	0.429	0.666	686.819	3.692	0
1777	90	384	634	0.678	0.660	681.691	3.550	0	384	640	0.429	0.666	686.819	3.654	0
1797	91	381	639	0.678	0.660	681.691	3.645	0	382	626	0.429	0.667	686.819	3.735	0
1817	92	383	641	0.678	0.660	678.888	3.589	0	380	628	0.429	0.667	687.004	3.737	0
1837	93	374	628	0.679	0.660	678.888	3.584	0	379	644	0.430	0.667	687.004	3.711	0
1857	94	385	631	0.678	0.661	678.888	3.621	0	370	659	0.430	0.667	687.004	3.675	0
1877	95	393	614	0.679	0.661	678.888	3.584	0	381	606	0.430	0.667	687.004	3.606	0
1897	96	383	624	0.679	0.661	678.888	3.610	0	377	638	0.430	0.667	687.004	3.711	0
1916	97	384	619	0.679	0.661	679.661	3.598	0	375	632	0.430	0.667	687.519	3.678	0
1936	98	393	637	0.679	0.661	679.661	3.649	0	376	635	0.430	0.667	687.519	3.673	0
1956	99	369	555	0.678	0.660	679.661	3.656	0	369	566	0.430	0.667	687.519	3.657	0
1976	100	310	326	0.678	0.657	679.661	3.682	0	328	302	0.431	0.664	687.519	3.761	0
1996	101	262	147	0.678	0.655	679.661	3.733	0	282	81	0.432	0.662	687.519	3.648	0
2016	102	213	-2	0.679	0.655	679.241	3.748	0	242	-52	0.432	0.662	678.980	3.634	0
2036	103	257	146	0.679	0.655	679.241	3.731	0	280	91	0.432	0.662	678.980	3.626	0
2056	104	260	128	0.679	0.655	679.241	3.642	0	274	87	0.431	0.662	678.980	3.702	0
2076	105	261	137	0.679	0.655	679.241	3.692	0	277	90	0.431	0.662	678.980	3.640	0
2096	106	265	131	0.679	0.655	679.241	3.639	0	265	87	0.431	0.662	678.980	3.660	0
2116	107	266	128	0.679	0.655	681.300	3.666	0	263	88	0.431	0.662	678.701	3.684	0
2136	108	259	156	0.679	0.655	681.300	3.606	0	264	84	0.432	0.662	678.701	3.688	0
2156	109	244	152	0.679	0.655	681.300	3.679	0	283	97	0.432	0.662	678.701	3.605	0
2176	110	239	145	0.679	0.655	681.300	3.629	0	272	91	0.432	0.663	678.701	3.545	0
2196	111	238	128	0.680	0.655	681.300	3.712	0	264	106	0.432	0.663	678.701	3.567	0
2216	112	240	135	0.680	0.656	676.953	3.682	0	257	102	0.432	0.663	680.834	3.546	0
2235	113	216	165	0.680	0.656	676.953	3.677	0	217	118	0.433	0.663	680.834	3.598	0
2255	114	216	168	0.681	0.656	676.953	3.647	0	244	128	0.433	0.663	680.834	3.616	0
2275	115	208	176	0.681	0.656	676.953	3.653	0	241	106	0.433	0.663	680.834	3.627	0
2295	116	211	177	0.681	0.656	676.953	3.601	0	229	118	0.433	0.663	680.834	3.567	0
2315	117	208	175	0.681	0.656	677.900	3.592	0	243	115	0.433	0.663	681.459	3.579	0
2335	118	221	170	0.681	0.656	677.900	3.626	0	235	118	0.433	0.663	681.459	3.592	0
2355	119	217	170	0.681	0.656	677.900	3.609	0	232	123	0.433	0.663	681.459	3.600	0
2375	120	213	185	0.681	0.656	677.900	3.685	0	223	121	0.433	0.663	681.459	3.557	0
2395	121	219	177	0.681	0.656	677.900	3.724	0	234	127	0.433	0.663	681.459	3.611	0
2415	122	216	182	0.681	0.656	677.603	3.741	0	231	130	0.433	0.662	680.805	3.597	0
2435	123	215	182	0.681	0.656	677.603	3.716	0	223	112	0.433	0.662	680.805	3.605	0
2455	124	217	188	0.681	0.655	677.603	3.723	0	235	117	0.433	0.662	680.805	3.658	0
2475	125	222	103	0.680	0.654	677.603	3.711	0	251	51	0.433	0.661	680.805	3.673	0
2495	126	245	85	0.680	0.653	677.603	3.677	0	249	11	0.433	0.661	680.805	3.629	0
2515	127	244	54	0.680	0.654	680.990	3.693	0	248	-7	0.433	0.661	678.984	3.652	0
2535	128	238	79	0.680	0.654	680.990	3.769	0	249	14	0.433	0.661	678.984	3.652	0
2554	129	231	90	0.680	0.654	680.990	3.718	0	253	31	0.433	0.662	678.984	3.577	0
2574	130	234	82	0.680	0.654	680.990	3.707	0	252	23	0.433	0.662	678.984	3.634	0
2594	131	234	70	0.680	0.654	680.990	3.784	0	246	27	0.433	0.662	678.984	3.600	0
2614	132	233	70	0.681	0.655	681.894	3.762	0	247	22	0.433	0.662	679.512	3.630	0
2634	133	234	85	0.681	0.655	681.894	3.733	0	237	26	0.433	0.662	679.512	3.575	0
2654	134	237	87	0.681	0.655	681.894	3.708	0	240	22	0.433	0.662	679.512	3.605	0
2674	135	227	80	0.680	0.655	681.894	3.761	0	245	25	0.433	0.662	679.512	3.596	0
2694	136	231	76	0.680	0.655	681.894	3.695	0	249	30	0.433	0.662	679.512	3.609	0
2714	137	228	71	0.680	0.654	683.246	3.715	0	253	28	0.433	0.662	679.751	3.609	0
2734	138	271	72	0.680	0.654	683.246	3.717	0	292	34	0.433	0.662	679.751	3.661	0
2754	139	332	62	0.679	0.653	683.246	3.760	0	365	22	0.432	0.662	679.751	3.581	0
2774	140	334	52	0.679	0.653	683.246	3.744	0	365	26	0.432	0.662	679.751	3.647	0
2794	141	337	74	0.679	0.653	683.246	3.698	0	363	22	0.432	0.662	679.751	3.624	0
2814	142	337	62	0.679	0.653	684.318	3.720	0	362	20	0.432	0.661	680.590	3.601	0
2834	143	330	56	0.680	0.653	684.318	3.752	0	364	18	0.433	0.661	680.590	3.597	0
2854	144	344	41	0.680	0.653	684.318	3.692	0	360	17	0.433	0.661	680.590	3.648	0
2873	145	342	56	0.680	0.653	684.318	3.719	0	351	19	0.433	0.661	680.590	3.661	0
2893	146	347	60	0.681	0.653	684.318	3.664	0	373	21	0.434	0.661	680.590	3.615	0
2913	147	346	56	0.681	0.653	684.316	3.664	0	371	23	0.434	0.661	680.028	3.643	0
2933	148	342	65	0.681	0.654	684.316	3.773	0	369	29	0.434	0.662	680.028	3.645	0
2953	149	342	58	0.682	0.654	684.316	3.758	0	366	23	0.435	0.662	680.028	3.631	0
2973	150	337	58	0.682	0.655	684.316	3.822	0	362	30	0.435	0.663	680.028	3.611	0
2993	151	347	67	0.682	0.655	684.316	3.796	0	364	16	0.435	0.663	680.028	3.642	0
3013	152	345	63	0.683	0.656	684.590	3.808	0	363	14	0.436	0.664	680.765	3.633	0
3033	153	158	167	0.684	0.658	684.590	3.819	0	200	125	0.437	0.666	680.765	3.620	0
3053	154	153	150	0.685	0.659	684.590	3.790	0	195	132	0.438	0.666	680.765	3.714	0
3073	155	129	152	0.685	0.659	684.590	3.783	0	179	134	0.438	0.666	680.765	3.717	0
3093	156	148	165	0.686	0.660	684.590	3.817	0	180	133	0.439	0.667	680.765	3.655	0
3113	157	149	172	0.686	0.660	679.372	3.772	0	181	133	0.439	0.667	681.440	3.709	0
3133	158	159	186	0.687	0.660	679.372	3.742	0	174	138	0.440	0.667	681.440	3.739	0
3153	159	158	173	0.688	0.660	679.372	3.819	0	181	139	0.440	0.667	681.440	3.691	0
3173	160	155	202	0.688	0.660	679.372	3.787	0	167	133	0.441	0.667	681.440	3.635	0
3192	161	159	171	0.689	0.660	679.372	3.791	0	168	137	0.442	0.667	681.440	3.657	0
3212	162	155	174	0.690	0.660	681.505	3.807	0	167	135	0.443	0.667	681.817	3.629	0
3232	163	41	190	0.692	0.660	681.505	3.767	0	64	129	0.445	0.667	681.817	3.740	0
3252	164	37	185	0.692	0.660	681.505	3.833	0	71	126	0.446	0.667	681.817	3.711	0
3272	165	41	180	0.693	0.660	681.505	3.872	0	81	126	0.447	0.667	681.817	3.738	0
3292	166	54	179	0.694	0.660	681.505	3.848	0	83	139	0.448	0.667	681.817	3.727	0
3312	167	54	179	0.695	0.661	680.926	3.862	0	86	137	0.448	0.667	682.194	3.721	0
3332	168	51	180	0.696	0.661	680.926	3.855	0	94	141	0.449	0.667	682.194	3.763	0
3352	169	39	179	0.697	0.661	680.926	3.861	0	76	119	0.450	0.667	682.194	3.810	0
3372	170	41	190	0.697	0.662	680.926	3.862	0	88	146	0.451	0.667	682.194	3.831	0
3392	171	29	189	0.698	0.662	680.926	3.913	0	79	141	0.452	0.667	682.194	3.847	0
3412	172	20	180	0.699	0.662	683.614	3.937	0	82	135	0.452	0.667	683.311	3.870	0
3432	173	32	188	0.699	0.661	683.614	3.966	0	73	142	0.453	0.667	683.311	3.877	0
3452	174	34	195	0.700	0.661	683.614	3.987	0	73	141	0.454	0.666	683.311	3.822	0
3472	175	34	193	0.700	0.661	683.614	3.972	0	76	134	0.454	0.666	683.311	3.855	0
3492	176	31	178	0.701	0.661	683.614	3.933	0	79	140	0.455	0.666	683.311	3.851	0
3511	177	32	181	0.701	0.661	683.273	3.935	0	79	135	0.455	0.666	683.784	3.849	0
3531	178	39	191	0.702	0.661	683.273	3.981	0	83	135	0.455	0.666	683.784	3.860	0
3551	179	38	193	0.702	0.661	683.273	3.991	0	74	143	0.456	0.666	683.784	3.860	0
3571	180	41	203	0.702	0.661	683.273	3.943	0	80	145	0.456	0.666	683.784	3.821	0
3591	181	39	191	0.703	0.661	683.273	3.978	0	79	131	0.456	0.666	683.784	3.908	0
3611	182	41	196	0.703	0.661	682.838	3.968	0	80	140	0.456	0.666	682.155	3.894	0
3631	183	28	190	0.703	0.661	682.838	3.992	0	73	135	0.456	0.666	682.155	3.853	0
3651	184	37	200	0.703	0.662	682.838	3.948	0	88	154	0.457	0.666	682.155	3.898	0
3671	185	39	185	0.703	0.662	682.838	3.976	0	86	149	0.456	0.666	682.155	3.834	0
3691	186	40	196	0.703	0.662	682.838	3.985	0	88	143	0.456	0.667	682.155	3.814	0
3711	187	40	188	0.703	0.662	683.985	3.976	0	85	144	0.456	0.667	684.571	3.830	0
3731	188	37	190	0.702	0.662	683.985	3.980	0	81	147	0.456	0.667	684.571	3.821	0
3751	189	42	181	0.702	0.663	683.985	4.008	0	82	139	0.456	0.668	684.571	3.836	0
3771	190	32	193	0.702	0.663	683.985	3.948	0	83	148	0.456	0.668	684.571	3.859	0
3791	191	44	190	0.702	0.663	683.985	3.920	0	88	149	0.456	0.669	684.571	3.866	0
3811	192	45	191	0.702	0.664	683.108	3.909	0	86	146	0.456	0.669	685.561	3.879	0
3830	193	54	199	0.701	0.664	683.108	3.957	0	82	139	0.455	0.669	685.561	3.854	0
3850	194	104	239	0.700	0.665	683.108	3.977	0	125	208	0.455	0.670	685.561	3.873	0
3870	195	236	419	0.699	0.667	683.108	3.911	0	264	426	0.454	0.672	685.561	3.868	0
3890	196	331	570	0.698	0.669	683.108	3.965	0	332	582	0.452	0.675	685.561	3.925	0
3910	197	404	653	0.697	0.670	688.079	3.988	0	400	692	0.452	0.675	692.023	3.975	0
3930	198	340	555	0.697	0.670	688.079	3.992	0	330	559	0.452	0.676	692.023	3.900	0
3950	199	333	554	0.696	0.671	688.079	3.911	0	324	563	0.451	0.677	692.023	3.886	0
3970	200	338	562	0.696	0.671	688.079	3.943	0	324	558	0.450	0.677	692.023	3.862	0
3990	201	330	543	0.696	0.672	688.079	3.991	0	348	577	0.450	0.678	692.023	3.925	0
4010	202	330	543	0.695	0.672	688.655	3.962	0	325	577	0.450	0.678	692.881	3.919	0
4030	203	332	548	0.695	0.672	688.655	3.987	0	330	562	0.450	0.678	692.881	3.946	0
4050	204	402	633	0.694	0.673	688.655	3.937	0	364	612	0.449	0.679	692.881	3.942	0
4070	205	409	621	0.694	0.673	688.655	4.047	0	400	610	0.448	0.679	692.881	3.987	0
4090	206	406	652	0.693	0.673	688.655	3.986	0	386	619	0.448	0.680	692.881	3.901	0
4110	207	409	652	0.693	0.674	690.733	4.001	0	396	618	0.448	0.680	694.925	3.918	0
4130	208	403	604	0.693	0.674	690.733	4.069	0	397	600	0.448	0.680	694.925	4.005	0
4149	209	406	632	0.693	0.674	690.733	4.061	0	392	607	0.448	0.680	694.925	3.980	0
4169	210	415	621	0.693	0.675	690.733	4.024	0	389	616	0.448	0.681	694.925	3.965	0
4189	211	405	615	0.693	0.675	690.733	4.061	0	401	623	0.448	0.681	694.925	3.961	0
4209	212	408	625	0.693	0.676	691.905	4.056	0	404	630	0.448	0.682	694.962	3.957	0
4229	213	410	639	0.694	0.677	691.905	4.017	0	406	614	0.448	0.682	694.962	3.999	0
4249	214	422	633	0.693	0.677	691.905	4.082	0	409	634	0.448	0.683	694.962	3.916	0
4269	215	443	632	0.693	0.677	691.905	4.094	0	417	612	0.447	0.683	694.962	3.994	0
4289	216	438	635	0.693	0.678	691.905	3.989	0	436	600	0.448	0.683	694.962	4.030	0
4309	217	430	635	0.693	0.678	692.240	4.024	0	420	600	0.448	0.684	696.955	4.022	0
4329	218	434	639	0.694	0.678	692.240	3.986	0	442	636	0.448	0.684	696.955	3.963	0
4349	219	455	634	0.694	0.679	692.240	4.009	0	433	622	0.448	0.684	696.955	4.026	0
4369	220	443	627	0.694	0.679	692.240	3.991	0	432	639	0.448	0.685	696.955	3.922	0
4389	221	444	647	0.694	0.679	692.240	4.016	0	442	635	0.449	0.685	696.955	3.988	0
4409	222	444	644	0.695	0.679	692.088	4.011	0	445	636	0.449	0.685	694.362	3.981	0
4429	223	456	655	0.695	0.679	692.088	3.998	0	458	624	0.449	0.685	694.362	3.905	0
4449	224	685	625	0.692	0.679	692.088	4.030	0	685	606	0.447	0.685	694.362	3.952	0
4468	225	928	619	0.690	0.679	692.088	3.949	0	952	632	0.444	0.686	694.362	3.787	0
4488	226	1067	632	0.688	0.679	692.088	3.995	0	1108	625	0.443	0.686	694.362	3.801	0
4508	227	1214	605	0.689	0.679	694.452	4.004	0	1260	621	0.443	0.686	690.192	3.792	0
4528	228	1068	631	0.689	0.679	694.452	3.961	0	1083	620	0.444	0.686	690.192	3.683	0
4548	229	1064	641	0.689	0.679	694.452	4.012	0	1093	628	0.443	0.686	690.192	3.766	0
4568	230	1074	643	0.689	0.678	694.452	3.935	0	1075	618	0.443	0.686	690.192	3.801	0
4588	231	1074	628	0.689	0.678	694.452	3.933	0	1069	627	0.444	0.686	690.192	3.775	0
4608	232	1076	635	0.689	0.678	693.238	3.925	0	1064	622	0.444	0.686	691.184	3.795	0
4628	233	1056	625	0.689	0.678	693.238	3.974	0	1078	633	0.443	0.686	691.184	3.724	0
4648	234	1067	647	0.689	0.678	693.238	3.945	0	1070	633	0.444	0.686	691.184	3.732	0
4668	235	1079	635	0.689	0.678	693.238	3.927	0	1077	625	0.444	0.686	691.184	3.750	0
4688	236	1161	631	0.689	0.678	693.238	3.847	0	1124	627	0.443	0.686	691.184	3.740	0
4708	237	1199	628	0.689	0.678	693.945	3.821	0	1143	627	0.443	0.686	688.642	3.736	0
4728	238	1140	638	0.688	0.678	693.945	3.946	0	1125	629	0.442	0.686	688.642	3.704	0
4748	239	1147	622	0.688	0.678	693.945	3.914	0	1132	638	0.443	0.686	688.642	3.744	0
4768	240	1154	609	0.688	0.678	693.945	3.896	0	1142	625	0.442	0.686	688.642	3.702	0
4787	241	1140	629	0.688	0.678	693.945	3.925	0	1117	641	0.442	0.687	688.642	3.715	0
4807	242	1138	619	0.687	0.677	692.815	3.917	0	1114	638	0.442	0.686	688.446	3.724	0
4827	243	1139	629	0.687	0.677	692.815	3.924	0	1141	631	0.441	0.686	688.446	3.770	0
4847	244	1132	591	0.687	0.676	692.815	3.928	0	1149	589	0.441	0.685	688.446	3.702	0
4867	245	1115	333	0.686	0.673	692.815	3.934	0	1168	352	0.441	0.683	688.446	3.767	0
4887	246	1156	121	0.685	0.671	692.815	3.938	0	1179	157	0.441	0.680	688.446	3.849	0
4907	247	1162	11	0.685	0.670	684.927	3.897	0	1185	50	0.441	0.680	682.245	3.804	0
4927	248	1153	104	0.685	0.669	684.927	3.932	0	1196	128	0.440	0.679	682.245	3.837	0
4947	249	1149	107	0.685	0.669	684.927	3.925	0	1175	135	0.440	0.678	682.245	3.812	0
4967	250	1163	109	0.685	0.668	684.927	3.907	0	1179	135	0.440	0.678	682.245	3.804	0
4987	251	1158	77	0.685	0.668	684.927	3.844	0	1188	85	0.440	0.677	682.245	3.837	0
5007	252	1154	77	0.685	0.668	684.998	3.829	0	1193	82	0.440	0.677	682.688	3.824	0
5027	253	1170	95	0.685	0.667	684.998	3.814	0	1201	116	0.440	0.677	682.688	3.719	0
5047	254	1174	91	0.685	0.667	684.998	3.814	0	1170	111	0.440	0.676	682.688	3.761	0
5067	255	1164	93	0.685	0.666	684.998	3.876	0	1181	119	0.440	0.676	682.688	3.756	0
5086	256	1174	100	0.684	0.665	684.998	3.900	0	1172	129	0.439	0.675	682.688	3.799	0
5106	257	1170	99	0.684	0.665	684.985	3.923	0	1175	123	0.439	0.675	683.969	3.817	0
5126	258	900	64	0.686	0.664	684.985	3.927	0	965	81	0.440	0.675	683.969	3.827	0
5146	259	629	82	0.688	0.664	684.985	3.874	0	690	43	0.443	0.674	683.969	3.813	0
5166	260	459	37	0.690	0.664	684.985	3.837	0	474	21	0.445	0.674	683.969	3.822	0
5186	261	463	69	0.690	0.664	684.985	3.846	0	482	18	0.445	0.675	683.969	3.906	0
5206	262	461	32	0.690	0.664	692.279	3.895	0	491	7	0.445	0.675	686.661	3.923	0
5226	263	467	47	0.690	0.665	692.279	3.885	0	477	8	0.444	0.675	686.661	3.887	0
5246	264	449	32	0.690	0.665	692.279	3.934	0	487	1	0.444	0.676	686.661	3.887	0
5266	265	435	52	0.690	0.665	692.279	3.951	0	472	15	0.444	0.676	686.661	3.924	0
5286	266	460	42	0.690	0.665	692.279	3.944	0	482	19	0.444	0.676	686.661	3.889	0
5306	267	452	45	0.690	0.665	690.570	3.944	0	482	19	0.444	0.676	687.792	3.905	0
5326	268	425	51	0.690	0.664	690.570	3.951	0	443	-1	0.445	0.676	687.792	3.961	0
5346	269	270	48	0.692	0.664	690.570	3.932	0	307	16	0.446	0.675	687.792	3.922	0
5366	270	290	69	0.692	0.664	690.570	3.951	0	317	16	0.447	0.674	687.792	3.958	0
5386	271	291	73	0.693	0.663	690.570	3.963	0	290	15	0.447	0.674	687.792	3.970	0
5405	272	291	81	0.693	0.662	689.668	3.954	0	289	19	0.448	0.673	686.866	3.955	0
5425	273	281	59	0.694	0.661	689.668	3.925	0	296	17	0.448	0.673	686.866	3.949	0
5445	274	283	76	0.695	0.661	689.668	3.955	0	295	15	0.449	0.673	686.866	3.950	0
5465	275	283	58	0.696	0.661	689.668	3.939	0	301	16	0.450	0.672	686.866	3.928	0
5485	276	279	70	0.697	0.661	689.668	3.994	0	299	28	0.450	0.672	686.866	3.921	0
5505	277	277	56	0.698	0.660	691.443	4.011	0	301	25	0.451	0.671	687.782	3.918	0
5525	278	-1280	-1024	-1.000	-1.000	-1.000	-1.000	4	-1280	-1024	-1.000	-1.000	-1.000	-1.000	4
5545	279	-1280	-1024	-1.000	-1.000	-1.000	-1.000	4	-1280	-1024	-1.000	-1.000	-1.000	-1.000	4
5565	280	-1280	-1024	-1.000	-1.000	-1.000	-1.000	4	-1280	-1024	-1.000	-1.000	-1.000	-1.000	4
5585	281	218	232	0.700	0.659	691.443	3.814	0	196	37	0.453	0.670	687.782	3.896	0
5605	282	220	239	0.700	0.660	688.539	3.798	0	200	51	0.453	0.671	683.360	3.872	0
5625	283	201	29	0.700	0.660	688.539	3.949	0	229	9	0.453	0.671	683.360	3.969	0
5645	284	209	87	0.699	0.660	688.539	4.005	0	213	5	0.452	0.671	683.360	3.945	0
5665	285	216	81	0.699	0.661	688.539	4.033	0	221	23	0.452	0.671	683.360	3.931	0
5685	286	197	85	0.699	0.661	688.539	4.154	0	217	21	0.452	0.672	683.360	3.901	0
5705	287	202	89	0.699	0.661	686.153	4.191	0	218	21	0.452	0.672	682.648	3.878	0
5724	288	214	94	0.699	0.661	686.153	4.106	0	220	30	0.452	0.672	682.648	4.061	0
5744	289	213	69	0.699	0.662	686.153	4.060	0	223	27	0.452	0.672	682.648	3.954	0
5764	290	220	98	0.699	0.662	686.153	4.041	0	229	32	0.452	0.673	682.648	3.984	0
5784	291	213	65	0.699	0.662	686.153	4.159	0	218	23	0.452	0.673	682.648	4.052	0
5804	292	215	70	0.699	0.663	687.262	4.143	0	218	27	0.452	0.673	681.488	3.999	0
5824	293	209	60	0.699	0.663	687.262	4.049	0	240	34	0.452	0.673	681.488	4.024	0
5844	294	209	84	0.699	0.663	687.262	4.150	0	232	32	0.452	0.673	681.488	4.010	0
5864	295	189	91	0.700	0.663	687.262	4.190	0	213	30	0.452	0.673	681.488	4.032	0
5884	296	45	93	0.700	0.663	687.262	4.124	0	84	34	0.454	0.672	681.488	4.043	0
5904	297	31	115	0.701	0.663	682.581	4.101	0	60	32	0.454	0.672	681.281	4.042	0
5924	298	60	103	0.701	0.662	682.581	4.104	0	78	36	0.454	0.671	681.281	4.016	0
5944	299	62	110	0.702	0.662	682.581	4.127	0	93	40	0.455	0.670	681.281	4.048	0
5964	300	58	92	0.702	0.661	682.581	4.106	0	86	24	0.455	0.669	681.281	4.025	0
5984	301	57	107	0.703	0.661	682.581	4.123	0	99	31	0.456	0.668	681.281	3.998	0
6004	302	54	102	0.704	0.661	683.635	4.121	0	99	28	0.457	0.667	681.096	4.006	0
6024	303	65	109	0.705	0.661	683.635	4.074	0	83	33	0.458	0.667	681.096	4.014	0
6044	304	59	108	0.706	0.661	683.635	4.118	0	86	32	0.459	0.667	681.096	3.995	0
6064	305	64	104	0.707	0.661	683.635	4.043	0	79	40	0.460	0.667	681.096	3.969	0
6083	306	57	107	0.707	0.662	683.635	4.046	0	85	37	0.460	0.667	681.096	3.962	0
6103	307	56	101	0.707	0.662	685.572	4.060	0	83	44	0.460	0.667	679.581	3.946	0
6123	308	64	97	0.707	0.662	685.572	4.114	0	82	42	0.460	0.667	679.581	3.971	0
6143	309	58	100	0.706	0.662	685.572	4.133	0	90	32	0.459	0.667	679.581	3.983	0
6163	310	59	96	0.705	0.662	685.572	4.129	0	79	39	0.458	0.667	679.581	3.981	0
6183	311	66	93	0.705	0.662	685.572	4.095	0	76	43	0.458	0.667	679.581	3.916	0
6203	312	64	92	0.704	0.662	685.944	4.104	0	78	38	0.457	0.666	680.428	3.922	0
6223	313	51	95	0.703	0.661	685.944	4.086	0	77	37	0.456	0.666	680.428	3.973	0
6243	314	56	94	0.703	0.661	685.944	4.102	0	84	39	0.456	0.666	680.428	3.958	0
6263	315	63	103	0.702	0.661	685.944	4.060	0	75	38	0.455	0.666	680.428	3.906	0
6283	316	67	105	0.702	0.661	685.944	4.130	0	87	41	0.455	0.667	680.428	3.949	0
6303	317	70	106	0.702	0.661	685.994	4.126	0	86	46	0.455	0.668	679.095	3.920	0
6323	318	87	103	0.702	0.660	685.994	4.150	0	121	36	0.455	0.668	679.095	3.950	0
6343	319	97	91	0.702	0.660	685.994	4.137	0	124	30	0.455	0.668	679.095	3.896	0
6363	320	102	109	0.702	0.660	685.994	4.138	0	125	35	0.455	0.668	679.095	3.930	0
6382	321	97	97	0.703	0.659	685.994	4.119	0	122	29	0.455	0.668	679.095	3.908	0
6402	322	105	96	0.703	0.659	685.481	4.110	0	124	30	0.455	0.668	679.400	3.926	0
6422	323	104	98	0.703	0.659	685.481	4.091	0	119	54	0.455	0.667	679.400	3.944	0
6442	324	100	99	0.703	0.659	685.481	4.112	0	121	38	0.455	0.667	679.400	3.940	0
6462	325	161	99	0.702	0.658	685.481	4.079	0	178	34	0.454	0.667	679.400	3.956	0
6482	326	194	99	0.701	0.658	685.481	4.040	0	214	24	0.453	0.667	679.400	3.983	0
6502	327	210	100	0.700	0.657	685.151	4.036	0	239	15	0.453	0.666	679.222	3.987	0
6522	328	185	99	0.700	0.657	685.151	4.085	0	206	25	0.452	0.666	679.222	3.921	0
6542	329	193	78	0.699	0.656	685.151	4.077	0	209	36	0.452	0.665	679.222	3.890	0
6562	330	196	105	0.699	0.656	685.151	4.001	0	221	27	0.451	0.665	679.222	3.939	0
6582	331	182	84	0.699	0.656	685.151	4.047	0	220	36	0.451	0.665	679.222	3.862	0
6602	332	186	96	0.699	0.655	685.180	4.021	0	218	34	0.451	0.665	678.408	3.864	0
6622	333	204	98	0.700	0.655	685.180	4.094	0	221	36	0.452	0.665	678.408	3.875	0
6642	334	206	80	0.700	0.655	685.180	4.028	0	217	35	0.452	0.665	678.408	3.830	0
6662	335	222	94	0.700	0.655	685.180	4.056	0	233	35	0.452	0.665	678.408	3.821	0
6682	336	207	88	0.701	0.655	685.180	4.070	0	230	23	0.453	0.665	678.408	3.934	0
6701	337	211	79	0.701	0.655	686.045	4.047	0	225	20	0.453	0.665	678.798	3.916	0
6721	338	202	76	0.700	0.655	686.045	4.108	0	234	27	0.452	0.665	678.798	3.876	0
6741	339	213	90	0.700	0.654	686.045	4.125	0	243	29	0.452	0.665	678.798	3.975	0
6761	340	197	77	0.699	0.654	686.045	4.145	0	242	28	0.451	0.665	678.798	3.899	0
6781	341	296	60	0.697	0.654	686.045	4.143	0	330	44	0.449	0.664	678.798	4.017	0
6801	342	309	67	0.696	0.653	684.238	4.130	0	344	47	0.448	0.664	678.293	4.003	0
6821	343	323	79	0.695	0.653	684.238	4.157	0	353	37	0.447	0.664	678.293	3.965	0
6841	344	305	89	0.694	0.653	684.238	4.185	0	353	53	0.446	0.665	678.293	3.983	0
6861	345	315	84	0.693	0.653	684.238	4.206	0	360	45	0.445	0.664	678.293	3.962	0
6881	346	318	95	0.693	0.652	684.238	4.239	0	351	35	0.445	0.664	678.293	4.010	0
6901	347	314	93	0.692	0.652	684.800	4.268	0	353	34	0.444	0.664	680.501	4.024	0
6921	348	316	72	0.692	0.652	684.800	4.271	0	360	43	0.444	0.664	680.501	4.019	0
6941	349	318	88	0.692	0.652	684.800	4.255	0	360	37	0.444	0.664	680.501	4.019	0
6961	350	370	74	0.691	0.651	684.800	4.229	0	395	30	0.443	0.663	680.501	4.063	0
6981	351	367	80	0.691	0.651	684.800	4.255	0	399	29	0.443	0.663	680.501	4.078	0
7001	352	361	89	0.690	0.650	683.005	4.235	0	401	22	0.442	0.663	682.196	4.103	0
7020	353	368	87	0.690	0.650	683.005	4.264	0	382	30	0.442	0.663	682.196	4.097	0
7040	354	374	59	0.689	0.650	683.005	4.319	0	401	38	0.441	0.663	682.196	4.091	0
7060	355	371	80	0.689	0.649	683.005	4.262	0	387	23	0.441	0.663	682.196	4.134	0
7080	356	364	79	0.689	0.649	683.005	4.254	0	382	24	0.441	0.663	682.196	4.126	0
7100	357	364	68	0.689	0.649	686.659	4.289	0	386	30	0.441	0.663	680.780	4.110	0
7120	358	367	68	0.689	0.649	686.659	4.368	0	380	28	0.441	0.663	680.780	4.131	0
7140	359	375	68	0.689	0.650	686.659	4.349	0	396	22	0.441	0.664	680.780	4.174	0
7160	360	372	70	0.689	0.650	686.659	4.328	0	382	28	0.441	0.664	680.780	4.175	0
7180	361	360	62	0.689	0.650	686.659	4.351	0	393	26	0.441	0.664	680.780	4.176	0
7200	362	360	65	0.688	0.650	685.527	4.337	0	387	25	0.440	0.665	680.443	4.174	0
7220	363	368	69	0.688	0.650	685.527	4.262	0	384	36	0.440	0.665	680.443	4.130	0
7240	364	354	139	0.688	0.650	685.527	4.299	0	387	46	0.440	0.664	680.443	4.193	0
7260	365	-1280	-1024	-1.000	-1.000	-1.000	-1.000	4	-1280	-1024	-1.000	-1.000	-1.000	-1.000	4
7280	366	-1280	-1024	-1.000	-1.000	-1.000	-1.000	4	-1280	-1024	-1.000	-1.000	-1.000	-1.000	4
7300	367	-1280	-1024	-1.000	-1.000	-1.000	-1.000	4	-1280	-1024	-1.000	-1.000	-1.000	-1.000	4
7320	368	-1280	-1024	-1.000	-1.000	-1.000	-1.000	4	-1280	-1024	-1.000	-1.000	-1.000	-1.000	4
7339	369	-1280	-1024	0.441	0.664	-1.000	-1.000	4	86	305	0.441	0.664	680.443	3.918	0
7359	370	-1280	-1024	0.689	0.652	-1.000	-1.000	4	88	311	0.441	0.664	677.631	3.902	0
7379	371	102	109	0.689	0.652	680.346	4.245	0	136	138	0.440	0.665	677.631	4.057	0
7399	372	112	203	0.689	0.652	680.346	4.214	0	140	140	0.440	0.665	677.631	4.098	0
7419	373	117	198	0.689	0.653	680.346	4.208	0	143	144	0.440	0.665	677.631	4.119	0
7439	374	121	186	0.688	0.653	680.346	4.232	0	144	138	0.440	0.665	677.631	4.076	0
7459	375	124	182	0.688	0.653	678.935	4.206	0	144	138	0.440	0.665	678.342	4.107	0
7479	376	125	194	0.688	0.653	678.935	4.177	0	136	141	0.440	0.665	678.342	4.085	0
7499	377	109	180	0.688	0.653	678.935	4.310	0	149	135	0.439	0.665	678.342	4.133	0
7519	378	101	183	0.687	0.653	678.935	4.268	0	144	147	0.439	0.665	678.342	4.208	0
7539	379	190	187	0.687	0.653	678.935	4.198	0	230	182	0.438	0.665	678.342	4.193	0
7559	380	186	189	0.686	0.653	678.605	4.254	0	242	179	0.438	0.665	680.570	4.193	0
7579	381	190	198	0.686	0.653	678.605	4.275	0	219	162	0.438	0.665	680.570	4.250	0
7599	382	184	187	0.686	0.653	678.605	4.350	0	231	167	0.438	0.665	680.570	4.249	0
7619	383	191	190	0.687	0.654	678.605	4.335	0	215	168	0.438	0.665	680.570	4.307	0
7639	384	186	192	0.687	0.654	678.605	4.282	0	213	155	0.438	0.665	680.570	4.238	0
7658	385	189	197	0.687	0.654	677.273	4.308	0	215	158	0.438	0.665	680.423	4.250	0
7678	386	185	204	0.687	0.654	677.273	4.345	0	224	181	0.438	0.666	680.423	4.262	0
7698	387	194	208	0.687	0.654	677.273	4.359	0	218	150	0.438	0.666	680.423	4.279	0
7718	388	185	188	0.686	0.654	677.273	4.272	0	216	169	0.438	0.666	680.423	4.199	0
7738	389	193	202	0.686	0.654	677.273	4.315	0	215	171	0.438	0.666	680.423	4.243	0
7758	390	186	193	0.686	0.653	679.422	4.311	0	216	178	0.438	0.665	678.448	4.218	0
7778	391	190	191	0.686	0.653	679.422	4.284	0	224	161	0.438	0.665	678.448	4.230	0
7798	392	154	200	0.686	0.652	679.422	4.244	0	194	160	0.438	0.665	678.448	4.160	0
7818	393	73	187	0.687	0.652	679.422	4.231	0	84	162	0.439	0.665	678.448	4.132	0
7838	394	88	190	0.687	0.653	679.422	4.231	0	98	145	0.439	0.664	678.448	4.077	0
7858	395	103	193	0.688	0.653	679.317	4.231	0	113	149	0.439	0.664	679.528	4.046	0
7878	396	88	195	0.688	0.653	679.317	4.206	0	106	154	0.440	0.664	679.528	4.119	0
7898	397	75	196	0.688	0.653	679.317	4.184	0	103	141	0.440	0.664	679.528	4.091	0
7918	398	86	197	0.689	0.653	679.317	4.117	0	103	151	0.440	0.664	679.528	4.085	0
7938	399	79	183	0.689	0.654	679.317	4.092	0	102	142	0.441	0.664	679.528	4.085	0
7958	400	85	185	0.689	0.654	678.785	4.063	0	101	144	0.441	0.664	680.024	4.087	0
7977	401	83	191	0.689	0.654	678.785	4.109	0	96	159	0.441	0.664	680.024	4.010	0
7997	402	77	213	0.690	0.654	678.785	4.111	0	96	146	0.442	0.664	680.024	4.022	0
8017	403	206	190	0.689	0.654	678.785	4.105	0	218	168	0.441	0.664	680.024	4.043	0
8037	404	197	199	0.689	0.654	678.785	4.068	0	225	168	0.441	0.664	680.024	4.016	0
8057	405	187	199	0.689	0.654	679.634	4.069	0	224	166	0.441	0.664	680.373	4.030	0
8077	406	194	187	0.689	0.654	679.634	4.119	0	225	153	0.441	0.664	680.373	3.999	0
8097	407	198	198	0.690	0.654	679.634	4.044	0	233	167	0.442	0.664	680.373	3.968	0
8117	408	203	199	0.690	0.654	679.634	4.088	0	231	173	0.442	0.664	680.373	3.964	0
8137	409	211	199	0.690	0.654	679.634	4.040	0	230	163	0.442	0.663	680.373	4.025	0
8157	410	214	200	0.690	0.655	679.514	4.052	0	235	159	0.442	0.664	681.931	4.020	0
8177	411	310	508	0.689	0.657	679.514	4.035	0	316	480	0.442	0.666	681.931	3.995	0
8197	412	345	621	0.689	0.658	679.514	4.058	0	355	639	0.442	0.667	681.931	4.011	0
8217	413	361	627	0.690	0.658	679.514	4.028	0	366	636	0.442	0.666	681.931	4.157	0
8237	414	361	625	0.690	0.657	679.514	4.075	0	343	614	0.442	0.666	681.931	3.980	0
8257	415	371	619	0.690	0.657	685.999	4.109	0	346	597	0.442	0.666	687.380	4.055	0
8276	416	338	607	0.691	0.657	685.999	4.177	0	353	623	0.442	0.666	687.380	4.075	0
8296	417	345	615	0.691	0.657	685.999	4.128	0	357	627	0.442	0.666	687.380	4.120	0
8316	418	356	615	0.691	0.658	685.999	4.079	0	355	607	0.443	0.666	687.380	4.137	0
8336	419	347	617	0.691	0.658	685.999	4.181	0	346	613	0.443	0.666	687.380	4.058	0
8356	420	351	620	0.692	0.658	684.677	4.136	0	341	610	0.443	0.666	686.795	4.080	0
8376	421	347	616	0.692	0.658	684.677	4.201	0	338	626	0.444	0.666	686.795	4.077	0
8396	422	406	642	0.692	0.659	684.677	4.158	0	408	656	0.443	0.667	686.795	4.174	0
8416	423	424	646	0.692	0.659	684.677	4.189	0	415	644	0.443	0.666	686.795	4.148	0
8436	424	413	633	0.692	0.659	684.677	4.133	0	435	627	0.443	0.666	686.795	4.240	0
8456	425	422	633	0.693	0.659	683.563	4.129	0	445	637	0.444	0.666	687.358	4.258	0
8476	426	424	624	0.693	0.659	683.563	4.083	0	414	648	0.444	0.666	687.358	4.157	0
8496	427	412	630	0.693	0.659	683.563	4.090	0	414	640	0.444	0.666	687.358	4.096	0
8516	428	423	643	0.693	0.659	683.563	4.122	0	418	639	0.444	0.666	687.358	4.061	0
8536	429	433	628	0.693	0.659	683.563	4.072	0	425	630	0.444	0.666	687.358	4.152	0
8556	430	411	632	0.693	0.659	683.591	4.083	0	430	627	0.444	0.666	686.955	4.110	0
8576	431	421	621	0.693	0.659	683.591	4.153	0	428	637	0.444	0.666	686.955	4.049	0
8596	432	436	650	0.693	0.659	683.591	4.041	0	439	639	0.444	0.666	686.955	4.059	0
8615	433	441	618	0.693	0.659	683.591	4.029	0	438	636	0.444	0.666	686.955	4.044	0
8635	434	435	627	0.693	0.659	683.591	4.068	0	442	633	0.444	0.666	686.955	4.036	0
8655	435	437	636	0.694	0.659	682.212	4.065	0	443	631	0.445	0.666	688.137	4.043	0
8675	436	439	636	0.695	0.659	682.212	4.034	0	421	629	0.446	0.666	688.137	4.026	0
8695	437	438	650	0.695	0.660	682.212	4.049	0	448	616	0.446	0.666	688.137	4.072	0
8715	438	452	636	0.696	0.660	682.212	4.004	0	437	641	0.447	0.665	688.137	4.018	0
8735	439	443	641	0.697	0.660	682.212	3.973	0	434	649	0.448	0.665	688.137	4.006	0
8755	440	449	644	0.698	0.660	683.466	3.972	0	430	652	0.448	0.665	686.585	4.005	0
8775	441	515	619	0.698	0.660	683.466	4.019	0	530	658	0.448	0.665	686.585	4.012	0
8795	442	736	633	0.695	0.659	683.466	3.936	0	758	612	0.446	0.665	686.585	3.925	0
8815	443	956	638	0.693	0.659	683.466	3.935	0	1026	625	0.444	0.665	686.585	3.884	0
8835	444	1048	621	0.692	0.659	683.466	4.061	0	1068	619	0.444	0.665	686.585	3.875	0
8855	445	1144	620	0.693	0.659	683.554	4.023	0	1103	618	0.444	0.665	683.426	3.847	0
8875	446	1060	626	0.693	0.659	683.554	3.989	0	1079	624	0.445	0.665	683.426	3.951	0
8895	447	1052	647	0.693	0.659	683.554	4.020	0	1042	648	0.444	0.665	683.426	3.853	0
8915	448	1050	633	0.693	0.659	683.554	3.938	0	1053	615	0.444	0.665	683.426	3.785	0
8934	449	1047	635	0.693	0.659	683.554	3.918	0	1053	624	0.445	0.665	683.426	3.838	0
8954	450	1046	635	0.694	0.659	684.548	3.902	0	1053	628	0.445	0.665	682.544	3.806	0
8974	451	1050	645	0.693	0.659	684.548	3.986	0	1049	630	0.444	0.665	682.544	3.838	0
8994	452	1055	632	0.694	0.660	684.548	3.970	0	1047	632	0.445	0.665	682.544	3.801	0
9014	453	1061	628	0.694	0.660	684.548	4.006	0	1069	623	0.445	0.665	682.544	3.835	0
9034	454	1059	641	0.694	0.660	684.548	3.918	0	1086	623	0.445	0.665	682.544	3.799	0
9054	455	1063	630	0.694	0.660	686.669	3.925	0	1101	626	0.445	0.665	680.451	3.797	0
9074	456	1144	617	0.694	0.660	686.669	3.997	0	1113	618	0.445	0.665	680.451	3.822	0
9094	457	1120	662	0.694	0.660	686.669	3.949	0	1119	631	0.445	0.665	680.451	3.781	0
9114	458	1127	607	0.694	0.660	686.669	3.982	0	1138	610	0.446	0.665	680.451	3.839	0
9134	459	1125	611	0.694	0.659	686.669	3.978	0	1136	624	0.446	0.665	680.451	3.871	0
9154	460	1124	620	0.694	0.659	685.563	3.968	0	1134	625	0.445	0.665	681.285	3.874	0
9174	461	1130	608	0.694	0.659	685.563	3.874	0	1132	627	0.445	0.665	681.285	3.914	0
9194	462	1120	632	0.694	0.659	685.563	3.919	0	1118	638	0.445	0.665	681.285	3.844	0
9214	463	1122	648	0.694	0.660	685.563	3.980	0	1117	642	0.445	0.665	681.285	3.826	0
9233	464	1138	633	0.693	0.660	685.563	3.963	0	1128	625	0.444	0.665	681.285	3.817	0
9253	465	1145	640	0.693	0.660	685.330	3.944	0	1131	631	0.444	0.665	681.493	3.808	0
9273	466	1043	569	0.693	0.659	685.330	3.931	0	1070	568	0.444	0.665	681.493	3.910	0
9293	467	848	454	0.695	0.658	685.330	3.945	0	883	435	0.446	0.663	681.493	3.796	0
9313	468	695	328	0.696	0.657	685.330	3.824	0	703	335	0.448	0.662	681.493	3.854	0
9333	469	696	308	0.696	0.657	685.330	3.874	0	696	328	0.448	0.662	681.493	3.919	0
9353	470	696	285	0.696	0.656	686.769	3.854	0	689	317	0.448	0.662	683.325	3.888	0
9373	471	687	295	0.695	0.656	686.769	3.851	0	699	314	0.447	0.661	683.325	3.901	0
9393	472	689	325	0.695	0.655	686.769	3.827	0	701	324	0.447	0.661	683.325	3.904	0
9413	473	702	321	0.695	0.655	686.769	3.815	0	694	326	0.447	0.661	683.325	3.887	0
9433	474	679	315	0.695	0.655	686.769	3.860	0	699	321	0.447	0.661	683.325	3.855	0
9453	475	679	309	0.695	0.654	687.402	3.850	0	696	321	0.447	0.660	682.704	3.845	0
9473	476	696	323	0.695	0.654	687.402	3.801	0	700	329	0.447	0.660	682.704	3.837	0
9493	477	530	185	0.696	0.653	687.402	3.813	0	564	228	0.449	0.659	682.704	3.926	0
9513	478	392	160	0.698	0.653	687.402	3.764	0	416	178	0.450	0.659	682.704	3.854	0
9533	479	381	158	0.698	0.653	687.402	3.793	0	397	173	0.451	0.659	682.704	3.893	0
9552	480	379	170	0.698	0.653	681.886	3.755	0	377	167	0.451	0.660	682.874	3.860	0
9573	481	375	167	0.698	0.654	681.886	3.702	0	402	167	0.451	0.660	682.874	3.860	0
9592	482	388	173	0.698	0.654	681.886	3.654	0	399	168	0.451	0.660	682.874	3.770	0
9612	483	385	170	0.699	0.654	681.886	3.696	0	408	163	0.452	0.659	682.874	3.863	0
9632	484	389	168	0.699	0.654	681.886	3.657	0	391	161	0.452	0.659	682.874	3.839	0
9652	485	388	164	0.700	0.654	684.424	3.686	0	391	154	0.454	0.659	685.495	3.830	0
9672	486	234	171	0.703	0.654	684.424	3.612	0	235	147	0.456	0.659	685.495	3.824	0
9692	487	242	158	0.703	0.654	684.424	3.743	0	253	137	0.456	0.658	685.495	3.800	0
9712	488	227	171	0.703	0.654	684.424	3.687	0	248	140	0.457	0.658	685.495	3.810	0
9732	489	222	163	0.704	0.654	684.424	3.776	0	253	142	0.457	0.658	685.495	3.794	0
9752	490	214	155	0.704	0.653	685.807	3.775	0	252	135	0.457	0.658	688.169	3.809	0
9772	491	228	175	0.703	0.653	685.807	3.745	0	249	133	0.457	0.659	688.169	3.825	0
9792	492	221	176	0.703	0.653	685.807	3.787	0	251	142	0.457	0.659	688.169	3.837	0
9812	493	227	155	0.702	0.653	685.807	3.775	0	251	165	0.457	0.660	688.169	3.788	0
9832	494	225	166	0.702	0.653	685.807	3.723	0	248	141	0.456	0.660	688.169	3.849	0
9852	495	219	151	0.702	0.653	688.943	3.756	0	249	145	0.456	0.660	689.515	3.845	0
9871	496	232	167	0.702	0.653	688.943	3.802	0	239	144	0.457	0.661	689.515	3.815	0
9891	497	217	161	0.702	0.653	688.943	3.753	0	243	148	0.457	0.661	689.515	3.894	0
9911	498	230	167	0.703	0.654	688.943	3.837	0	244	155	0.458	0.661	689.515	3.867	0
9931	499	210	180	0.704	0.654	688.943	3.867	0	219	151	0.459	0.662	689.515	3.871	0
9951	500	207	176	0.705	0.655	690.389	3.878	0	218	145	0.460	0.662	690.821	3.883	0
9971	501	210	179	0.706	0.655	690.389	3.884	0	226	164	0.461	0.662	690.821	3.954	0
9991	502	208	170	0.707	0.655	690.389	3.887	0	226	164	0.462	0.662	690.821	3.940	0
10011	503	206	172	0.707	0.655	690.389	3.937	0	224	153	0.463	0.662	690.821	3.927	0
10031	504	201	170	0.708	0.655	690.389	3.948	0	224	164	0.464	0.661	690.821	4.007	0
10051	505	199	168	0.708	0.655	691.653	3.966	0	222	158	0.464	0.661	691.848	4.007	0
10071	506	207	157	0.709	0.655	691.653	3.889	0	231	182	0.465	0.661	691.848	3.950	0
10091	507	208	155	0.709	0.655	691.653	3.962	0	225	172	0.465	0.661	691.848	3.952	0
10111	508	185	164	0.709	0.655	691.653	3.966	0	193	149	0.466	0.660	691.848	3.975	0
10131	509	180	165	0.710	0.655	691.653	3.961	0	198	168	0.466	0.660	691.848	4.000	0
10151	510	171	163	0.710	0.655	692.786	3.968	0	202	156	0.467	0.660	693.533	4.021	0
10171	511	179	162	0.711	0.655	692.786	4.001	0	188	142	0.467	0.659	693.533	3.992	0
10190	512	176	178	0.711	0.654	692.786	3.936	0	193	163	0.468	0.658	693.533	3.968	0
10210	513	95	168	0.712	0.653	692.786	3.986	0	101	136	0.469	0.657	693.533	3.972	0
10230	514	100	156	0.712	0.653	692.786	3.984	0	117	139	0.468	0.656	693.533	4.000	0
10250	515	105	161	0.712	0.652	693.458	3.986	0	134	145	0.468	0.656	692.540	3.984	0
10270	516	98	160	0.711	0.651	693.458	3.994	0	118	147	0.467	0.655	692.540	3.952	0
10290	517	100	176	0.710	0.650	693.458	3.989	0	119	148	0.466	0.655	692.540	3.995	0
10310	518	107	171	0.709	0.649	693.458	3.991	0	119	133	0.465	0.655	692.540	3.977	0
10330	519	85	176	0.707	0.648	693.458	4.021	0	118	128	0.464	0.654	692.540	3.962	0
10350	520	89	177	0.706	0.647	692.462	4.016	0	118	120	0.463	0.654	693.374	3.985	0
10370	521	77	154	0.705	0.647	692.462	3.943	0	91	146	0.462	0.654	693.374	3.971	0
10390	522	77	181	0.705	0.646	692.462	3.984	0	88	131	0.461	0.654	693.374	3.961	0
10410	523	77	177	0.704	0.645	692.462	3.989	0	90	148	0.460	0.653	693.374	3.973	0
10430	524	81	168	0.704	0.645	692.462	3.979	0	88	135	0.460	0.653	693.374	3.962	0
10450	525	81	182	0.703	0.645	692.242	3.978	0	87	145	0.459	0.653	692.106	3.959	0
10470	526	70	175	0.703	0.645	692.242	4.006	0	89	150	0.459	0.653	692.106	3.945	0
10490	527	69	168	0.703	0.645	692.242	3.987	0	92	135	0.459	0.653	692.106	3.959	0
10510	528	74	172	0.702	0.645	692.242	3.975	0	90	140	0.458	0.653	692.106	3.980	0
10530	529	76	178	0.702	0.645	692.242	3.959	0	89	135	0.458	0.652	692.106	3.979	0
