1	704	120	313	170
2	963	758	277	204
3	1801	219	602	375
4	2040	180	646	394
5	2239	299	626	379
6	2638	139	456	688
7	2877	140	455	515
8	3037	100	470	495
9	3176	160	106	588
10	3655	160	274	232
11	3974	100	292	188
12	4094	120	261	198
13	4293	439	86	221
14	4751	578	277	209
15	5569	160	100	599
16	5748	259	104	622
17	6027	199	98	593
18	6247	498	90	585
19	6765	239	105	644
20	7024	279	97	647
21	7323	439	84	652
22	7782	219	88	627
23	8021	100	95	646
24	8360	140	681	598
25	8719	179	720	575
26	8918	279	739	639
27	9357	100	78	614
28	9477	219	71	577
29	9836	100	58	585
30	10274	279	107	593
31	10812	219	117	630
32	11052	180	114	624
33	11271	119	114	616
34	11510	140	116	611
35	12168	219	111	593
36	12527	199	81	578
37	12806	100	89	580
38	12926	160	88	591
39	13145	120	678	588
40	13344	299	717	565
41	13763	319	709	548
42	14202	219	689	555
43	14461	219	679	559
44	14700	279	725	572
45	15059	459	748	613
46	15637	259	742	658
47	16156	219	696	629
48	16495	140	736	619
49	16654	120	740	635
50	16794	140	779	647
51	16953	120	785	657
52	17551	180	774	714
53	17810	180	786	713
54	18090	479	773	719
55	18887	179	106	615
56	19087	100	114	613
57	19226	279	114	604
58	19585	439	797	725
59	20183	219	776	716
60	20422	279	793	725
61	20821	100	858	750
62	21220	160	154	576
63	21399	100	108	598
64	21519	199	116	594
65	21878	100	385	521
66	21997	100	462	481
67	22276	199	435	481
68	22516	159	93	597
69	22715	239	115	596
70	23014	100	283	230
71	23672	239	84	197
72	23971	120	95	602
73	24131	120	116	569
74	24290	279	114	576
75	24769	100	86	649
76	24888	100	90	653
77	25008	159	83	658
78	25387	100	62	675
79	25506	100	43	660
80	25626	459	93	668
81	26304	100	76	730
82	27161	100	79	783
83	28357	100	97	773
84	28657	100	96	783
85	29195	100	94	862
86	29474	379	118	787
87	29952	100	126	840
88	30251	219	125	845
89	30551	179	93	778
90	31906	140	117	718
91	32146	140	126	731
92	32405	140	134	742
93	32644	179	59	730
94	32843	179	61	724
95	33083	160	142	296
96	33860	199	751	649
97	34139	299	710	821
98	34458	419	718	801
99	34897	100	746	767
100	35116	179	742	775
101	35435	259	726	836
102	35714	120	694	822
103	36093	239	741	830
104	36352	180	744	844
105	36552	339	749	852
106	36931	239	705	855
107	37190	179	687	853
108	37489	100	695	851
109	37608	259	691	865
110	37908	219	738	865
111	38187	199	733	873
112	38406	120	741	842
113	38545	219	740	866
114	38785	439	719	886
115	39702	160	745	596
116	39881	139	742	592
117	40041	140	747	564
118	40200	179	741	570
119	40479	160	728	545
120	40838	100	765	620
121	41077	100	829	636
122	41317	160	759	613
123	41496	259	767	670
124	42035	279	775	723
125	42573	159	754	704
126	43231	140	762	753
127	43390	199	733	594
128	43610	359	730	592
129	44088	180	721	620
130	44347	140	756	618
131	45005	120	769	762
132	45284	239	772	711
133	45823	498	273	189
134	46341	239	253	197
135	46620	259	52	200
136	47139	359	116	604
137	47517	259	128	624
138	47796	180	110	604
139	48454	100	117	605
140	48594	120	121	604
141	48833	199	108	599
142	49072	299	103	586
143	49451	120	113	598
144	49591	159	105	580
145	50189	239	86	561
146	50448	319	90	566
147	50907	160	111	611
148	51345	279	128	613
149	51644	140	121	615
150	51804	239	118	611
151	52262	359	121	627
152	52701	179	159	631
153	52901	179	160	646
154	53100	618	117	595
155	53957	100	162	276
156	54854	479	70	209
157	55353	279	264	193
158	55971	359	755	690
159	56449	120	773	729
160	57008	199	735	592
161	57347	180	749	615
162	57546	279	738	563
163	57845	199	728	548
164	58343	339	116	607
165	58802	140	89	584
166	58961	140	87	561
167	59201	120	108	605
168	59859	219	151	620
169	60158	100	263	212
170	60656	120	473	202
171	61214	160	557	191
172	61514	160	588	186
173	61992	339	700	216
174	62351	279	575	195
175	62789	339	600	192
176	63148	120	607	196
177	63408	140	599	196
178	63567	100	504	211
179	63707	120	498	214
180	64045	160	517	219
181	64305	139	513	222
182	64704	299	123	605
183	65122	100	506	237
184	65242	140	509	214
185	66538	139	166	213
186	66697	179	91	221
187	66956	339	264	221
188	67335	199	88	225
189	67654	120	98	212
190	67814	239	269	198
191	68073	399	280	192
192	68651	479	113	619
193	69150	279	112	601
194	69449	498	124	607
195	70166	219	122	614
196	70406	120	119	608
197	70605	160	132	628
198	70784	100	112	651
199	71044	199	775	682
200	71303	219	767	650
201	71801	160	763	714
202	71981	239	778	723
203	72260	159	799	737
204	72459	120	811	716
205	72838	100	669	677
206	73955	179	102	598
207	74353	160	110	596
208	74573	160	111	603
209	74752	319	129	622
210	75171	100	101	659
211	75490	219	52	590
212	75769	140	55	568
213	76088	439	81	580
214	76546	259	74	631
215	76825	120	91	676
216	76965	160	85	675
217	77144	120	106	688
218	77623	479	67	692
219	78321	140	135	738
220	78620	199	95	704
221	79457	698	710	614
222	80215	100	724	637
223	80334	219	743	669
224	80574	120	744	642
225	80833	259	725	699
226	81212	120	723	705
227	81431	160	730	730
228	81630	199	728	738
229	81850	140	695	744
230	82308	199	745	751
231	82528	219	802	765
232	82807	179	748	802
233	83206	179	115	803
234	84023	100	114	695
235	85259	179	152	718
236	85558	100	109	704
237	85678	159	121	712
238	85857	100	131	734
239	86057	120	711	726
240	86196	100	714	718
241	86555	199	825	763
242	87113	319	767	798
243	87592	100	749	786
244	87931	359	760	798
245	88489	100	798	837
246	88609	140	798	814
247	88928	120	752	817
248	89067	120	760	824
249	89227	120	744	817
250	89366	100	750	820
251	89585	299	753	820
252	89984	259	146	755
253	90463	119	132	807
254	90602	139	124	810
255	90762	140	134	807
256	91101	100	138	838
257	91360	199	138	845
258	91918	120	767	818
259	92098	140	751	784
260	92417	319	809	778
261	92776	160	818	781
262	93154	180	750	767
263	93653	199	125	774
264	94231	199	140	764
265	94470	160	125	743
266	95068	219	172	739
267	95387	399	128	732
268	95965	140	136	724
269	96125	120	137	741
270	96264	120	118	715
271	96464	279	144	704
272	97082	100	481	751
273	97999	100	475	754
274	98218	120	439	757
275	98458	180	504	760
276	98657	120	510	763
277	99255	100	126	715
278	99754	140	140	719
279	100172	459	135	706
280	100890	339	128	711
281	101309	219	141	727
282	101648	219	133	716
283	102046	100	94	700
284	102385	160	85	694
285	102565	120	66	703
286	102704	120	68	571
287	102944	239	83	551
288	103243	160	699	589
289	103442	120	724	565
290	103741	120	718	713
291	103881	239	732	734
292	104240	120	751	774
293	104499	120	742	814
294	104638	100	752	810
295	104997	279	756	789
296	105316	219	834	781
297	105795	100	809	775
298	106293	179	115	763
299	106692	120	701	752
300	106831	180	698	781
301	107031	160	720	776
302	107210	100	786	774
303	107330	279	775	770
304	107908	180	784	805
305	108387	219	771	834
306	108985	120	758	851
307	109423	100	112	786
308	109543	179	108	778
309	109742	199	123	759
310	110021	120	137	772
311	110161	140	148	790
312	110380	379	118	800
313	110939	200	84	813
314	111258	140	82	802
315	111417	100	77	806
316	111537	100	80	806
317	111716	319	142	819
318	112075	160	126	831
319	112254	140	122	834
320	112534	279	133	845
321	113072	100	776	872
322	113311	140	770	873
323	113471	379	761	875
324	113869	219	764	885
325	114348	140	1005	728
326	114527	119	1010	745
327	115405	200	763	817
328	115624	100	764	794
329	115823	339	762	832
330	116182	419	733	870
331	116661	140	764	887
332	116980	120	724	944
333	117737	179	1128	925
334	118335	239	751	859
335	118634	160	735	798
336	118894	140	778	819
337	119073	100	778	811
338	119292	239	776	800
339	119552	339	760	825
340	119950	299	766	847
341	120389	100	758	887
342	120509	419	737	899
343	120967	159	792	903
344	121147	180	695	917
345	121446	179	694	894
346	121745	100	690	903
347	121864	259	752	921
348	122263	100	754	892
349	122403	159	737	912
350	122582	479	721	911
351	123100	219	766	898
352	123479	179	782	868
353	123738	120	766	873
354	124337	179	136	785
355	124556	120	150	771
356	124895	319	803	828
357	125413	160	777	852
358	125692	518	791	876
359	126231	140	796	869
360	126490	180	837	897
361	126689	199	781	913
362	127208	179	710	817
363	127487	179	739	809
364	127686	120	798	805
365	127826	140	719	809
366	127985	179	697	823
367	128224	160	699	816
368	128404	160	752	912
369	128583	140	743	907
370	128743	179	752	851
371	128942	160	751	843
372	129480	100	735	911
373	129680	180	741	899
374	130138	179	755	738
375	130796	100	118	790
376	131115	259	78	783
377	131534	120	74	785
378	131674	199	69	793
379	131913	160	72	803
380	132571	239	80	809
381	132830	179	117	795
382	133548	120	131	812
383	134166	179	271	212
384	134365	239	250	200
385	134624	199	247	200
386	134864	160	450	194
387	135043	100	439	193
388	135222	279	75	222
389	135821	279	121	774
390	136259	140	104	702
391	136778	279	125	704
392	137077	339	128	705
393	137635	100	94	737
394	137914	199	111	712
395	138213	100	778	743
396	138512	120	761	745
397	138672	140	757	726
398	139070	120	797	712
399	139210	140	752	749
400	139469	239	746	894
401	139848	100	748	884
402	139968	419	751	906
403	140506	179	767	909
404	140745	180	761	907
405	141164	160	96	799
406	141363	219	110	889
407	141901	100	507	245
408	142041	140	456	197
409	142440	379	581	203
410	142838	160	613	197
411	143018	259	668	218
412	143357	439	591	209
413	143816	160	470	223
414	145191	180	310	228
415	145729	239	109	680
416	146088	219	115	675
417	146348	319	90	654
418	146706	199	73	651
419	147145	219	115	654
420	147384	100	71	748
421	148022	140	124	702
422	148242	139	121	672
423	148421	100	142	671
424	148601	120	733	715
425	148740	120	745	715
426	149119	399	680	694
427	149617	379	715	694
428	150176	179	755	661
429	150375	179	747	647
430	150674	140	738	610
431	151073	120	734	598
432	151372	140	717	714
433	151631	140	701	723
434	151970	439	725	704
435	152429	120	754	728
436	152568	239	738	717
437	152827	120	728	720
438	152967	180	701	730
439	153306	140	751	701
440	153565	199	749	715
441	153784	199	765	724
442	154362	180	146	685
443	154761	179	125	668
444	155080	100	135	684
445	155220	120	128	691
446	155599	299	767	723
447	155977	160	763	726
448	156396	100	842	728
449	156516	120	835	742
450	156675	359	770	777
451	157054	279	763	775
452	157353	299	765	788
453	157692	479	769	773
454	159008	199	723	755
455	159407	180	766	758
456	159845	180	844	799
457	160065	120	780	817
458	160204	100	760	794
459	160324	199	786	820
460	160543	259	836	822
461	160822	259	772	830
462	161281	100	104	696
463	161460	279	140	684
464	161779	140	750	834
465	162018	120	789	828
466	162477	120	758	728
467	162656	120	759	730
468	162856	100	726	725
469	163155	180	811	745
470	163354	399	781	753
471	163773	120	785	773
472	163912	219	790	785
473	164650	498	786	753
474	165169	160	777	758
475	165388	179	743	728
476	165806	319	766	709
477	166146	140	734	708
478	166544	100	133	670
479	166764	219	127	666
480	167063	379	131	683
481	167461	179	131	705
482	167800	259	132	661
483	168179	100	106	642
484	168299	219	105	634
485	168598	140	103	633
486	168837	120	80	621
487	169036	319	117	614
488	169495	139	108	626
489	169734	239	793	719
490	169994	120	745	704
491	170233	279	756	706
492	170632	120	748	707
493	170771	100	753	698
494	171289	160	752	817
495	171469	140	769	895
496	171628	100	743	857
497	172127	179	146	605
498	172426	479	120	623
499	173223	100	758	797
500	173562	259	740	852
501	173881	120	763	765
502	174180	120	767	754
503	174320	379	752	733
504	174758	140	738	712
505	174918	120	731	828
506	175058	100	731	819
507	175516	179	108	627
508	175775	239	64	629
509	176054	180	72	634
510	176314	120	140	641
511	176712	139	146	650
512	176972	120	209	645
513	177410	239	244	656
514	177669	179	327	656
515	178008	160	149	710
516	178307	140	144	701
517	178586	140	719	752
518	178985	160	728	828
519	179224	219	734	819
520	179563	100	716	823
521	179803	140	712	721
522	180002	100	726	723
523	180182	179	749	730
524	180401	279	726	742
525	181059	100	830	754
526	181178	160	742	759
527	181358	199	733	761
528	181577	160	712	756
529	181757	100	714	753
530	181956	100	776	754
531	182115	239	778	763
532	182414	239	775	774
533	182714	160	843	791
534	183052	179	734	765
535	183411	120	749	785
536	183551	100	823	794
537	183670	120	807	796
538	183910	140	847	775
539	184089	498	725	746
540	184648	219	721	748
541	184887	100	717	748
542	185106	160	721	738
543	185286	199	721	747
544	185565	319	721	745
545	186083	140	704	720
546	186801	120	748	710
547	187239	140	157	698
548	187439	100	165	687
549	187638	100	114	649
550	187917	140	366	242
551	188336	120	638	257
552	188535	100	448	199
553	189133	299	279	227
554	189472	439	474	214
555	189931	120	558	219
556	190170	1037	598	225
557	191227	299	596	226
558	191546	259	494	241
559	191825	339	505	260
560	192184	140	512	251
561	192463	179	513	250
562	192922	120	73	249
563	193121	100	319	238
564	193540	379	509	258
565	193958	339	503	241
566	194517	120	439	245
567	194856	140	465	214
568	195035	120	461	87
569	195753	339	452	233
570	197108	179	69	249
571	197328	179	258	244
572	197866	219	124	730
573	198145	100	113	742
574	198285	100	109	747
575	198604	100	105	816
576	198843	140	103	683
577	199003	179	91	631
578	199322	160	71	620
579	199501	219	77	626
580	199800	100	66	619
581	199920	459	78	624
582	200418	399	93	644
583	201116	159	141	681
584	201395	219	127	687
585	201754	120	149	685
586	202192	120	131	667
587	202512	359	171	677
588	202990	180	498	778
589	204107	179	466	869
590	204366	100	463	931
591	204784	140	444	757
592	205143	120	148	675
593	205602	179	149	664
594	205861	219	530	688
595	206100	120	437	692
596	206399	179	499	655
597	206858	140	685	710
598	207017	219	707	704
599	207496	239	128	664
600	207855	120	145	671
601	208154	100	727	686
602	208553	379	734	731
603	209051	119	723	762
604	209350	239	742	630
605	209609	219	734	708
606	210108	419	730	712
607	210546	120	701	711
608	210766	120	704	715
609	210965	379	754	738
610	211463	100	767	728
611	211703	219	753	718
612	211942	200	766	725
613	212241	120	753	728
614	212440	120	736	717
615	212660	120	172	692
616	212899	319	124	670
617	213437	179	124	657
618	213657	120	121	651
619	213836	379	94	608
620	214434	279	738	696
621	214773	100	763	719
622	215152	160	801	739
623	215471	140	674	279
624	216368	239	263	252
625	216627	219	79	245
626	216966	100	143	706
627	217086	140	140	668
628	217365	159	737	730
629	217664	140	788	729
630	218123	140	768	727
631	218442	120	581	268
632	218581	140	463	231
633	218780	120	455	231
634	219040	219	126	235
635	219279	120	79	244
636	219418	219	253	231
637	219817	339	537	244
638	220176	518	595	240
639	220714	279	599	244
640	221014	279	599	243
641	221313	219	498	221
642	221671	259	513	195
643	222210	339	590	248
644	222728	219	436	247
645	222967	518	445	232
646	223506	140	446	254
647	223665	259	437	206
648	224004	120	139	206
649	224144	239	64	226
650	224423	160	307	212
651	224602	419	266	213
652	225101	239	65	222
653	225360	219	258	216
654	225699	239	141	528
655	225998	439	108	641
656	226696	219	65	653
657	226935	140	71	663
658	227094	140	134	665
659	227354	120	462	189
660	227892	239	89	176
661	228191	439	273	176
662	228689	219	118	628
663	228929	199	127	640
664	229228	140	431	198
665	229487	179	438	210
666	229706	279	491	783
667	230025	100	478	807
668	230284	179	447	199
669	230623	638	453	194
670	231421	199	120	635
671	231840	120	439	178
672	232139	279	586	195
673	232438	239	589	190
674	232737	100	1162	212
675	232936	140	1249	217
676	233554	259	125	601
677	234152	100	143	618
678	234730	199	210	18
679	234950	219	440	17
680	235189	339	584	24
681	235568	259	584	29
682	235847	179	568	206
683	236086	718	447	208
684	236824	179	101	232
685	237023	140	78	238
686	237183	160	283	227
687	237362	439	250	231
688	237821	219	85	252
689	238120	140	284	242
690	238279	359	450	245
691	239715	120	437	204
692	240772	339	81	600
693	241150	159	90	615
694	241430	199	50	616
695	241689	219	53	606
696	242387	239	93	632
697	242725	100	87	625
698	243124	279	77	614
699	243543	219	85	647
700	243782	359	59	644
701	244161	259	119	670
702	244460	259	111	717
703	244739	160	107	711
704	244978	140	103	680
705	245138	160	117	702
706	245317	120	125	709
707	245577	179	736	673
708	245915	100	710	703
709	246035	100	678	686
710	246534	459	719	595
711	247012	239	735	652
712	247311	479	713	722
713	247809	180	710	739
714	248009	180	683	755
715	248208	419	726	746
716	249105	778	687	568
717	250062	160	737	555
718	250521	100	752	658
719	251119	120	779	753
720	251498	279	722	659
721	251897	120	731	642
722	252096	179	87	644
723	252295	100	97	642
724	254010	159	209	221
725	254209	160	62	213
726	254409	219	255	213
727	254688	239	51	225
728	255246	140	757	768
729	255406	120	773	770
730	255545	259	771	749
731	255824	339	746	827
732	256323	140	745	828
733	256622	199	734	831
734	256881	319	733	827
735	257419	279	726	632
736	258177	299	121	748
737	258496	120	125	753
738	258695	120	117	708
739	258835	259	102	676
740	259274	100	132	729
741	259393	100	106	701
742	259513	140	129	682
743	259672	219	124	673
744	260031	239	123	700
745	260390	279	127	699
746	260689	199	125	694
747	261267	140	103	657
748	261427	120	106	644
749	261566	120	116	727
750	261766	100	120	699
751	261965	120	131	282
752	263321	120	724	773
753	263460	100	741	799
754	263580	359	764	814
755	264258	120	737	823
756	264597	160	795	846
757	264776	459	722	832
758	265255	120	718	667
759	265454	140	711	639
760	265614	319	718	620
761	266052	199	742	639
762	266292	100	743	634
763	266451	279	733	833
764	266750	100	748	845
765	267388	160	737	831
766	267966	100	769	770
767	268146	100	749	815
768	269163	120	113	686
769	269422	119	85	645
770	270159	120	783	688
771	270698	399	113	704
772	271495	120	475	873
773	271834	239	462	917
774	272333	100	453	880
775	272532	239	123	710
776	272791	279	101	696
777	273090	239	472	779
778	273489	279	475	789
779	273908	100	476	787
780	274027	140	465	782
781	274227	159	471	817
782	274785	279	468	874
783	275084	179	483	856
784	275323	179	484	765
785	275782	199	467	792
786	276898	160	112	705
787	277815	140	1100	833
788	278553	120	457	780
789	278733	120	111	726
790	278872	199	110	698
791	280387	120	772	760
792	280647	140	772	764
793	280946	179	510	196
794	282222	179	270	212
795	282421	498	281	207
796	282979	419	461	210
797	283418	239	620	225
798	283697	100	455	233
799	283976	120	454	216
800	284235	219	604	213
801	284475	518	607	216
802	285172	179	494	233
803	285372	120	505	233
804	285611	139	254	253
805	286110	139	334	226
806	286269	179	453	200
807	286488	100	158	221
808	286608	199	82	237
809	286867	239	275	217
810	287126	140	325	229
811	287385	120	92	686
812	287545	180	121	649
813	287764	160	95	644
814	287984	319	88	649
815	288502	100	117	839
816	288622	100	123	867
817	289020	100	50	651
818	289240	598	71	635
819	289878	159	103	618
820	290336	658	73	590
821	291233	179	103	640
822	291433	319	118	666
823	291832	120	129	667
824	291971	120	106	645
825	292131	180	72	661
826	292330	100	69	668
827	292470	179	130	661
828	292769	439	131	680
829	293446	179	106	648
830	293706	140	112	651
831	294304	140	697	647
832	294663	219	722	638
833	295301	100	687	616
834	295460	120	733	592
835	295739	439	719	599
836	296218	199	692	581
837	296457	179	706	570
838	296656	159	686	563
839	296955	100	702	578
840	297274	180	741	588
841	297554	160	767	603
842	297853	538	759	648
843	298511	120	777	596
844	298650	140	771	600
845	298810	180	765	614
846	299527	219	731	583
847	299806	120	737	671
848	299946	100	743	684
849	300126	179	704	692
850	300325	159	695	701
851	300923	299	816	708
852	301342	140	788	705
853	301661	120	383	260
854	301800	140	428	190
855	302677	219	748	686
856	303176	160	729	579
857	303395	140	716	580
858	303814	120	116	684
859	304452	219	116	652
860	305010	479	130	664
861	305868	140	83	624
862	306027	100	92	630
863	306266	219	91	609
864	306705	120	117	628
865	306944	180	125	640
866	307403	120	135	658
867	307702	100	714	718
868	307841	199	775	700
869	308160	120	761	681
870	308420	319	784	708
871	308798	140	803	712
872	309018	160	834	721
873	309217	160	788	708
874	309855	140	412	221
875	310353	239	239	234
876	310613	200	321	231
877	310892	479	587	222
878	311789	479	603	217
879	312287	279	512	264
880	312606	180	494	254
881	312806	160	447	192
882	313125	100	455	210
883	314480	140	136	702
884	314780	100	121	651
885	314899	100	118	642
886	315079	778	106	628
887	316235	120	158	713
888	316694	100	127	675
889	316833	419	88	639
890	317272	120	76	651
891	317471	319	127	627
892	317970	239	83	666
893	318707	100	129	652
894	318827	120	136	687
895	318966	179	137	686
896	319285	120	135	705
897	319465	100	124	700
898	319684	120	135	725
899	319824	179	152	716
900	320083	100	88	662
901	320302	100	156	658
902	320561	120	677	732
903	321000	100	705	692
904	321279	100	731	636
905	321399	239	763	654
906	321658	339	766	622
907	322017	459	751	628
908	322595	159	744	611
909	322774	259	739	652
910	323054	120	789	689
911	323193	100	783	701
912	323353	120	785	701
913	324270	379	740	610
914	324748	339	726	571
915	325247	140	725	561
916	325446	219	745	603
917	325685	399	745	594
918	327101	100	114	652
919	327221	139	113	660
920	327460	379	102	609
921	327859	319	116	622
922	328198	179	115	629
923	328397	179	120	648
924	328636	239	115	654
925	328895	219	122	665
926	329135	299	159	651
927	329733	140	134	651
928	330151	159	475	257
929	330730	199	749	788
930	330989	219	753	751
931	331388	319	797	712
932	331886	100	134	242
933	332843	180	292	263
934	333042	219	66	262
935	333302	179	386	255
936	333501	160	480	240
937	333680	180	485	247
938	333880	100	592	246
939	334039	239	614	244
940	334378	319	609	248
941	334717	139	494	269
942	334896	359	500	203
943	335734	160	508	200
944	336172	279	447	248
945	336970	120	447	213
946	337289	159	66	226
947	337468	180	280	215
948	337668	299	275	216
949	337987	180	306	222
950	338306	239	104	596
951	338625	120	107	602
952	338804	160	70	648
953	339163	100	99	673
954	339582	120	472	771
955	339881	180	476	531
956	340220	219	123	640
957	340698	159	107	674
958	340977	319	83	660
959	341336	120	83	666
960	341675	199	131	451
961	341894	160	158	443
962	342533	100	207	491
963	342732	179	209	479
964	343051	120	112	669
965	343689	139	446	206
966	344048	120	190	214
967	344247	179	75	206
968	344466	359	277	208
969	344845	179	66	216
970	345065	259	276	213
971	345344	199	440	213
972	345583	199	262	230
973	345842	179	77	222
974	346101	459	257	225
975	346660	159	132	683
976	346879	100	127	686
977	347038	399	116	680
978	347457	120	101	741
979	347836	179	111	716
980	348314	339	119	727
981	348733	319	98	753
982	349251	199	56	755
983	349710	179	106	755
984	350208	100	748	835
985	350508	179	714	850
986	351046	100	698	580
987	351205	179	699	581
988	351405	100	704	586
989	351544	100	685	551
990	351664	219	693	560
991	352342	140	63	582
992	352621	180	85	569
993	353199	100	171	286
994	353598	299	277	241
995	353957	120	141	245
996	354196	199	286	213
997	354455	419	473	207
998	354894	319	529	201
999	355233	379	596	211
1000	355811	179	611	207
1001	356190	379	507	246
1002	356589	120	450	199
1003	356888	120	450	215
1004	357506	100	249	251
1005	358702	180	97	595
1006	358921	179	94	592
1007	359140	120	74	583
1008	359340	239	48	584
1009	359978	219	120	595
1010	360217	179	125	615
1011	360416	259	113	599
1012	360696	120	113	599
1013	361573	100	63	226
1014	361712	259	233	220
1015	362012	239	77	235
1016	362311	100	234	218
1017	362689	159	720	589
1018	362869	279	701	595
1019	363168	279	693	597
1020	363507	339	728	580
1021	363906	140	721	628
1022	364165	379	727	625
1023	364683	100	735	590
1024	364803	139	728	605
1025	364982	180	733	581
1026	365182	159	716	564
1027	365361	279	686	570
1028	365660	100	691	566
1029	365800	139	746	589
1030	365959	279	742	588
1031	366358	140	737	617
1032	366657	199	705	625
1033	366876	319	701	630
1034	367215	140	700	637
1035	367375	100	745	631
1036	367514	120	746	626
1037	367973	120	830	650
1038	368252	120	751	652
1039	368611	120	767	714
1040	369408	179	101	623
1041	369648	339	95	570
1042	370006	219	109	601
1043	370286	140	109	609
1044	370605	219	106	583
1045	370884	239	103	578
1046	371641	100	439	212
1047	372299	100	813	753
1048	372857	160	793	651
1049	373077	140	818	631
1050	373436	140	119	653
1051	373595	100	102	650
1052	373715	100	107	654
1053	374333	140	134	636
1054	374552	180	127	632
1055	374831	379	80	581
1056	375230	100	99	590
1057	375350	120	119	608
1058	375489	279	116	605
1059	376067	259	780	784
1060	376386	160	842	757
1061	376865	139	739	743
1062	377423	239	738	750
1063	377722	518	723	751
1064	378320	139	812	742
1065	378580	120	797	768
1066	378919	199	855	757
1067	379337	100	797	669
1068	379576	159	341	248
1069	380513	140	552	233
1070	380832	180	605	225
1071	381151	160	605	230
1072	381331	120	608	226
1073	381829	120	514	274
1074	381969	219	517	259
1075	382248	140	465	240
1076	385259	179	349	258
1077	386455	319	336	248
1078	386913	159	260	247
1079	387153	219	106	583
1080	387392	140	100	599
1081	387571	100	91	644
1082	387711	180	101	651
1083	387950	139	100	685
1084	388170	120	71	657
1085	388508	140	84	583
1086	388668	180	85	598
1087	388867	120	90	681
1088	389266	100	93	688
1089	389445	419	77	698
1090	389944	100	102	704
1091	390502	479	63	585
1092	391499	160	124	707
1093	391798	120	142	774
1094	391978	100	136	760
1095	393174	140	133	744
1096	393433	120	128	724
1097	393573	199	159	751
1098	393892	140	154	751
1099	394071	139	147	743
1100	394330	100	661	722
1101	394530	199	164	723
1102	394749	100	168	735
1103	394948	100	496	823
1104	395068	159	489	829
1105	395566	100	742	799
1106	395726	100	729	811
1107	396025	239	729	580
1108	396324	120	733	624
1109	396523	120	695	606
1110	396663	239	722	554
1111	396982	159	686	576
1112	397361	179	693	560
1113	397640	160	701	559
1114	398118	179	712	559
1115	398417	538	705	616
1116	399115	199	719	635
1117	399474	359	751	681
1118	400072	139	747	659
1119	400610	180	716	652
1120	400870	239	702	656
1121	401129	160	785	660
1122	401408	199	767	664
1123	401647	139	754	681
1124	401926	120	734	711
1125	402345	140	139	759
1126	402724	179	146	767
1127	402923	199	145	776
1128	403143	140	145	781
1129	403801	160	766	775
1130	404020	120	760	775
1131	404179	219	784	807
1132	404419	160	835	809
1133	405296	219	801	674
1134	405535	120	761	670
1135	405675	140	763	670
1136	405914	199	135	734
1137	406133	100	129	751
1138	406273	160	145	777
1139	406452	100	122	805
1140	406572	160	136	829
1141	406831	140	130	827
1142	407270	179	126	704
1143	407788	179	134	705
1144	408067	139	130	700
1145	408306	120	825	726
1146	408526	140	778	772
1147	408685	239	772	726
1148	408944	279	778	674
1149	409243	160	724	578
1150	409722	179	438	251
1151	410978	120	538	245
1152	411158	199	593	250
1153	411516	120	607	250
1154	411656	339	599	253
1155	412015	179	509	260
1156	412254	478	500	223
1157	412832	259	504	230
1158	413111	100	435	249
1159	413311	100	428	224
1160	413709	179	437	219
1161	414407	239	265	206
1162	414706	219	252	208
1163	415045	199	100	195
1164	415264	259	236	207
1165	415903	140	148	725
1166	416142	339	122	709
1167	416501	180	136	715
1168	416860	259	150	720
1169	417298	199	151	723
1170	417537	140	154	714
1171	417956	119	528	655
1172	418096	100	483	673
1173	418215	100	477	676
1174	418853	279	778	751
1175	419152	239	765	749
1176	419591	140	720	738
1177	420050	279	755	759
1178	420548	139	767	681
1179	420947	100	772	862
1180	422741	140	750	729
1181	422940	180	783	744
1182	423240	120	762	737
1183	423479	160	761	736
1184	423838	140	762	679
1185	424196	120	746	673
1186	424476	180	759	830
1187	424934	140	746	834
1188	425094	319	737	845
1189	425712	120	811	858
1190	425891	279	707	852
1191	426210	100	700	843
1192	426449	160	773	850
1193	426848	419	788	881
1194	427287	379	782	885
1195	427686	140	757	839
1196	427845	219	757	838
1197	428084	678	722	827
1198	428882	139	759	841
1199	429181	140	788	893
1200	429340	160	750	913
1201	429580	478	719	813
1202	430317	179	755	789
1203	430537	140	763	757
1204	430716	160	720	770
1205	431015	140	765	761
1206	431274	179	794	789
1207	431633	219	748	741
1208	432092	120	786	742
1209	432630	179	761	751
1210	432829	140	790	746
1211	433408	140	781	752
1212	433707	140	777	732
1213	433866	120	754	682
1214	434006	100	743	699
1215	434404	140	751	695
1216	434684	299	759	708
1217	435063	120	254	737
1218	435382	219	133	721
1219	435681	279	123	750
1220	436000	160	116	682
1221	436179	159	116	702
1222	436697	140	108	671
1223	437056	120	110	747
1224	437295	239	128	744
1225	437634	100	139	257
1226	438292	259	75	221
1227	438572	160	232	215
1228	438751	180	255	212
1229	438950	100	92	233
1230	439289	199	145	720
1231	439768	119	786	739
1232	440147	100	776	745
1233	440266	159	763	741
1234	440485	199	777	744
1235	440944	100	118	696
1236	441064	299	116	714
1237	441403	219	123	728
1238	441642	120	157	720
1239	441861	159	814	711
1240	442439	140	758	670
1241	443177	140	77	664
1242	443337	339	87	668
1243	443775	399	109	735
1244	444353	139	784	751
1245	444752	100	770	754
1246	445330	120	533	221
1247	445490	120	434	197
1248	446227	379	261	194
1249	446746	120	155	690
1250	446925	120	106	686
1251	447085	319	96	669
1252	447444	219	102	708
1253	447683	140	102	698
1254	448122	140	756	739
1255	448281	140	742	677
1256	449378	120	740	686
1257	449737	159	764	731
1258	450414	120	744	728
1259	450554	179	780	720
1260	450813	399	764	740
1261	452328	100	113	723
1262	452528	279	133	710
1263	453026	140	479	210
1264	453584	319	273	205
1265	453983	180	513	202
1266	454183	399	593	200
1267	454601	718	591	203
1268	455379	140	601	215
1269	455678	219	491	248
1270	455917	339	498	256
1271	456276	120	448	217
1272	456436	120	432	208
1273	459007	120	95	671
1274	459386	120	137	854
1275	459566	140	99	601
1276	459765	199	86	587
1277	459984	100	100	628
1278	460104	498	94	637
1279	460722	319	52	638
1280	461181	159	49	633
1281	461460	299	55	654
1282	461858	199	56	644
1283	462197	100	107	641
1284	462357	219	109	637
1285	462616	219	112	645
1286	462955	120	722	667
1287	463374	120	686	622
1288	463613	120	725	597
1289	463812	140	719	599
1290	464012	120	728	614
1291	464371	100	752	624
1292	464749	140	809	620
1293	464909	100	826	622
1294	465308	299	742	646
1295	465726	219	812	627
1296	465966	140	839	660
1297	466125	100	855	649
1298	466703	199	818	617
1299	466942	140	745	644
1300	467102	120	751	624
1301	467521	120	732	640
1302	467800	239	713	636
1303	468139	199	709	638
1304	468498	299	780	658
1305	468817	199	769	645
1306	469036	100	761	643
1307	469814	179	756	662
1308	470053	199	820	645
1309	470412	359	763	650
1310	470810	120	752	647
1311	470950	100	764	668
1312	471289	239	813	643
1313	471987	140	703	601
1314	472545	120	329	237
1315	472804	120	268	224
1316	473881	239	453	219
1317	474658	160	585	220
1318	474838	179	587	220
1319	475137	140	594	233
1320	475576	160	783	672
1321	475795	399	748	668
1322	476333	399	547	227
1323	476991	140	499	247
1324	478387	140	495	274
1325	478686	159	452	227
1326	478865	160	433	228
1327	479762	299	248	234
1328	480460	120	415	243
1329	480879	159	70	242
1330	481058	259	268	240
1331	481337	120	430	242
1332	482454	120	285	246
1333	482633	179	273	247
1334	482853	120	273	251
1335	483231	120	286	242
1336	484188	159	472	240
1337	484428	179	330	246
1338	484767	159	440	241
1339	485325	219	94	246
1340	485624	279	263	254
1341	485983	219	324	252
1342	486242	120	269	248
1343	486541	120	298	252
1344	488116	140	116	610
1345	488276	140	113	627
1346	488475	100	102	683
1347	488774	219	105	644
1348	489133	120	98	602
1349	489332	120	91	603
1350	489472	219	73	622
1351	489711	140	58	618
1352	489891	219	54	630
1353	490389	159	97	637
1354	490688	120	130	680
1355	490907	179	131	676
1356	491187	100	130	656
1357	491306	160	127	664
1358	491565	199	134	687
1359	491785	120	94	710
1360	491924	120	89	762
1361	492104	140	92	778
1362	492602	359	95	591
1363	493160	179	78	556
1364	493360	379	99	576
1365	493758	140	51	578
1366	494058	299	89	632
1367	494556	100	132	649
1368	494676	160	136	628
1369	495054	140	113	649
1370	495214	239	88	660
1371	495553	199	96	655
1372	495772	259	136	686
1373	496450	100	142	705
1374	496570	219	136	680
1375	496809	140	126	689
1376	496968	160	126	703
1377	497148	299	141	701
1378	497606	120	720	617
1379	497846	100	746	621
1380	498284	299	709	599
1381	498643	179	698	614
1382	498942	339	714	601
1383	499401	219	687	582
1384	500198	140	761	652
1385	500457	279	765	624
1386	501095	120	766	742
1387	501494	100	752	702
1388	501614	120	761	802
1389	501833	100	761	776
1390	502252	120	768	608
1391	502531	259	754	622
1392	502850	140	732	594
1393	503010	100	737	587
1394	503129	139	741	604
1395	503388	100	761	676
1396	503528	160	758	682
1397	503947	319	755	766
1398	504445	219	739	788
1399	504884	120	704	623
1400	505183	100	716	620
1401	505502	359	742	587
1402	506200	119	701	624
1403	506499	279	723	608
1404	506798	120	726	611
1405	507037	180	696	605
1406	507615	120	774	615
1407	507834	140	829	627
1408	507994	120	823	645
1409	508173	239	758	637
1410	508532	140	748	607
1411	508692	419	737	605
1412	509270	179	144	660
1413	509469	100	101	642
1414	509728	180	75	626
1415	510287	179	727	572
1416	510646	120	231	291
1417	511483	120	153	254
1418	511622	180	93	247
1419	511842	179	264	238
1420	512061	459	516	229
1421	512540	459	593	233
1422	513118	339	603	246
1423	514015	120	503	202
1424	514274	219	481	236
1425	514513	140	455	235
1426	515151	140	448	239
1427	516308	179	238	215
1428	517444	339	438	197
1429	517943	160	90	223
1430	518242	239	250	213
1431	518521	279	69	222
1432	518900	219	136	272
1433	519199	140	256	256
1434	519996	140	244	209
1435	520156	379	266	210
1436	520554	299	100	223
1437	520873	299	248	217
1438	521292	140	157	692
1439	521591	160	128	676
1440	522309	239	96	604
1441	523206	120	145	690
1442	523366	219	131	669
1443	523605	199	126	703
1444	523824	120	123	706
1445	524303	199	97	650
1446	524522	100	71	643
1447	524642	179	64	629
1448	524861	219	80	630
1449	525100	518	89	617
1450	525658	140	75	644
1451	525998	100	46	647
1452	526296	180	108	634
1453	526755	120	120	726
1454	526954	140	123	706
1455	527174	159	155	722
1456	527513	120	158	731
1457	527951	479	710	614
1458	528649	299	701	584
1459	528988	159	718	591
1460	529467	120	84	713
1461	529766	100	125	745
1462	530822	359	712	630
1463	531361	120	719	609
1464	531500	100	717	599
1465	531620	140	696	604
1466	532258	100	727	658
1467	532557	120	766	743
1468	533255	140	737	736
1469	533554	299	778	763
1470	533972	100	713	746
1471	534112	120	717	736
1472	534311	160	734	736
1473	534690	179	768	739
1474	534890	140	774	751
1475	535448	100	815	638
1476	535587	239	739	831
1477	535906	159	756	828
1478	536345	239	765	660
1479	536963	100	758	744
1480	537262	199	743	749
1481	537581	100	774	758
1482	537741	100	756	760
1483	537860	259	760	775
1484	538339	180	723	659
1485	538638	120	723	656
1486	538837	120	752	662
1487	538997	120	753	645
1488	539236	239	741	691
1489	539535	139	766	683
1490	540193	179	117	725
1491	540532	199	100	659
1492	541569	279	124	745
1493	541987	140	90	736
1494	542167	399	75	752
1495	542845	379	118	760
1496	543562	140	162	736
1497	543742	120	688	714
1498	543961	199	745	722
1499	544180	120	753	704
1500	544519	100	782	682
1501	544978	120	707	697
1502	545177	120	762	721
1503	545337	100	760	723
1504	545656	140	779	720
1505	545855	239	768	709
1506	546234	120	174	251
1507	547410	219	107	205
1508	547849	279	768	688
1509	548547	100	758	693
1510	548746	259	782	731
1511	549424	120	116	731
1512	549643	160	121	741
1513	549843	159	144	732
1514	550680	180	818	760
1515	550959	100	795	748
1516	551079	120	755	708
1517	551218	259	757	695
1518	551777	140	795	692
1519	552275	219	134	706
1520	552514	179	115	707
1521	552773	100	97	652
1522	552893	379	95	646
1523	553710	100	770	719
1524	554030	180	761	709
1525	554468	140	751	689
1526	555126	120	135	756
1527	555585	120	570	233
1528	555764	100	458	200
1529	557020	518	588	206
1530	557558	479	596	214
1531	558057	180	521	234
1532	558416	319	507	250
1533	558775	100	454	201
1534	559652	379	244	232
1535	560290	140	124	801
1536	560589	179	113	758
1537	560988	179	106	754
1538	561207	120	112	752
1539	561347	100	109	743
1540	561566	180	120	748
1541	561765	120	134	763
1542	561985	140	695	764
1543	562244	379	758	795
1544	562722	199	719	799
1545	563201	120	734	700
1546	563360	120	717	695
1547	563699	159	723	686
1548	563958	219	696	697
1549	564297	179	706	693
1550	564537	140	703	687
1551	564756	120	712	623
1552	565135	180	733	720
1553	565872	199	711	724
1554	566132	120	719	716
1555	566929	399	90	653
1556	567348	160	91	646
1557	567567	359	129	756
1558	567946	160	133	767
1559	568743	199	751	738
1560	568983	159	743	735
1561	569461	159	289	329
1562	569641	100	196	256
1563	569940	120	256	230
1564	570079	100	262	239
1565	570578	279	556	223
1566	570877	139	557	222
1567	571096	319	592	232
1568	571435	319	604	224
1569	572332	120	603	297
1570	572532	120	595	241
1571	572731	239	494	261
1572	573289	120	701	577
1573	573588	179	717	634
1574	574346	100	93	644
1575	575303	120	119	774
1576	575482	100	123	769
1577	576200	120	133	776
1578	576519	120	120	764
1579	576678	160	106	711
1580	576898	100	102	650
1581	577117	259	86	652
1582	577436	140	460	267
1583	577596	199	439	237
1584	578632	160	255	244
1585	578812	100	59	250
1586	578932	100	66	266
1587	579131	100	254	241
1588	579310	618	442	238
1589	580008	100	729	663
1590	580128	160	715	579
1591	580447	160	712	607
1592	580746	140	343	239
1593	581304	100	242	236
1594	581523	180	100	238
1595	581962	120	241	240
1596	582161	120	105	666
1597	582540	160	80	583
1598	582959	120	78	606
1599	583118	160	88	627
1600	583298	120	80	610
1601	583437	359	54	645
1602	584016	160	693	612
1603	584414	160	741	734
1604	584793	120	693	622
1605	586747	658	714	565
1606	587505	100	700	560
1607	587624	239	715	595
1608	588103	100	710	625
1609	588402	100	710	640
1610	588741	160	730	603
1611	588920	100	738	614
1612	589379	120	756	659
1613	589578	140	731	702
1614	589817	140	737	655
1615	590276	140	707	634
1616	590675	339	686	615
1617	591034	120	706	642
1618	591173	120	740	684
1619	591452	100	705	681
1620	591612	139	750	665
1621	592090	100	703	657
1622	592230	219	700	659
1623	592469	100	753	687
1624	593207	140	760	751
1625	593366	100	720	664
1626	593526	120	697	648
1627	594004	100	711	836
1628	594403	199	800	844
1629	594862	279	781	882
1630	595200	359	787	890
1631	595599	279	784	891
1632	596277	120	720	599
1633	596477	120	686	615
1634	597493	160	717	601
1635	597673	379	693	604
1636	598091	179	737	639
1637	598351	180	767	671
1638	598809	219	685	576
1639	599208	120	730	574
1640	599387	100	723	594
1641	600344	100	62	595
1642	600464	100	81	612
1643	600942	120	272	229
1644	601441	120	737	596
1645	601640	179	746	596
1646	601840	279	783	613
1647	602139	140	736	582
1648	602378	200	703	600
1649	602737	140	775	592
1650	602936	140	777	595
1651	603195	120	772	640
1652	603554	159	754	640
1653	603853	120	766	741
1654	603993	239	747	743
1655	604731	319	743	599
1656	605349	100	120	626
1657	605827	379	432	250
1658	606924	299	493	236
1659	607243	159	451	231
1660	607642	658	601	239
1661	608459	279	512	245
1662	608818	100	494	227
1663	609017	319	498	219
1664	609635	279	447	233
1665	610014	279	445	216
1666	610313	139	433	220
1667	610473	179	600	244
1668	610971	319	429	232
1669	611450	100	440	233
1670	611569	718	439	251
1671	612546	140	434	245
1672	613942	498	263	188
1673	614500	120	272	205
1674	614839	160	89	581
1675	615118	120	88	585
1676	615896	100	93	588
1677	616035	100	92	588
1678	616853	140	50	587
1679	617152	239	97	610
1680	617710	140	127	621
1681	617869	120	148	657
1682	618149	100	115	635
1683	618368	279	117	631
1684	618866	200	118	629
1685	619345	100	474	813
1686	619943	100	725	568
1687	620062	180	700	583
1688	620262	160	689	579
1689	620860	160	681	571
1690	621059	159	740	593
1691	621299	160	726	594
1692	621558	120	748	658
1693	622036	219	748	657
1694	622634	180	704	633
1695	622993	179	751	641
1696	623233	279	787	682
1697	623532	319	762	714
1698	623970	100	779	705
1699	624369	180	752	655
1700	624568	279	742	630
1701	625067	100	117	629
1702	625286	120	105	611
1703	625426	140	101	579
1704	625924	140	109	623
1705	626163	160	103	603
1706	626622	180	768	677
1707	627439	100	444	228
1708	627579	120	458	215
1709	628058	239	248	194
1710	628317	100	291	199
1711	628456	538	510	203
1712	629014	498	597	201
1713	629633	299	496	227
1714	630011	140	508	231
1715	630171	159	460	203
1716	630470	120	437	212
1717	631108	100	478	139
1718	631646	120	453	236
1719	631826	120	119	223
1720	632364	160	115	637
1721	632663	140	127	617
1722	632862	120	726	739
1723	633241	179	768	709
1724	633441	100	766	732
1725	635275	120	246	222
1726	635574	120	103	615
1727	635833	120	92	612
1728	636032	120	77	598
1729	636212	179	62	586
1730	636571	120	94	664
1731	636850	179	90	656
1732	637149	100	77	624
1733	637408	100	73	653
1734	637807	100	703	717
1735	638066	219	727	609
1736	638365	160	703	630
1737	638664	139	707	582
1738	639103	140	689	572
1739	639302	100	724	716
1740	639522	159	724	711
1741	639701	120	713	649
1742	639841	140	710	636
1743	640000	199	710	621
1744	640399	100	712	623
1745	641116	160	99	654
1746	641495	100	697	647
1747	641615	160	715	614
1748	641814	100	725	620
1749	641994	180	788	620
1750	642253	120	713	599
1751	642452	120	813	636
1752	642951	120	38	660
1753	643409	219	111	663
1754	643788	239	115	676
1755	644586	140	715	640
1756	644745	339	699	642
1757	645144	259	742	640
1758	645423	140	750	664
1759	645682	100	737	678
1760	645882	180	726	721
1761	646081	120	723	719
1762	646380	100	714	705
1763	646579	299	764	716
1764	646898	180	742	722
1765	647656	120	726	711
1766	647975	279	705	703
1767	648334	239	749	699
1768	648733	239	755	648
1769	649131	120	822	632
1770	649470	140	139	743
1771	649949	100	337	240
1772	651743	100	454	232
1773	651943	120	439	237
1774	653119	140	444	231
1775	653358	299	645	256
1776	653737	120	499	205
1777	653877	219	433	220
1778	654116	219	432	235
1779	654415	319	531	202
1780	654834	100	444	234
1781	655153	179	625	230
1782	655452	459	520	213
1783	655930	120	432	231
1784	656309	100	608	197
1785	656429	100	609	210
1786	656768	120	1220	231
1787	656907	498	1256	200
1788	657425	100	1105	203
1789	657605	100	1038	44
1790	657764	538	869	21
1791	658482	259	575	211
1792	658861	179	462	218
1793	659160	120	437	233
1794	659320	100	302	254
1795	659599	379	447	246
1796	659997	100	448	257
1797	660815	160	302	247
1798	660994	199	307	229
1799	661234	140	187	187
1800	661393	179	116	173
1801	661592	140	74	168
1802	661752	239	147	179
1803	662011	180	249	167
1804	663247	160	88	583
1805	663726	120	71	585
1806	663965	100	88	589
1807	664304	120	681	550
1808	664443	140	709	608
1809	664683	199	121	672
1810	665101	160	58	652
1811	665361	139	691	601
1812	665540	179	700	611
1813	665759	279	93	634
1814	666577	120	676	630
1815	666716	120	671	644
1816	667155	219	722	591
1817	667653	120	727	591
1818	667833	139	716	589
1819	668052	319	716	597
1820	668451	239	704	589
1821	668750	239	721	592
1822	669089	140	80	569
1823	669248	140	80	570
1824	669488	179	81	564
1825	669886	160	706	567
1826	670106	100	719	559
1827	670285	120	710	590
1828	670544	120	718	581
1829	670684	139	710	592
1830	671102	100	213	243
1831	671581	2373	77	204
1832	673974	219	62	247
1833	674213	439	75	187
1834	674671	379	258	206
1835	675170	319	77	263
1836	676625	120	151	260
1837	676964	578	84	277
1838	677822	299	268	268
1839	678140	518	262	268
1840	678679	419	254	260
1841	679197	159	256	262
1842	679656	219	281	260
1843	680134	319	268	261
1844	680832	120	271	263
1845	680972	100	268	262
1846	681091	299	277	260
1847	681470	120	279	255
1848	681630	120	397	256
1849	681769	498	251	240
1850	682288	798	248	224
1851	683125	259	270	219
1852	683404	459	267	213
1853	683882	160	278	237
1854	684062	180	389	261
1855	684261	578	439	260
1856	684959	279	304	248
1857	685258	199	271	194
1858	685557	139	138	216
1859	685717	379	209	221
1860	686155	179	78	226
1861	686474	160	260	205
1862	686993	259	220	215
1863	687312	299	61	236
1864	687651	438	243	213
1865	688468	219	88	226
1866	688727	678	99	600
1867	689505	100	96	578
1868	689644	140	98	597
1869	689804	459	110	598
1870	690522	219	122	588
1871	690781	100	105	603
1872	690900	499	102	593
1873	691459	479	109	584
1874	691957	239	78	583
1875	692216	339	73	593
1876	692575	419	56	586
1877	693054	179	123	590
1878	693453	140	112	605
1879	693652	179	99	607
1880	694091	199	103	619
1881	694589	399	724	574
1882	695147	120	721	583
1883	695287	140	711	561
1884	695486	100	668	558
1885	695845	180	746	570
1886	696084	140	741	596
1887	696543	140	95	593
1888	696702	279	107	594
1889	697001	140	114	615
1890	697161	120	117	627
1891	697659	100	111	625
1892	697839	140	141	635
1893	698138	100	110	592
1894	698257	379	114	611
1895	698676	379	720	626
1896	699075	339	734	621
1897	699494	259	715	632
1898	699773	239	689	617
1899	700032	239	746	629
1900	700431	100	783	633
1901	700570	160	782	624
1902	700849	120	736	603
1903	701228	279	734	617
1904	701547	160	730	624
1905	701727	120	747	640
1906	701886	120	744	651
1907	702125	299	732	654
1908	702524	140	128	638
1909	702684	259	91	622
1910	702963	100	138	625
1911	703162	140	104	600
1912	703361	299	105	600
1913	704019	120	738	588
1914	704159	180	737	586
1915	704478	239	739	589
1916	704777	120	755	580
1917	704917	199	759	580
1918	705136	379	737	610
1919	705555	140	745	593
1920	706073	319	730	578
1921	706890	279	694	587
1922	707488	140	754	584
1923	707708	160	798	590
1924	707887	199	830	568
1925	708107	219	763	601
1926	708406	160	738	674
1927	708585	120	742	664
1928	709084	139	750	671
1929	709243	120	764	660
1930	709602	339	84	630
1931	710140	100	728	594
1932	710340	239	709	574
1933	710798	419	698	567
1934	711436	219	103	586
1935	711755	160	84	568
1936	711994	120	52	568
1937	712234	140	50	581
1938	712593	159	94	630
1939	712832	100	91	584
1940	713270	140	710	576
1941	713689	379	83	593
1942	714088	120	92	611
1943	714267	120	719	589
1944	714526	419	726	585
1945	715065	120	701	591
1946	715523	239	717	596
1947	715782	279	710	599
1948	716181	179	704	555
1949	716460	100	728	594
1950	716839	160	91	615
1951	717038	279	95	571
1952	717338	100	93	566
1953	718115	140	733	587
1954	718275	219	717	575
1955	718753	160	710	570
1956	718953	299	709	587
1957	720348	259	715	601
1958	720667	100	718	604
1959	720886	319	722	617
1960	721265	100	729	621
1961	721385	120	720	600
1962	721544	120	709	599
1963	721863	160	1087	563
1964	722043	100	1083	524
1965	722482	140	699	609
1966	722641	100	714	600
1967	722800	379	722	606
1968	723239	339	717	594
1969	723598	180	718	582
1970	724057	359	719	581
1971	724894	399	90	600
1972	725313	120	82	595
1973	725532	100	81	563
1974	725831	140	79	560
1975	726290	120	75	585
1976	726429	139	71	585
1977	726688	100	64	575
1978	727605	120	242	198
1979	727785	119	92	623
1980	727924	538	97	609
1981	728782	120	106	602
1982	729320	219	95	611
1983	729559	219	97	612
1984	729798	299	96	605
1985	730118	160	90	602
1986	730337	139	89	589
1987	730496	120	89	603
1988	730696	120	704	629
1989	731015	160	710	614
1990	731194	140	736	619
1991	731354	120	734	613
1992	731493	179	727	622
1993	731693	179	748	630
1994	731892	140	143	636
1995	732131	159	85	660
1996	732311	259	91	653
1997	732630	120	725	644
1998	732789	120	730	641
1999	733288	100	147	226
2000	733407	319	79	213
2001	733746	459	83	203
2002	734304	219	89	203
2003	734564	598	226	218
2004	735242	120	96	224
2005	736198	219	81	208
2006	736438	638	58	214
2007	737116	160	105	669
2008	737295	140	111	668
2009	737494	100	83	271
2010	737794	518	79	217
2011	738412	359	267	206
2012	739010	120	247	224
2013	739628	160	204	178
2014	739807	419	254	211
2015	740246	439	276	212
2016	740704	100	278	221
2017	741143	120	789	657
2018	741382	120	297	249
2019	742339	160	255	213
2020	743117	738	301	208
2021	744712	1316	288	212
2022	746088	100	136	241
2023	746407	159	74	254
2024	746626	558	74	193
2025	747204	159	236	202
2026	747383	180	278	209
2027	747603	259	413	216
2028	748799	100	313	215
2029	748978	179	327	198
2030	749537	140	290	208
2031	749876	120	287	225
2032	750374	219	82	218
2033	750613	279	90	221
2034	751012	140	99	577
2035	751371	120	98	622
2036	752328	179	99	655
2037	752587	139	752	689
2038	752826	279	718	645
2039	753165	319	106	673
2040	753504	239	89	635
2041	753763	140	92	638
2042	754003	100	718	635
2043	754322	120	676	613
2044	754561	279	106	634
2045	754860	120	47	627
2046	755159	199	114	619
2047	755378	160	83	608
2048	755558	120	108	609
2049	755697	359	74	618
2050	756276	259	719	607
2051	756555	120	721	614
2052	756694	199	715	581
2053	756914	319	712	575
2054	757910	120	158	282
2055	758449	339	729	600
2056	758808	219	698	588
2057	759366	120	71	604
2058	759565	139	69	620
2059	759824	100	42	607
2060	759944	239	65	621
2061	760203	140	84	621
2062	760502	199	127	626
2063	761100	479	685	577
2064	761599	279	725	590
2065	761898	140	736	596
2066	762217	159	746	587
2067	762715	120	765	623
2068	762994	100	711	591
2069	763453	140	716	629
2070	763692	100	715	636
2071	763812	199	754	652
2072	764031	100	749	650
2073	764450	179	709	682
2074	764948	120	720	685
2075	765287	139	109	638
2076	765507	159	70	642
2077	766085	120	715	744
2078	766284	399	764	696
2079	766882	100	140	672
2080	767002	160	123	668
2081	767181	199	132	679
2082	767580	100	132	681
2083	768298	119	839	720
2084	769115	140	844	718
2085	769414	140	842	711
2086	769614	100	848	712
2087	769973	199	754	699
2088	770890	100	852	716
2089	771388	199	154	659
2090	771687	120	135	681
2091	771907	139	111	641
2092	773023	319	730	687
2093	773462	140	713	730
2094	773701	100	792	705
2095	773821	120	784	693
2096	773960	180	843	704
2097	774917	120	134	680
2098	775057	239	143	694
2099	775495	100	773	728
2100	776133	120	223	238
2101	777449	279	161	192
2102	777748	279	78	208
2103	778785	160	43	273
2104	779004	618	86	216
2105	779802	877	249	208
2106	781058	179	764	732
2107	781257	159	803	723
2108	781536	160	268	239
2109	783430	120	290	190
2110	784926	1914	252	204
2111	786860	120	264	207
2112	787059	479	84	217
2113	787557	618	67	202
2114	788455	1535	69	248
2115	790010	160	166	239
2116	790189	160	243	226
2117	790369	160	258	211
2118	790548	239	87	202
2119	790807	219	247	194
2120	791046	199	316	197
2121	791465	159	800	665
2122	791685	140	742	688
2123	791964	159	782	717
2124	792203	239	840	696
2125	792861	180	134	689
2126	793160	120	138	661
2127	793738	837	79	251
2128	794715	160	75	251
2129	795134	179	72	255
2130	795333	259	66	261
2131	795652	518	71	263
2132	796190	279	95	169
2133	796549	219	79	198
2134	796808	459	93	266
2135	797407	219	91	252
2136	797646	219	238	239
2137	797925	1555	75	192
2138	799520	1057	70	221
2139	800617	140	64	234
2140	800776	319	75	186
2141	801175	180	256	173
2142	801374	299	335	178
2143	801793	459	440	181
2144	802291	957	85	248
2145	803268	678	115	200
2146	804584	100	216	171
2147	804704	199	275	205
2148	804963	120	269	191
2149	805102	439	256	200
2150	805561	180	255	199
2151	805960	239	741	687
2152	806319	120	762	723
2153	806658	100	766	713
2154	807016	518	736	682
2155	807754	100	727	714
2156	807894	160	699	702
2157	808093	160	697	705
2158	808352	120	741	715
2159	808771	100	732	705
2160	809250	319	111	669
2161	809588	179	100	660
2162	809848	179	70	646
2163	810246	100	125	728
2164	810705	160	122	674
2165	811184	100	119	650
2166	811742	120	731	657
2167	811941	120	750	654
2168	812579	379	755	604
2169	813137	140	719	636
2170	813755	359	125	664
2171	814334	319	79	673
2172	814752	259	141	688
2173	815031	379	137	688
2174	815829	120	131	693
2175	816068	120	710	615
2176	816228	100	720	609
2177	816427	279	722	595
2178	816826	179	770	624
2179	817125	120	772	618
2180	817264	100	767	607
2181	817982	160	135	677
2182	818261	140	215	226
2183	818520	399	166	204
2184	818939	359	77	208
2185	819318	518	209	215
2186	819916	179	109	216
2187	820215	778	82	195
2188	821013	598	274	197
2189	822010	140	138	684
2190	823405	120	759	647
2191	823565	339	759	628
2192	823923	160	755	616
2193	824103	120	755	606
2194	824362	160	116	671
2195	824621	160	133	708
2196	824861	319	758	669
2197	825738	399	71	237
2198	826156	279	68	260
2199	826555	618	67	203
2200	827193	1994	72	222
2201	829207	359	66	243
2202	829586	219	281	248
2203	829825	239	322	238
2204	830603	299	771	677
2205	831181	299	147	721
2206	831580	100	142	683
2207	831779	100	151	666
2208	831898	159	147	663
2209	832098	100	141	649
2210	832397	199	103	656
2211	832696	259	720	707
2212	832975	179	759	706
2213	833175	120	771	666
2214	833713	199	776	626
2215	834171	120	729	599
2216	834311	140	729	583
2217	834570	100	782	681
2218	834869	179	434	232
2219	835906	140	74	180
2220	836085	359	266	184
2221	836464	100	129	195
2222	836584	259	96	190
2223	836863	319	74	251
2224	837202	100	213	254
2225	837401	159	274	244
2226	837641	120	414	254
2227	837780	199	310	245
2228	838119	180	136	627
2229	838318	239	142	691
2230	838877	140	151	693
2231	839036	120	143	714
2232	839196	299	126	686
2233	839515	180	153	704
2234	839734	159	157	704
2235	840113	199	692	732
2236	840551	160	768	685
2237	840850	140	764	677
2238	841110	100	735	663
2239	841309	100	748	616
2240	841469	179	742	610
2241	841668	140	758	623
2242	841847	100	768	607
2243	842126	120	839	628
2244	842306	140	768	619
2245	842525	259	729	638
2246	842844	160	785	675
2247	843024	160	782	668
2248	843263	160	790	726
2249	843442	100	853	724
2250	843961	120	769	656
2251	844180	199	759	765
2252	844898	538	757	639
2253	846014	179	117	653
2254	846592	219	146	714
2255	846892	399	758	768
2256	848247	219	452	246
2257	848586	140	304	242
2258	848746	120	275	253
2259	849085	100	397	256
2260	849424	359	594	239
2261	849882	100	504	264
2262	850082	140	488	229
2263	850241	219	504	223
2264	851716	140	467	209
2265	852733	100	641	201
2266	852853	259	639	209
2267	853172	179	450	201
2268	853391	160	455	201
2269	853571	379	443	219
2270	854109	339	440	186
2271	854468	139	441	217
2272	854767	200	453	229
2273	854986	120	446	219
2274	855126	319	447	222
2275	855664	239	67	226
2276	856083	259	276	213
2277	856501	140	123	711
2278	857159	199	733	762
2279	857399	100	714	804
2280	857518	120	712	771
2281	857718	319	721	627
2282	858076	120	127	685
2283	858694	160	727	647
2284	858874	279	732	661
2285	859193	179	718	643
2286	859492	140	760	648
2287	859652	179	764	652
2288	860050	120	724	695
2289	860190	199	730	714
2290	860409	140	714	729
2291	860808	100	120	725
2292	861266	299	95	660
2293	861705	100	101	641
2294	861885	160	107	655
2295	862084	100	152	670
2296	862582	160	61	639
2297	862802	140	61	654
2298	862961	100	67	661
2299	863101	259	72	661
2300	863400	100	78	661
2301	864157	100	203	315
2302	865054	179	128	666
2303	865274	219	103	672
2304	865992	1396	280	229
2305	867447	977	129	254
2306	869441	558	92	283
2307	870218	219	117	284
2308	870577	160	235	276
2309	870777	120	265	268
2310	871056	140	261	263
2311	871415	299	274	260
2312	872212	140	732	718
2313	873608	180	103	640
2314	874006	100	124	677
2315	874306	180	81	676
2316	874505	120	76	656
2317	874645	239	87	671
2318	874904	219	125	705
2319	875143	160	134	709
2320	875502	100	145	699
2321	875901	199	114	731
2322	876200	100	693	721
2323	876319	159	710	720
2324	876499	259	731	731
2325	877316	179	85	678
2326	877595	179	47	672
2327	878114	459	62	628
2328	878692	179	86	617
2329	878991	179	98	612
2330	879250	100	744	682
2331	879509	160	727	649
2332	879749	120	692	574
2333	879888	239	679	587
2334	880147	120	688	582
2335	880446	179	740	721
2336	881044	120	671	603
2337	881344	120	120	626
2338	881483	140	110	632
2339	881643	219	102	645
2340	881882	119	94	650
2341	882799	100	772	647
2342	883118	279	131	663
2343	883616	159	274	236
2344	884175	120	144	266
2345	884314	299	83	194
2346	884633	179	249	242
2347	885072	140	126	230
2348	885231	120	175	267
2349	885431	279	158	265
2350	885730	419	97	182
2351	886168	279	71	242
2352	886468	578	78	203
2353	887066	120	65	212
2354	887205	140	73	246
2355	887365	718	67	242
2356	888122	219	79	250
2357	888362	578	71	255
2358	889059	179	135	237
2359	889358	339	78	267
2360	889717	140	68	218
2361	889897	140	74	238
2362	890914	837	62	235
2363	891771	638	84	231
2364	892429	279	79	237
2365	892728	259	84	228
2366	893007	140	92	239
2367	893166	219	103	230
2368	893406	140	106	233
2369	893565	140	95	227
2370	893944	339	75	230
2371	894303	239	272	199
2372	894562	339	255	215
2373	895200	100	97	699
2374	896018	159	768	665
2375	896197	100	744	647
2376	896416	100	737	629
2377	896596	100	783	621
2378	896795	100	747	635
2379	896915	120	745	630
2380	897533	140	98	641
2381	898051	120	124	659
2382	898310	159	114	666
2383	898689	100	95	619
2384	898829	100	102	644
2385	899028	100	93	627
2386	899646	219	77	552
2387	899885	100	99	641
2388	900025	160	96	631
2389	900404	279	77	634
2390	900922	179	100	614
2391	901261	219	101	615
2392	901680	100	127	654
2393	901799	319	134	669
2394	902936	100	818	632
2395	903354	160	773	644
2396	903793	199	778	657
2397	904152	199	806	644
2398	904670	120	813	630
2399	905368	219	754	658
2400	905867	199	752	656
2401	906305	100	755	654
2402	906465	100	751	647
2403	906684	100	795	635
2404	907083	179	758	642
2405	907302	100	762	634
2406	907561	100	839	638
2407	907860	279	762	630
2408	908598	100	737	639
2409	908758	139	767	635
2410	909136	140	741	622
2411	909356	339	119	666
2412	909974	199	116	644
2413	910392	120	129	661
2414	910572	140	705	665
2415	912027	180	741	631
2416	912247	159	743	617
2417	912466	179	813	622
2418	913323	179	699	631
2419	913582	219	730	703
2420	913822	120	756	695
2421	914220	120	717	605
2422	915536	160	730	619
2423	916035	179	733	611
2424	916354	239	112	645
2425	916613	100	68	644
2426	916812	100	62	641
2427	917271	120	81	664
2428	917410	179	99	659
2429	918407	140	744	629
2430	918567	120	731	625
2431	922913	399	75	186
2432	923352	219	255	171
2433	923591	239	266	182
2434	923890	279	120	245
2435	924189	140	65	256
2436	924349	259	75	217
2437	924648	120	51	243
2438	924887	199	108	651
2439	925126	140	92	654
2440	925326	179	66	650
2441	925525	139	71	664
2442	925744	140	60	653
2443	926023	159	107	665
2444	926223	140	107	669
2445	926382	120	105	664
2446	927519	199	694	625
2447	927738	100	684	636
2448	927997	160	682	628
2449	928256	140	733	630
2450	928416	159	732	628
2451	929054	180	792	634
2452	929273	100	753	652
2453	930111	179	1122	1002
2454	930649	140	1212	1016
2455	931147	179	142	680
2456	931387	160	116	669
2457	931746	100	130	670
2458	932144	140	688	659
2459	932543	120	826	663
2460	932822	100	154	688
2461	933341	100	116	685
2462	933520	119	134	747
2463	933719	140	132	744
2464	934317	180	131	805
2465	934836	120	740	724
2466	935055	160	752	678
2467	935314	239	752	661
2468	935613	100	752	672
2469	936152	140	751	661
2470	936391	120	842	647
2471	936690	179	747	638
2472	937029	140	759	633
2473	937986	179	741	656
2474	938265	100	775	646
2475	938445	179	813	641
2476	938664	100	840	621
2477	938943	379	130	670
2478	939342	180	119	658
2479	939740	180	118	676
2480	940359	159	127	700
2481	940957	119	741	652
2482	941336	100	842	668
2483	941575	100	756	649
2484	942093	120	758	661
2485	942352	259	732	673
2486	942671	160	154	698
2487	942851	120	110	685
2488	942990	120	124	696
2489	943230	100	111	695
2490	943389	120	113	699
2491	944067	159	750	694
2492	944426	200	720	615
2493	944645	100	704	569
2494	945443	100	702	559
2495	945901	100	716	733
2496	949629	120	748	666
2497	950108	180	731	656
2498	950427	199	728	647
2499	950766	578	732	662
2500	951364	399	725	666
2501	951823	120	720	662
2502	952062	239	726	661
2503	952421	120	715	673
2504	952720	578	713	653
2505	953338	159	778	669
2506	953537	160	816	661
2507	954255	339	760	735
2508	954614	279	753	747
2509	955032	159	748	755
2510	955212	279	760	753
2511	955611	319	756	762
2512	956010	379	724	767
2513	956528	159	768	776
2514	956727	160	772	795
2515	956907	140	748	766
2516	957146	239	722	783
2517	957425	160	778	795
2518	957604	379	769	788
2519	958522	100	721	755
2520	958701	179	777	796
2521	958960	120	773	787
2522	959160	140	761	770
2523	959798	140	767	718
2524	959957	319	760	721
2525	960495	120	786	744
2526	961113	100	780	724
2527	961313	259	750	825
2528	961831	299	768	728
2529	962529	140	760	714
2530	962928	279	111	728
2531	963346	299	134	709
2532	963666	140	107	736
2533	964044	419	70	740
2534	964483	339	103	735
2535	964842	159	113	746
2536	965041	100	131	763
2537	965240	100	130	748
2538	965360	100	125	775
2539	965480	140	109	774
2540	966018	120	724	842
2541	966218	140	763	834
2542	967015	180	737	844
2543	967214	100	748	856
2544	967812	279	117	746
2545	968171	180	116	743
2546	968670	120	101	650
2547	968809	199	96	645
2548	969188	100	840	740
2549	969726	200	754	670
2550	970145	399	751	659
2551	970564	199	816	647
2552	970962	259	742	648
2553	971361	140	765	846
2554	971521	120	757	834
2555	971720	140	774	805
2556	972378	120	760	766
2557	973056	439	746	849
2558	973854	160	731	662
2559	974073	179	796	653
2560	974412	219	743	663
2561	974711	179	721	823
2562	975110	199	710	644
2563	975409	279	104	657
2564	975708	140	114	775
2565	975927	219	117	785
2566	976226	159	103	702
2567	976406	120	94	708
2568	976565	259	121	733
2569	977063	120	123	773
2570	977303	159	121	837
2571	978180	299	114	845
2572	978499	160	93	843
2573	979017	100	124	781
2574	979137	179	94	738
2575	979715	239	752	835
2576	979974	179	745	836
2577	980692	239	765	803
2578	981549	399	261	199
2579	982207	140	141	732
2580	982367	279	120	836
2581	983204	120	120	669
2582	983543	140	726	875
2583	983703	120	751	884
2584	984460	160	759	861
2585	984640	100	751	863
2586	984779	180	760	857
2587	985258	100	761	866
2588	985377	140	753	863
2589	985557	140	1120	915
2590	985776	239	1079	916
2591	986434	179	801	822
2592	986733	159	1096	902
2593	987032	120	1068	904
2594	987172	139	1061	908
2595	987331	299	1152	919
2596	987850	120	766	839
2597	988488	140	754	844
2598	989106	219	788	791
2599	989465	219	768	789
2600	989804	160	760	794
2601	990362	120	811	806
2602	990800	339	132	784
2603	992076	179	177	836
2604	992595	120	123	837
2605	993332	100	760	858
2606	993691	120	743	840
2607	993931	100	804	864
2608	994429	140	700	851
2609	994848	100	771	860
2610	995027	199	773	863
2611	995246	159	745	874
2612	995546	159	736	864
2613	995725	140	723	853
2614	996084	180	792	862
2615	996562	160	777	860
2616	996762	199	787	864
2617	997041	120	788	876
2618	997180	459	794	874
2619	997659	140	797	880
2620	997918	179	794	886
2621	998118	179	800	899
2622	998357	140	840	910
2623	999035	100	107	792
2624	999214	239	111	807
2625	999473	160	111	743
2626	999832	159	132	710
2627	1000031	100	119	701
2628	1000430	139	760	878
2629	1000669	160	814	835
2630	1000849	100	792	831
2631	1001148	100	765	837
2632	1001307	180	757	832
2633	1001706	179	754	813
2634	1001946	140	803	820
2635	1002304	179	119	688
2636	1002743	100	699	774
2637	1003122	160	701	809
2638	1003421	120	751	810
2639	1003939	100	751	840
2640	1004717	239	738	830
2641	1005215	120	808	857
2642	1005355	100	753	844
2643	1005714	179	718	846
2644	1006013	160	743	832
2645	1006252	199	745	846
2646	1006571	120	736	842
2647	1007309	140	768	850
2648	1007707	140	162	738
2649	1007867	239	111	738
2650	1008126	120	110	747
2651	1008286	359	116	793
2652	1008864	140	119	689
2653	1009023	120	120	697
2654	1009362	199	116	679
2655	1009721	219	99	660
2656	1010100	259	81	746
2657	1010578	180	141	759
2658	1011316	140	132	779
2659	1011715	239	461	870
2660	1012492	100	104	761
2661	1013150	199	112	759
2662	1013709	120	106	772
2663	1014366	180	729	851
2664	1014706	179	707	849
2665	1015004	140	712	723
2666	1015403	239	785	660
2667	1015662	259	744	654
2668	1016320	100	704	672
2669	1016899	199	722	635
2670	1017238	120	762	655
2671	1017676	140	767	655
2672	1018334	140	755	656
2673	1018693	100	840	647
2674	1018852	159	848	654
2675	1019251	120	751	649
2676	1019630	100	750	884
2677	1020448	179	75	221
2678	1020946	219	260	206
2679	1021544	139	131	807
2680	1021923	100	753	894
2681	1022282	259	759	844
2682	1022780	100	752	673
2683	1022980	160	743	663
2684	1023159	100	740	663
2685	1024156	219	726	853
2686	1024395	199	726	725
2687	1024854	279	717	655
2688	1025252	199	755	632
2689	1025552	100	762	643
2690	1025671	319	729	715
2691	1026389	100	714	667
2692	1026509	140	713	693
2693	1026668	159	682	625
2694	1026947	140	83	685
2695	1027186	179	79	652
2696	1027386	160	38	643
2697	1027665	120	42	622
2698	1027804	120	39	639
2699	1028044	179	54	650
2700	1028343	120	101	640
2701	1028482	159	95	646
2702	1028762	120	86	644
2703	1029160	159	114	648
2704	1029340	140	186	984
2705	1029619	359	60	643
2706	1030037	199	79	796
2707	1030297	140	96	768
2708	1030456	179	109	771
2709	1031333	159	746	729
2710	1031513	279	723	709
2711	1032091	239	703	688
2712	1032649	219	738	721
2713	1033487	100	780	774
2714	1033606	219	778	779
2715	1033846	319	783	787
2716	1034344	120	788	802
2717	1034484	100	770	804
2718	1034703	219	743	823
2719	1035201	100	745	819
2720	1035341	180	740	810
2721	1035819	279	762	724
2722	1036198	100	764	711
2723	1036417	179	728	712
2724	1036836	259	727	712
2725	1037215	160	695	689
2726	1037494	259	707	661
2727	1038072	379	730	672
2728	1038471	100	728	710
2729	1038670	179	754	740
2730	1038870	100	755	726
2731	1039089	120	756	730
2732	1039388	219	764	745
2733	1039707	239	728	754
2734	1040166	100	762	761
2735	1040485	160	810	779
2736	1040664	120	783	779
2737	1040824	140	781	781
2738	1041382	399	106	697
2739	1041801	339	109	763
2740	1042598	140	756	764
2741	1043076	179	96	644
2742	1043376	100	109	675
2743	1043495	239	110	706
2744	1044093	379	116	747
2745	1044512	160	108	735
2746	1044691	140	115	736
2747	1044871	100	131	728
2748	1045070	359	116	718
2749	1045449	140	110	705
2750	1045609	140	115	695
2751	1045967	259	112	673
2752	1046486	120	769	701
2753	1046626	299	785	689
2754	1046984	259	767	668
2755	1047264	100	791	646
2756	1047403	120	787	682
2757	1047582	100	757	800
2758	1048041	199	773	825
2759	1048400	140	741	840
2760	1048639	199	757	817
2761	1049177	239	698	641
2762	1049436	219	695	655
2763	1049696	120	695	653
2764	1049895	140	687	654
2765	1050094	219	701	665
2766	1050473	259	700	636
2767	1050752	279	710	668
2768	1051530	339	710	638
2769	1051989	100	676	632
2770	1052108	259	674	614
2771	1052507	100	667	606
2772	1052646	160	668	615
2773	1052906	100	714	611
2774	1053045	219	724	619
2775	1053504	179	700	588
2776	1053723	140	542	572
2777	1054002	100	453	551
2778	1054242	180	681	610
2779	1054580	179	673	628
2780	1055079	439	701	627
2781	1055538	100	697	639
2782	1056096	100	732	642
2783	1056614	100	676	661
2784	1056834	159	688	671
2785	1057033	100	682	673
2786	1057192	100	697	672
2787	1057511	180	683	674
2788	1058109	160	456	557
2789	1058388	160	446	561
2790	1058568	219	445	557
2791	1059026	179	712	599
2792	1059565	100	293	619
2793	1059944	120	117	659
2794	1060223	239	66	640
2795	1060522	139	84	639
2796	1060801	179	80	613
2797	1061280	179	87	632
2798	1061519	140	286	192
2799	1061818	439	247	200
2800	1062276	578	311	212
2801	1063214	259	261	215
2802	1063513	140	408	235
2803	1063712	160	422	225
2804	1064130	120	434	196
2805	1064290	139	433	200
2806	1064470	140	426	202
2807	1064669	140	224	213
2808	1064868	139	78	217
2809	1065267	199	268	221
2810	1065626	120	101	637
2811	1066483	100	80	647
2812	1067121	239	710	619
2813	1067460	120	710	648
2814	1067659	100	168	666
2815	1067859	179	115	662
2816	1068058	100	90	663
2817	1068258	219	104	679
2818	1068676	259	107	688
2819	1069175	100	772	663
2820	1069693	100	224	286
2821	1070371	219	338	215
2822	1070610	160	248	212
2823	1070949	917	446	220
2824	1071966	199	592	197
2825	1072185	239	610	209
2826	1072783	479	497	255
2827	1073342	279	441	218
2828	1075634	578	266	235
2829	1076532	100	90	621
2830	1076651	160	89	609
2831	1077130	199	50	619
2832	1077927	319	68	692
2833	1078446	120	103	651
2834	1078625	219	110	664
2835	1078924	279	109	673
2836	1079223	120	77	681
2837	1079502	259	136	664
2838	1079861	160	147	687
2839	1080220	219	686	621
2840	1080998	140	717	586
2841	1081317	299	687	580
2842	1081636	219	724	602
2843	1081875	119	726	595
2844	1082014	180	762	625
2845	1082214	180	751	585
2846	1082413	199	731	592
2847	1082732	100	708	581
2848	1083111	120	749	599
2849	1083271	139	748	598
