1	179	100	673	493
2	378	399	726	579
3	797	219	718	567
4	2252	160	198	523
5	2472	379	57	570
6	2870	578	30	568
7	3469	179	37	578
8	3668	1137	39	581
9	4824	319	102	596
10	5163	558	51	597
11	5741	259	60	603
12	6120	399	120	616
13	6539	179	90	629
14	6938	100	701	575
15	7057	239	698	577
16	7316	140	694	594
17	7476	279	683	578
18	7775	120	680	582
19	7935	359	688	574
20	8313	279	699	577
21	8612	199	732	606
22	8832	219	755	598
23	9071	419	785	607
24	9569	120	703	599
25	9809	279	711	585
26	10108	100	778	617
27	10307	479	773	628
28	10805	239	763	671
29	11065	319	765	658
30	11404	379	788	652
31	11802	120	773	668
32	11942	259	828	663
33	12221	299	890	660
34	12560	319	753	676
35	13019	100	728	663
36	13218	299	142	636
37	13597	100	112	592
38	13736	139	105	592
39	13956	120	85	561
40	14215	120	91	571
41	14394	179	79	567
42	14793	179	132	606
43	14992	219	118	610
44	15232	159	115	617
45	15491	180	226	228
46	15690	199	281	221
47	15910	299	67	209
48	16388	578	291	204
49	16986	399	143	638
50	17405	359	144	638
51	18003	140	729	651
52	18182	299	770	655
53	18561	239	752	587
54	18820	140	781	600
55	19000	159	790	587
56	19179	100	717	560
57	19299	100	727	580
58	19418	279	739	570
59	19718	359	716	588
60	20136	219	759	571
61	20375	219	791	598
62	20695	159	759	609
63	20874	179	759	603
64	21073	279	757	615
65	21572	140	256	194
66	21771	299	289	201
67	22170	120	763	607
68	22768	100	722	617
69	22967	100	719	606
70	23266	678	767	619
71	23964	179	787	634
72	24164	179	787	623
73	24363	139	782	634
74	24522	1216	787	648
75	25878	279	767	612
76	26417	120	785	630
77	26556	299	775	613
78	26895	160	786	639
79	27074	279	795	638
80	27453	180	774	654
81	27772	159	784	620
82	28012	120	789	615
83	28450	120	308	215
84	28849	180	274	199
85	29248	718	777	650
86	30245	199	105	595
87	30464	120	97	588
88	30783	120	720	496
89	30942	219	690	397
90	31202	160	677	353
91	31441	120	177	166
92	31640	199	532	149
93	31939	100	213	186
94	32099	239	320	176
95	32657	159	691	484
96	32956	160	708	353
97	33175	139	1048	330
98	33474	140	672	335
99	33634	180	690	332
100	33873	499	787	735
101	34392	419	766	771
102	34850	1396	793	743
103	36266	179	762	664
104	36465	558	783	687
105	37043	199	795	705
106	37263	239	761	676
107	37542	179	735	658
108	37741	160	737	663
109	37940	658	740	665
110	38618	279	796	680
111	38917	598	773	730
112	39535	758	769	733
113	40313	678	744	755
114	41011	279	796	775
115	41310	1515	766	793
116	42845	239	817	808
117	43104	179	831	815
118	43304	997	790	820
119	44340	479	925	805
120	44899	200	749	820
121	45118	498	758	778
122	45696	219	751	664
123	46115	299	725	587
124	46434	100	722	596
125	46653	120	732	848
126	46793	179	741	840
127	46992	419	772	836
128	47431	139	744	840
129	47610	359	740	617
130	48049	140	739	597
131	48408	159	699	582
132	48687	339	748	843
133	49046	140	748	834
134	49205	877	779	862
135	50102	359	756	897
136	50481	778	737	900
137	51279	498	720	839
138	51817	179	728	656
139	52136	558	726	831
140	52714	160	733	885
141	52894	359	725	830
142	53272	200	739	855
143	53492	160	730	826
144	54190	199	752	589
145	54429	239	741	592
146	54708	279	726	606
147	55007	339	778	588
148	55406	160	739	594
149	55605	538	713	575
150	56183	159	737	566
151	56662	279	690	560
152	57200	160	201	198
153	57459	399	79	200
154	58217	219	125	594
155	58456	120	114	588
156	58596	279	109	582
157	58955	179	131	612
158	59194	299	89	598
159	59513	538	114	591
160	60091	160	225	226
161	60270	379	296	204
162	60849	199	540	178
163	61088	100	547	168
164	61247	120	589	204
165	61447	618	588	207
166	62204	259	653	203
167	62503	160	657	213
168	62683	100	649	206
169	62803	618	652	203
170	63540	120	555	240
171	63700	279	549	245
172	64039	180	168	233
173	64238	399	84	231
174	64677	239	109	224
175	64936	100	280	221
176	65135	239	281	226
177	65434	518	88	230
178	66232	179	85	610
179	66431	139	128	617
180	66591	120	126	614
181	66730	279	118	645
182	67328	179	795	657
183	67667	100	759	609
184	67787	120	769	613
185	68026	199	772	858
186	68345	259	780	832
187	68644	100	789	855
188	68764	897	762	918
189	69721	200	886	773
190	69940	299	804	797
191	70319	578	771	876
192	70917	578	797	737
193	71515	120	779	713
194	71675	140	793	677
195	71834	160	805	674
196	72054	339	756	605
197	72412	299	809	886
198	72731	160	778	879
199	73010	299	775	829
200	73329	179	785	867
201	73529	160	782	863
202	73708	100	794	859
203	74007	239	863	917
204	74306	180	766	937
205	74705	299	808	748
206	75024	219	835	797
207	75303	738	785	721
208	76101	239	812	677
209	76360	379	794	654
210	76898	100	773	573
211	77197	100	732	577
212	77317	219	690	562
213	77895	179	112	614
214	78354	279	142	660
215	78653	259	115	619
216	78952	738	78	603
217	79789	120	141	194
218	79929	199	89	218
219	80208	180	73	214
220	80427	139	313	213
221	80587	219	286	219
222	80986	379	120	654
223	81384	199	96	622
224	81743	120	794	785
225	81883	498	742	770
226	82421	1156	740	856
227	83617	1136	763	854
228	84774	179	805	864
229	84973	2313	767	866
230	87306	399	816	862
231	87724	259	808	795
232	88003	179	809	828
233	88203	239	797	846
234	88462	1216	766	843
235	89758	678	819	852
236	90456	279	838	842
237	90755	578	784	820
238	91393	160	785	811
239	91572	498	773	822
240	92150	279	838	835
241	92450	498	833	782
242	92968	299	834	797
243	93287	339	783	786
244	93706	219	746	772
245	93965	159	813	827
246	94144	518	792	817
247	94682	538	771	830
248	95241	379	752	870
249	95640	1535	796	878
250	97294	459	816	819
251	97773	1136	741	886
252	98949	1256	793	881
253	100225	538	735	923
254	100783	778	789	932
255	101581	718	728	930
256	102319	479	785	925
257	102817	578	773	919
258	103415	219	763	812
259	103654	439	758	766
260	104133	199	825	773
261	104412	299	897	771
262	104751	239	778	793
263	105010	479	758	801
264	105509	339	772	805
265	105867	419	740	803
266	106306	279	776	797
267	106944	1555	738	802
268	108519	259	761	804
269	108798	239	796	819
270	109097	518	773	795
271	109636	339	807	803
272	109995	1575	757	801
273	111589	618	827	818
274	112227	160	855	822
275	112407	758	813	846
276	113185	379	794	821
277	113583	419	770	804
278	114022	658	752	798
279	114780	2233	756	796
280	117032	379	786	889
281	117431	419	789	927
282	117870	339	756	911
283	118269	439	744	800
284	118767	179	203	674
285	118966	538	144	680
286	119624	359	134	646
287	120003	199	183	670
288	120222	219	148	665
289	120721	538	81	235
290	121379	399	122	673
291	121797	100	99	661
292	121917	359	85	662
293	122296	638	126	614
294	122954	100	170	698
295	123074	120	158	693
296	123213	479	142	681
297	123712	219	185	677
298	123951	279	224	677
299	124250	140	251	679
300	124449	1276	112	679
301	125745	100	111	667
302	125905	120	179	694
303	126064	359	175	705
304	126443	618	125	704
305	127081	439	118	699
306	127540	877	188	709
307	128437	578	165	693
308	129035	180	251	691
309	129234	379	245	693
310	129633	239	314	688
311	129932	279	179	718
312	130231	379	184	714
313	130989	479	84	231
314	131627	140	117	233
315	131826	299	297	218
316	132345	459	230	743
317	132823	160	305	753
318	133002	140	300	765
319	133162	359	271	744
320	133561	219	284	746
321	133900	219	348	758
322	134139	399	375	753
323	134557	578	196	709
324	135195	120	251	744
325	135335	199	206	745
326	135554	319	286	736
327	135893	279	345	742
328	136192	419	359	749
329	136631	100	208	690
330	136751	219	206	696
331	136990	678	173	692
332	137708	159	192	697
333	138086	140	112	642
334	138346	120	142	674
335	138485	379	143	683
336	138884	319	120	661
337	139243	120	142	673
338	139422	359	135	660
339	139981	120	110	652
340	140140	339	102	657
341	140499	419	117	665
342	140938	259	109	672
343	141217	379	162	675
344	141675	299	211	675
345	142014	279	169	689
346	142313	339	240	694
347	142672	279	299	695
348	143031	578	181	714
349	144187	399	184	698
350	144606	180	190	714
351	144805	259	189	719
352	145084	120	195	717
353	145264	179	841	828
354	145463	219	770	834
355	145722	120	765	767
356	145882	379	778	762
357	146381	100	227	726
358	146500	179	202	717
359	146699	140	232	732
360	146859	219	197	728
361	147258	180	784	850
362	147477	219	794	913
363	147716	140	788	903
364	147876	160	791	849
365	148055	179	773	859
366	148255	180	778	855
367	148912	558	294	234
368	149550	299	94	225
369	149949	239	201	718
370	150208	459	158	683
371	150687	339	123	658
372	151205	120	184	666
373	151345	100	140	660
374	151465	279	169	661
375	152481	179	142	662
376	152681	199	190	702
377	152920	140	190	705
378	153299	259	229	691
379	153598	199	318	693
380	153817	758	183	713
381	154694	219	253	691
382	154934	419	181	709
383	155592	120	222	260
384	155771	239	84	249
385	156030	180	76	225
386	156250	160	471	208
387	156429	439	501	213
388	156888	419	529	229
389	157326	180	665	219
390	157645	159	662	232
391	157924	100	666	224
392	158044	160	666	230
393	158223	279	654	225
394	158622	140	667	236
395	158782	558	658	232
396	159459	140	645	229
397	159619	279	660	239
398	159938	279	662	235
399	160277	259	497	224
400	160616	399	611	232
401	161373	299	597	235
402	161872	339	589	228
403	162271	100	657	244
404	162390	160	654	233
405	162729	319	489	225
406	163168	120	531	247
407	164663	439	491	231
408	165201	259	496	217
409	166278	259	491	228
410	166737	119	493	221
411	168272	179	500	224
412	168471	199	495	226
413	168870	199	538	241
414	169289	100	490	184
415	169428	439	493	203
416	169907	100	487	209
417	170026	319	500	206
418	170365	399	493	208
419	170804	279	672	248
420	171163	319	518	212
421	171601	140	567	209
422	171781	160	569	228
423	171960	160	647	233
424	172200	140	604	241
425	172399	299	509	227
426	172917	140	674	240
427	173156	100	157	253
428	173276	518	77	249
429	173814	818	134	245
430	174851	499	291	236
431	175449	339	76	237
432	175808	179	74	240
433	176047	120	140	636
434	176247	179	149	657
435	177443	239	202	705
436	177941	120	212	665
437	178241	379	143	646
438	178639	239	153	630
439	178899	120	107	614
440	179038	419	104	604
441	179477	259	58	563
442	180135	100	800	629
443	180254	119	796	636
444	180533	299	806	770
445	180932	199	750	762
446	181231	578	729	770
447	181829	299	724	770
448	182288	140	740	640
449	182467	140	725	659
450	182627	279	729	647
451	183026	479	725	648
452	183524	100	726	611
453	183644	160	724	611
454	183823	219	715	621
455	184062	439	715	629
456	184521	877	720	613
457	185418	638	688	570
458	186455	139	1021	646
459	186614	419	762	639
460	187352	179	695	528
461	187611	379	695	573
462	188170	359	676	568
463	188648	239	747	595
464	189007	139	300	188
465	189206	219	261	688
466	189505	379	127	678
467	189904	299	96	659
468	190223	100	78	658
469	190343	1037	80	657
470	191399	538	85	608
471	191958	638	79	608
472	192635	199	77	615
473	192935	379	62	593
474	193333	179	68	598
475	193712	259	100	584
476	193991	179	104	592
477	194490	399	69	235
478	194908	299	133	238
479	195526	239	304	249
480	195786	379	294	241
481	196324	140	81	228
482	196483	179	75	229
483	196802	259	75	594
484	197141	239	84	586
485	197401	359	80	596
486	197819	279	133	619
487	198178	199	132	660
488	198397	718	142	647
489	199135	120	48	580
490	199275	200	54	581
491	199494	359	85	568
492	200132	180	120	615
493	200371	279	115	621
494	200670	199	162	619
495	201567	100	116	633
496	201687	399	133	623
497	202564	100	111	616
498	202704	120	85	612
499	203003	219	134	619
500	203242	179	173	685
501	203442	319	180	679
502	204000	239	138	619
503	204279	339	177	720
504	204698	239	114	742
505	205036	578	101	607
506	205734	140	118	606
507	205894	179	175	631
508	206093	379	146	657
509	206572	279	199	738
510	206931	179	161	749
511	207130	179	125	750
512	207329	100	123	766
513	207449	120	99	749
514	207589	1017	75	749
515	208625	1037	140	780
516	209682	419	212	790
517	210121	239	90	821
518	210440	199	134	817
519	210719	239	71	815
520	210978	219	80	811
521	211217	219	151	831
522	211456	259	182	836
523	211736	459	105	752
524	212214	937	143	755
525	213171	558	137	754
526	213809	578	169	686
527	214407	279	123	694
528	214706	1176	120	640
529	215903	179	181	638
530	216102	219	173	628
531	216341	299	175	669
532	216660	219	178	702
533	216899	618	165	666
534	217637	439	172	705
535	218096	299	166	713
536	218415	897	112	736
537	219332	837	172	753
538	220189	279	224	784
539	220588	578	140	777
540	221186	319	157	829
541	221525	379	126	859
542	221983	977	150	853
543	222980	379	205	867
544	223379	598	123	794
545	224276	180	143	793
546	224476	100	129	866
547	224595	199	115	864
548	224815	877	104	887
549	225712	1535	166	889
550	227267	439	121	886
551	227725	120	175	901
552	227885	359	223	896
553	228264	379	189	887
554	228662	678	194	859
555	229360	180	130	882
556	229560	319	140	857
557	229899	279	226	858
558	230198	399	205	871
559	230616	140	180	799
560	230776	459	186	854
561	231254	837	159	866
562	232112	419	162	845
563	232550	319	213	845
564	233109	359	214	867
565	233886	419	281	857
566	234325	379	188	878
567	234724	1136	149	871
568	235900	199	356	1074
569	236299	1077	356	1102
570	237415	538	197	864
571	237973	678	145	900
572	238671	738	131	901
573	239469	279	210	888
574	239768	379	160	917
575	240166	179	156	865
576	240366	638	127	906
577	241084	160	110	340
578	241263	120	115	306
579	241403	239	92	269
580	241662	179	79	257
581	241861	399	291	251
582	242599	618	208	831
583	243237	718	218	771
584	243994	319	221	891
585	244732	299	68	270
586	245071	239	122	259
587	245530	379	294	256
588	245928	299	74	247
589	246247	180	136	254
590	246467	339	295	243
591	246825	140	317	230
592	247065	180	96	236
593	247264	339	135	245
594	247882	179	215	813
595	248082	160	148	934
596	248281	239	139	936
597	248540	518	151	918
598	249098	359	238	949
599	249477	319	288	868
600	249836	638	182	879
601	250614	199	204	686
602	250833	518	188	664
603	251371	379	183	641
604	251790	259	221	900
605	252069	279	195	859
606	252368	299	242	795
607	252687	219	211	822
608	252926	419	157	847
609	253365	219	194	815
610	253604	459	193	790
611	254103	259	203	766
612	254402	339	161	718
613	254821	139	153	726
614	255000	179	201	674
615	255299	179	163	678
616	255897	239	151	610
617	256156	259	182	642
618	256455	120	204	656
619	256655	379	161	608
620	257133	179	163	591
621	257353	299	174	594
622	257831	100	166	515
623	258130	139	143	641
624	258409	359	106	603
625	258788	339	100	592
626	259187	798	189	670
627	260024	359	148	860
628	260403	159	139	929
629	260582	319	140	948
630	260981	379	169	864
631	261380	379	204	812
632	261779	140	209	800
633	261938	219	183	770
634	262177	239	209	837
635	262437	319	253	801
636	262895	299	141	693
637	263294	120	127	672
638	263453	738	211	741
639	264211	359	271	753
640	264670	179	336	750
641	264889	159	756	665
642	265168	140	731	681
643	265328	179	736	667
644	265666	479	724	677
645	266165	419	724	678
646	266604	359	764	691
647	266982	758	790	721
648	267760	439	848	755
649	268218	319	754	695
650	268557	279	759	708
651	268876	299	755	696
652	269455	1077	809	738
653	270551	299	826	747
654	270870	319	813	782
655	271249	598	787	804
656	271887	758	743	836
657	272665	359	800	862
658	273083	678	822	858
659	273781	678	815	863
660	274479	239	804	878
661	274738	678	755	882
662	275436	578	811	897
663	276134	179	794	908
664	276333	219	810	953
665	276572	458	762	932
666	277051	299	738	945
667	277370	199	797	951
668	277729	100	821	958
669	277848	558	810	934
670	278426	339	869	933
671	278925	678	770	840
672	279623	478	752	870
673	280121	219	758	937
674	280360	239	800	937
675	280679	339	851	794
676	281038	259	794	835
677	281317	179	793	814
678	281517	219	837	770
679	281756	399	800	785
680	282175	818	855	762
681	283032	977	824	795
682	284208	120	328	255
683	284448	160	287	258
684	284707	140	535	240
685	284906	199	648	238
686	285126	100	654	248
687	285245	179	661	244
688	285444	179	656	243
689	285704	120	153	251
690	285903	180	89	256
691	286122	159	300	243
692	286441	139	636	249
693	286621	120	628	249
694	286800	179	544	271
695	287099	439	550	274
696	287658	219	492	203
697	287937	160	512	243
698	288196	100	147	257
699	288316	359	81	273
700	288694	120	128	263
701	288834	239	131	276
702	289093	120	295	256
703	289292	598	293	259
704	289911	399	320	270
705	290449	120	310	262
706	290588	279	287	264
707	291087	399	522	254
708	291645	279	91	270
709	291984	219	131	256
710	292582	778	668	258
711	293519	100	544	209
712	293838	199	535	220
713	294237	638	559	204
714	295174	159	158	624
715	295353	359	189	631
716	295892	160	158	578
717	296231	399	480	247
718	296829	538	69	278
719	297387	239	111	205
720	297646	419	99	187
721	298085	120	111	202
722	298224	279	112	226
723	298543	180	314	222
724	298743	100	284	218
725	298862	140	284	231
726	299022	120	326	222
727	299321	179	70	211
728	299520	379	121	221
729	299919	379	94	220
730	300517	100	184	798
731	300637	159	190	793
732	300856	339	141	653
733	301215	738	150	915
734	301973	758	117	913
735	302770	778	113	921
736	303568	319	182	902
737	303907	279	140	864
738	304206	877	180	892
739	305103	1037	173	876
740	306199	100	398	862
741	306359	439	156	861
742	306817	259	140	876
743	307097	718	162	905
744	307834	379	114	929
745	308233	1635	140	863
746	309908	319	518	753
747	310247	319	508	746
748	310606	120	496	751
749	310785	219	494	752
750	311024	239	542	749
751	311304	179	560	679
752	311503	100	565	676
753	311722	140	495	694
754	311901	160	497	684
755	312081	160	562	681
756	312520	160	210	873
757	312699	339	168	913
758	313158	279	182	915
759	313457	379	142	930
760	313955	279	230	928
761	314254	199	212	936
762	314474	259	93	931
763	314852	718	786	850
764	315590	439	808	872
765	316048	1236	758	864
766	317305	279	831	893
767	317604	379	820	918
768	318002	259	820	832
769	318282	359	821	859
770	318660	558	779	860
771	319239	299	785	826
772	319558	379	831	868
773	319956	518	785	819
774	320495	439	810	840
775	320953	459	833	848
776	321432	319	812	855
777	321771	638	797	830
778	322428	778	848	817
779	323226	518	845	851
780	323764	897	796	874
781	324681	339	854	864
782	325040	578	836	882
783	325639	957	772	883
784	326615	180	833	883
785	326815	379	779	707
786	327214	917	768	694
787	328210	180	836	880
788	328410	279	818	909
789	328729	399	836	880
790	329147	558	828	858
791	329726	100	790	886
792	329845	439	779	886
793	330304	219	796	852
794	330543	179	786	838
795	330742	877	783	831
796	331640	379	839	863
797	332038	1336	793	871
798	333394	578	849	904
799	333992	179	849	900
800	334192	738	859	868
801	334949	279	934	860
802	335288	199	811	846
803	335508	1077	839	819
804	337003	279	93	259
805	337322	459	81	226
806	337800	100	117	213
807	338000	180	301	223
808	338199	419	287	225
809	338638	937	287	199
810	339615	319	84	196
811	340153	120	917	842
812	340292	578	831	817
813	340931	179	123	775
814	341210	180	168	772
815	341409	419	187	731
816	341888	199	168	887
817	342545	279	505	205
818	343104	180	505	186
819	343323	479	284	196
820	343821	100	308	194
821	343941	458	493	169
822	344420	239	278	190
823	344679	120	288	196
824	344818	279	87	193
825	345117	459	127	205
826	345676	219	126	190
827	345915	239	260	188
828	346334	439	270	175
829	346792	359	82	175
830	347231	100	85	198
831	347530	379	494	203
832	348288	279	172	710
833	348587	339	175	835
834	349005	259	105	208
835	349284	299	80	248
836	349803	359	497	200
837	350401	120	674	200
838	350560	120	654	201
839	350700	817	665	197
840	351717	498	665	208
841	352375	279	575	267
842	352973	738	632	219
843	353730	120	634	224
844	353870	538	663	226
845	354668	179	574	268
846	354867	140	585	258
847	355026	279	595	248
848	355385	299	505	231
849	355764	100	142	259
850	355924	877	88	237
851	356821	419	75	249
852	357259	518	286	237
853	357877	160	96	563
854	358057	180	142	565
855	358695	279	114	598
856	359054	299	403	650
857	359452	140	463	705
858	359652	279	351	624
859	359991	140	143	610
860	360170	159	146	623
861	360469	359	94	617
862	360868	1276	97	620
863	362164	1854	73	602
864	364038	478	77	580
865	364676	140	726	572
866	364836	219	781	561
867	365075	538	769	563
868	365633	419	765	561
869	366131	279	767	554
870	366431	379	769	562
871	366989	120	775	599
872	367447	1156	682	574
873	368624	239	761	583
874	369042	140	244	166
875	369242	179	128	211
876	369441	399	76	215
877	369860	180	126	220
878	370079	199	320	217
879	370298	219	281	208
880	370538	239	338	223
881	370857	259	486	201
882	371236	140	434	229
883	371415	299	307	245
884	371854	180	89	241
885	372053	259	121	243
886	372352	219	107	590
887	372771	140	108	595
888	373030	977	63	598
889	374346	199	155	614
890	374645	120	103	560
891	374864	140	105	574
892	375044	160	96	581
893	375223	977	76	586
894	376220	180	112	598
895	376479	339	99	601
896	376838	159	151	591
897	377177	120	106	598
898	377317	179	121	592
899	377516	538	100	589
900	378174	319	98	594
901	378513	538	107	590
902	379071	319	103	599
903	379510	339	107	604
904	379908	279	100	602
905	380207	1595	88	631
906	381842	239	138	639
907	382221	159	107	603
908	382420	259	157	658
909	382700	379	124	667
910	383098	678	86	681
911	383936	299	166	674
912	384374	160	141	204
913	384554	159	101	243
914	384733	160	76	239
915	384992	379	299	236
916	385391	180	80	238
917	385590	319	89	238
918	386189	239	175	687
919	386448	698	129	633
920	387166	359	109	563
921	387744	179	62	593
922	388162	219	716	562
923	388402	339	718	568
924	388860	479	680	569
925	389359	160	690	582
926	389538	299	687	590
927	389937	219	762	603
928	390196	179	740	581
929	390396	120	737	582
930	390635	199	787	692
931	390934	120	760	656
932	391073	100	759	650
933	391193	179	777	629
934	391472	279	762	599
935	391831	140	855	712
936	392030	319	798	712
937	392389	120	847	769
938	392529	479	824	785
939	393127	279	790	827
940	393426	997	799	867
941	394622	100	861	841
942	394742	259	860	848
943	395340	259	795	889
944	395719	140	796	887
945	395878	279	820	937
946	396177	339	854	928
947	396556	299	865	704
948	396875	219	869	666
949	397154	139	752	600
950	397314	100	748	603
951	397633	558	795	644
952	398311	100	769	651
953	398510	199	816	696
954	398749	538	833	675
955	399308	379	769	675
956	399706	100	802	664
957	399826	877	729	674
958	400743	299	804	691
959	401062	1336	783	745
960	402458	638	751	673
961	403155	160	833	668
962	403335	179	885	659
963	403614	259	728	655
964	403893	239	724	583
965	404152	179	731	586
966	404412	100	736	578
967	404531	100	752	594
968	404651	219	748	594
969	404910	319	793	594
970	405309	259	698	596
971	405688	279	730	573
972	406425	100	168	729
973	406684	160	107	647
974	407043	120	138	643
975	407302	160	168	629
976	407681	239	130	605
977	407940	379	137	644
978	408339	319	98	642
979	408678	239	133	589
980	409037	518	97	630
981	409575	379	78	622
982	410074	180	82	616
983	410273	399	98	560
984	410772	180	79	558
985	411091	219	294	267
986	411390	319	294	241
987	412187	120	514	221
988	412426	179	499	221
989	412725	120	329	238
990	412885	359	483	234
991	413364	419	671	230
992	413822	319	489	219
993	414221	120	491	228
994	414520	279	524	223
995	415058	239	317	225
996	415357	179	539	219
997	415557	140	499	227
998	415816	219	313	234
999	416055	279	83	225
1000	416354	140	428	217
1001	416514	319	497	213
1002	419265	498	497	222
1003	420082	120	503	240
1004	420322	100	512	231
1005	420481	817	506	237
1006	421319	259	509	221
1007	421618	379	505	219
1008	422016	239	508	178
1009	422475	498	80	202
1010	422993	199	147	199
1011	423213	698	282	197
1012	423970	219	89	198
1013	424210	199	70	207
1014	424429	339	109	208
1015	424788	359	155	208
1016	425386	239	145	600
1017	425685	120	157	674
1018	425824	179	155	670
1019	426044	259	157	851
1020	426323	279	147	815
1021	426622	299	153	885
1022	426941	459	184	896
1023	427419	379	171	849
1024	427818	239	186	775
1025	428077	259	180	718
1026	428356	698	142	655
1027	429114	1715	210	756
1028	430849	239	134	629
1029	431128	140	133	598
1030	431307	140	122	568
1031	431467	558	129	572
1032	432105	738	155	883
1033	432862	419	152	817
1034	433321	299	230	822
1035	433640	439	181	853
1036	434099	219	226	769
1037	434338	499	209	783
1038	434856	618	226	746
1039	435494	439	204	707
1040	436092	319	438	595
1041	436551	159	160	586
1042	437109	100	128	571
1043	437328	299	128	586
1044	437847	140	96	587
1045	438006	558	109	622
1046	438584	120	158	623
1047	438923	798	107	621
1048	439741	977	171	680
1049	440937	1017	112	642
1050	441974	498	171	658
1051	442672	299	148	591
1052	442991	219	118	625
1053	443330	179	112	619
1054	443529	937	117	626
1055	444486	578	166	635
1056	445084	180	146	657
1057	445283	618	126	657
1058	445922	419	130	640
1059	446360	239	96	646
1060	446619	219	150	667
1061	446859	1236	132	659
1062	448354	160	148	272
1063	448533	499	77	254
1064	449111	179	334	256
1065	449311	179	149	228
1066	449510	518	64	224
1067	450108	279	295	222
1068	450407	299	273	201
1069	450726	359	94	207
1070	451105	180	146	206
1071	451304	180	266	202
1072	451524	299	78	205
1073	451843	160	154	210
1074	452242	778	159	666
1075	453099	120	272	708
1076	453238	339	207	713
1077	453597	199	262	729
1078	453817	259	205	724
1079	454096	279	325	720
1080	454395	479	221	739
1081	454893	199	260	740
1082	455113	259	177	756
1083	455531	459	176	818
1084	456010	698	164	819
1085	456748	319	237	805
1086	457106	159	270	798
1087	457286	179	142	695
1088	457505	399	144	691
1089	458043	120	182	726
1090	458183	179	196	738
1091	458382	239	223	734
1092	458642	538	175	740
1093	459200	1216	254	776
1094	460436	1256	163	764
1095	461712	180	143	803
1096	461951	159	140	627
1097	462131	518	141	613
1098	462769	279	170	624
1099	463088	219	133	599
1100	463327	219	180	636
1101	463566	339	239	630
1102	464164	578	122	626
1103	464762	479	148	796
1104	465261	279	162	802
1105	465560	279	237	802
1106	465859	239	291	803
1107	466118	179	206	800
1108	466377	120	157	814
1109	466676	140	101	141
1110	466876	239	90	240
1111	467175	738	96	199
1112	467932	259	152	200
1113	468610	997	130	806
1114	469627	538	186	825
1115	470185	1276	176	762
1116	471481	219	168	760
1117	471740	319	248	754
1118	472079	399	219	753
1119	472498	379	240	748
1120	472897	399	152	803
1121	473315	160	111	810
1122	473515	778	185	771
1123	474312	239	229	748
1124	474572	518	165	752
1125	475170	817	239	754
1126	476007	479	146	744
1127	476506	239	208	718
1128	476805	299	213	718
1129	477124	419	218	709
1130	477562	319	129	701
1131	477901	239	109	606
1132	478320	140	159	553
1133	478599	100	153	550
1134	478778	180	178	563
1135	478978	160	204	655
1136	479157	239	221	632
1137	479556	219	142	597
1138	479795	239	133	591
1139	480114	279	103	594
1140	480473	160	139	586
1141	480672	160	117	555
1142	480872	259	120	559
1143	481151	179	178	586
1144	481410	120	248	267
1145	481570	120	305	250
1146	481849	180	511	180
1147	482048	179	477	179
1148	482247	179	139	196
1149	482447	179	67	188
1150	482965	140	664	186
1151	483145	179	669	186
1152	483444	479	664	195
1153	483942	199	749	184
1154	484281	598	667	192
1155	484899	140	665	195
1156	485059	159	666	196
1157	485238	319	569	229
1158	485577	359	560	230
1159	485976	140	466	180
1160	486175	239	463	187
1161	486574	140	124	231
1162	486773	359	65	217
1163	487172	160	312	224
1164	487372	638	301	215
1165	488029	279	282	216
1166	488428	120	175	690
1167	488568	100	168	671
1168	488687	219	191	729
1169	488927	279	128	638
1170	489246	897	178	883
1171	490163	279	191	937
1172	490581	159	218	600
1173	490761	439	152	605
1174	491259	199	138	563
1175	491479	160	147	570
1176	491658	638	161	600
1177	492316	219	171	615
1178	492555	638	127	645
1179	493213	339	131	669
1180	493612	319	219	794
1181	493971	259	187	873
1182	494350	379	116	586
1183	495287	179	154	618
1184	495685	279	198	910
1185	495984	678	178	874
1186	496682	578	144	844
1187	497579	299	290	238
1188	497899	379	307	261
1189	498377	239	75	263
1190	499075	339	68	241
1191	499434	379	110	237
1192	499832	200	59	224
1193	500072	399	290	228
1194	500909	379	160	876
1195	501308	239	145	851
1196	501587	479	141	921
1197	502085	1356	175	893
1198	503461	339	213	905
1199	503820	239	183	917
1200	504179	459	758	844
1201	504657	219	815	860
1202	504897	498	800	881
1203	505415	818	834	932
1204	506252	379	867	892
1205	506651	1137	812	884
1206	507807	419	790	845
1207	508246	199	845	812
1208	508485	339	809	904
1209	508844	1316	754	901
1210	510180	1735	755	874
1211	511934	299	739	834
1212	512254	698	750	701
1213	512991	140	746	690
1214	513151	100	739	699
1215	513290	120	746	709
1216	513649	598	85	242
1217	514267	199	305	215
1218	514486	219	277	229
1219	514726	917	510	204
1220	515683	1316	498	210
1221	517038	140	663	209
1222	517218	100	658	202
1223	517497	399	663	214
1224	517916	419	672	214
1225	518374	638	663	215
1226	519212	160	648	236
1227	519411	160	834	699
1228	519630	259	773	737
1229	519909	219	761	704
1230	520428	179	773	699
1231	520627	100	765	686
1232	520747	299	745	693
1233	521066	139	746	702
1234	521325	140	741	704
1235	521564	259	745	696
1236	521843	159	733	688
1237	522063	140	170	749
1238	522222	140	185	744
1239	522422	199	129	811
1240	522641	179	140	789
1241	522860	359	238	701
1242	523438	199	125	261
1243	523658	259	77	237
1244	524017	199	61	215
1245	524714	179	555	244
1246	525014	139	402	231
1247	525253	259	306	223
1248	525532	558	283	238
1249	526110	399	85	240
1250	526529	359	120	237
1251	526908	179	298	238
1252	527107	479	333	244
1253	527625	459	76	237
1254	528502	100	191	799
1255	528762	179	166	731
1256	528961	219	174	774
1257	529200	339	166	878
1258	529579	160	190	872
1259	529759	1276	142	854
1260	531054	239	104	846
1261	531374	259	815	839
1262	531653	140	792	834
1263	531812	259	823	743
1264	532091	179	833	762
1265	532291	279	802	736
1266	532669	180	764	727
1267	532869	419	782	715
1268	533307	319	835	717
1269	533646	180	890	715
1270	533866	498	750	714
1271	534544	100	384	232
1272	534663	279	504	220
1273	535102	159	572	254
1274	535381	558	575	250
1275	535959	219	662	242
1276	536198	618	662	247
1277	536836	199	663	247
1278	537135	279	556	276
1279	537474	259	359	237
1280	537793	419	290	259
1281	538232	479	77	261
1282	538730	578	127	259
1283	539328	180	293	265
1284	539668	479	292	260
1285	540266	359	39	265
1286	540644	299	78	238
1287	540963	239	123	187
1288	541223	219	317	186
1289	541462	738	288	172
1290	542220	219	312	229
1291	542459	598	299	206
1292	543077	140	306	189
1293	543236	100	311	181
1294	543416	120	443	196
1295	543575	219	494	191
1296	544034	159	272	192
1297	544313	100	290	209
1298	544652	120	83	196
1299	544891	120	94	190
1300	545031	120	132	193
1301	545489	379	180	766
1302	545928	977	185	886
1303	546925	678	184	874
1304	547942	718	85	223
1305	548719	199	321	198
1306	548938	259	274	197
1307	549218	279	348	198
1308	549676	199	803	808
1309	549895	180	804	826
1310	550115	638	840	771
1311	550972	299	165	881
1312	551291	180	237	882
1313	551490	498	154	857
1314	552009	339	132	847
1315	552368	120	158	859
1316	552866	319	825	836
1317	553205	618	826	765
1318	553843	479	804	724
1319	554342	399	790	875
1320	554760	857	805	900
1321	555777	379	797	715
1322	556176	140	799	712
1323	556335	419	767	692
1324	556834	538	828	802
1325	557392	359	797	847
1326	557771	738	839	867
1327	558528	498	795	904
1328	559047	359	841	891
1329	559426	439	758	891
1330	559884	558	752	726
1331	560502	219	763	562
1332	560741	359	799	563
1333	561120	100	751	570
1334	561240	518	774	556
1335	561778	139	776	567
1336	561938	199	748	600
1337	562157	179	770	654
1338	562416	179	731	665
1339	562616	239	735	659
1340	563034	219	473	265
1341	563293	179	164	236
1342	563513	139	460	176
1343	563672	279	493	176
1344	563971	379	617	196
1345	564390	160	250	195
1346	564570	120	281	200
1347	564709	239	348	194
1348	564968	179	605	188
1349	565168	618	671	194
1350	565905	339	553	230
1351	566284	558	275	203
1352	566862	479	79	218
1353	567361	419	114	216
1354	567799	359	285	211
1355	568198	179	347	210
1356	568457	299	76	220
1357	568776	259	119	217
1358	569055	179	85	220
1359	569374	279	194	827
1360	569674	199	149	884
1361	569893	159	161	859
1362	570092	399	201	686
1363	570511	319	233	610
1364	571009	379	203	588
1365	571408	419	285	669
1366	571847	179	309	620
1367	572106	299	166	573
1368	572445	379	155	875
1369	572844	239	176	924
1370	573163	239	149	937
1371	573422	259	156	858
1372	573701	239	185	873
1373	573960	359	142	851
1374	574339	339	188	905
1375	574698	199	169	858
1376	574917	299	175	950
1377	575236	199	167	837
1378	575455	518	178	903
1379	575994	339	226	897
1380	576392	379	153	902
1381	576791	618	153	852
1382	577589	140	846	863
1383	577748	399	814	889
1384	578167	1575	792	776
1385	579762	778	792	683
1386	580579	578	803	825
1387	581177	339	777	812
1388	581536	299	808	905
1389	581955	179	791	854
1390	582433	199	339	206
1391	582653	618	286	211
1392	583610	578	842	904
1393	584208	199	909	909
1394	584447	339	783	867
1395	584806	818	836	902
1396	585643	379	829	904
1397	586042	379	819	926
1398	586441	658	818	873
1399	587119	299	803	903
1400	587438	538	794	877
1401	587996	897	782	859
1402	588913	459	764	864
1403	589392	399	770	818
1404	589810	1475	773	810
1405	591326	159	754	702
1406	591505	159	740	639
1407	591684	120	748	654
1408	591884	499	809	775
1409	592442	279	775	779
1410	592781	120	760	686
1411	593140	100	445	262
1412	593259	120	418	224
1413	593439	179	508	174
1414	593638	120	666	197
1415	593798	179	630	208
1416	594037	379	272	213
1417	594436	140	344	227
1418	594635	1037	674	222
1419	595692	160	673	224
1420	595871	837	566	248
1421	596828	379	500	183
1422	597426	359	79	244
1423	597805	140	75	243
1424	597965	179	116	237
1425	598224	179	266	218
1426	598423	279	298	247
1427	598722	219	339	239
1428	598962	239	290	237
1429	599460	179	852	798
1430	599679	259	815	735
1431	599958	199	842	722
1432	600238	339	733	936
1433	600616	120	716	939
1434	600836	199	818	775
1435	601135	219	239	780
1436	601454	120	161	819
1437	601673	259	175	890
1438	601952	1256	161	913
1439	603228	339	156	857
1440	603647	120	191	861
1441	603826	100	192	859
1442	603966	159	142	754
1443	604444	120	788	846
1444	604584	100	798	854
1445	604783	100	831	734
1446	604903	100	837	782
1447	605023	279	813	761
1448	605382	179	801	655
1449	605581	678	819	666
1450	606338	618	809	701
1451	606976	518	783	757
1452	607515	299	798	827
1453	607834	538	814	845
1454	608392	578	795	893
1455	608990	359	850	885
1456	609369	798	813	902
1457	610426	439	822	607
1458	610884	439	808	577
1459	611343	160	822	658
1460	611522	837	808	702
1461	612380	977	811	796
1462	613376	180	851	787
1463	613576	578	788	794
1464	614333	160	181	213
1465	614513	738	80	246
1466	615310	339	298	247
1467	615809	100	555	217
1468	615928	219	563	234
1469	616227	279	563	235
1470	616606	179	830	749
1471	616806	698	804	779
1472	617523	997	784	687
1473	618700	100	819	649
1474	618959	140	775	698
1475	619218	120	512	284
1476	619358	180	572	224
1477	619557	279	661	236
1478	619856	678	665	239
1479	620614	319	495	210
1480	620953	319	557	252
1481	621352	538	297	249
1482	621950	718	76	256
1483	622687	758	80	220
1484	623485	1136	146	206
1485	625179	379	291	195
1486	625598	319	307	199
1487	626156	179	100	208
1488	626356	279	102	210
1489	626675	159	153	211
1490	626874	179	159	214
1491	627074	279	159	203
1492	627373	239	130	206
1493	627891	140	840	702
1494	628090	100	763	625
1495	628389	179	766	622
1496	628589	239	768	610
1497	628848	120	781	577
1498	628988	179	795	587
1499	629187	239	831	674
1500	629586	219	227	707
1501	629885	199	275	607
1502	630104	259	208	603
1503	630383	339	194	869
1504	630742	419	170	803
1505	631181	279	238	790
1506	631480	299	186	809
1507	631799	419	145	790
1508	632397	578	87	217
1509	632995	140	143	197
1510	633194	419	299	213
1511	633693	179	215	704
1512	633892	180	169	745
1513	634191	100	178	694
1514	634331	239	164	780
1515	634590	578	176	806
1516	635208	459	273	811
1517	635686	180	161	835
1518	635886	239	147	789
1519	636145	339	92	785
1520	636604	259	104	586
1521	636982	339	102	585
1522	637341	538	101	592
1523	637920	837	108	596
1524	638837	239	126	545
1525	639176	140	123	603
1526	639375	518	117	610
1527	640172	219	822	737
1528	640412	399	800	816
1529	640830	259	788	784
1530	641110	459	761	658
1531	641608	199	785	595
1532	642027	439	825	893
1533	642784	139	847	740
1534	643203	219	816	843
1535	643462	459	780	918
1536	643941	299	847	896
1537	644260	199	886	940
1538	644479	179	839	930
1539	644838	239	844	699
1540	645137	279	854	788
1541	645476	200	845	611
1542	645695	479	843	625
1543	646194	179	837	625
1544	646393	100	797	623
1545	646512	459	792	628
1546	646991	279	796	705
1547	647290	478	797	713
1548	647808	259	772	716
1549	648108	219	759	718
1550	648606	219	763	593
1551	648845	219	757	562
1552	649124	259	828	572
1553	649424	279	781	695
1554	649722	140	781	702
1555	649982	199	800	562
1556	650201	219	828	613
1557	650480	399	741	593
1558	650899	319	716	575
1559	651278	279	742	643
1560	651577	399	728	659
1561	651995	199	776	686
1562	652215	339	777	669
1563	652574	139	835	667
1564	652773	140	901	671
1565	653132	179	125	237
1566	653331	498	69	232
1567	653850	319	172	221
1568	654228	120	275	221
1569	654368	498	281	220
1570	654886	359	80	212
1571	655265	339	152	212
1572	655704	359	197	767
1573	656083	538	159	920
1574	656641	279	226	861
1575	656940	658	149	868
1576	657618	120	124	621
1577	657757	538	114	622
1578	658316	299	142	618
1579	658635	219	162	617
1580	658914	199	136	633
1581	659133	359	97	625
1582	659512	818	134	860
1583	660568	139	808	637
1584	660768	139	765	653
1585	660927	259	768	672
1586	661207	139	796	665
1587	661386	100	791	661
1588	661785	160	728	833
1589	661964	319	767	830
1590	662363	199	784	727
1591	662582	319	815	678
1592	663001	239	786	708
1593	663380	359	760	621
1594	663758	140	774	628
1595	663918	339	771	657
1596	664277	100	858	677
1597	664596	199	800	674
1598	664915	439	770	633
1599	665453	180	732	585
1600	665653	678	749	596
1601	666450	219	809	833
1602	666689	199	784	818
1603	666909	658	797	798
1604	667586	239	757	790
1605	667866	219	760	785
1606	668105	578	743	687
1607	668783	140	217	277
1608	668942	738	287	227
1609	669700	419	76	217
1610	670158	259	313	202
1611	670537	179	802	753
1612	670737	778	766	676
1613	671534	239	832	666
1614	671833	140	894	664
1615	672152	399	758	648
1616	672690	219	718	601
1617	672930	279	756	597
1618	673328	139	786	650
1619	673508	119	755	650
1620	673648	179	738	648
1621	673986	259	725	590
1622	674266	279	754	594
1623	674565	259	787	601
1624	675023	120	457	187
1625	675163	359	490	172
1626	675562	159	271	213
1627	675741	179	287	197
1628	675980	538	524	189
1629	676538	319	524	195
1630	676917	1176	663	199
1631	678114	698	550	225
1632	678851	140	215	219
1633	679011	180	106	207
1634	679210	279	75	227
1635	679509	179	131	226
1636	679709	478	172	223
1637	680327	160	89	223
1638	680526	259	272	221
1639	680925	199	282	224
1640	681204	120	103	207
1641	681343	140	107	214
1642	681722	319	779	761
1643	682061	379	793	676
1644	682480	259	777	650
1645	682879	259	760	599
1646	683158	618	798	752
1647	683816	379	845	850
1648	684214	319	794	858
1649	684553	319	824	888
1650	684892	399	840	925
1651	685311	319	805	922
1652	685650	299	804	857
1653	685969	279	809	901
1654	686268	678	848	791
1655	686966	199	845	763
1656	687205	419	823	878
1657	687644	199	797	921
1658	687863	259	813	932
1659	688142	279	872	924
1660	688441	339	871	865
1661	688800	319	863	807
1662	689139	957	828	778
1663	690256	339	821	952
1664	690754	279	822	663
1665	691053	499	824	671
1666	691571	299	828	640
1667	691890	1436	832	664
1668	693346	877	819	801
1669	694263	159	810	618
1670	694462	379	807	625
1671	694861	299	798	688
1672	695180	279	792	674
1673	695479	439	814	624
1674	695998	120	805	608
1675	696137	100	805	622
1676	696336	179	781	607
1677	696536	279	773	581
1678	696835	299	822	619
1679	697154	100	798	606
1680	697274	797	770	606
1681	698171	179	724	576
1682	698470	140	773	608
1683	698928	140	772	626
1684	699088	120	768	623
1685	699227	100	773	655
1686	699387	219	794	684
1687	700424	199	149	603
1688	700743	359	158	613
1689	701121	279	265	765
1690	701640	100	184	784
1691	701859	239	203	788
1692	702138	299	160	876
1693	702457	299	185	830
1694	702776	279	175	876
1695	703075	219	161	890
1696	703314	479	227	873
1697	703813	538	273	888
1698	704371	718	156	889
1699	705109	219	116	889
1700	705348	339	209	861
1701	705727	219	231	866
1702	706425	399	280	223
1703	706863	259	68	227
1704	707162	140	132	225
1705	707322	239	276	229
1706	707940	100	91	758
1707	708060	259	189	764
1708	708359	179	121	854
1709	708558	159	129	823
1710	708738	339	157	878
1711	709136	120	120	821
1712	709336	1017	123	618
1713	710432	180	136	891
1714	710632	219	174	893
1715	710871	359	138	873
1716	711429	140	218	202
1717	711589	279	293	225
1718	712266	299	517	216
1719	712586	139	513	230
1720	712745	419	513	231
1721	713203	698	655	230
1722	713921	239	666	228
1723	714180	239	662	229
1724	714579	439	555	264
1725	715078	199	586	94
1726	715297	299	527	91
1727	715636	179	489	99
1728	715875	179	132	203
1729	716075	239	102	241
1730	716334	339	84	235
1731	716693	379	89	245
1732	717091	319	281	250
1733	717430	160	295	247
1734	717610	479	88	243
1735	718168	379	299	241
1736	718567	578	507	240
1737	719304	100	510	226
1738	719584	160	801	631
1739	719763	199	767	636
1740	720002	140	747	612
1741	720162	279	778	618
1742	720461	179	791	617
1743	720760	179	176	682
1744	720959	179	186	649
1745	721159	379	159	591
1746	721557	180	165	687
1747	721856	479	186	665
1748	722355	279	201	829
1749	722654	339	176	873
1750	723013	359	178	919
1751	723392	100	214	917
1752	723511	120	212	920
1753	723651	239	141	926
1754	723910	439	162	858
1755	724368	199	232	865
1756	724588	259	147	867
1757	724887	179	109	748
1758	725146	319	115	615
1759	725485	299	116	617
1760	725884	179	736	633
1761	726083	359	766	615
1762	726562	758	729	606
1763	727339	179	767	589
1764	727578	1236	144	621
1765	728834	279	107	607
1766	729134	319	138	581
1767	729473	239	100	599
1768	729752	199	338	227
1769	730031	279	519	224
1770	730330	339	515	221
1771	730689	179	515	238
1772	730928	179	658	233
1773	731127	399	657	245
1774	731546	658	662	247
1775	732244	299	566	288
1776	732762	399	77	265
1777	733181	419	133	262
1778	733620	279	269	255
1779	733918	120	284	250
1780	734277	120	279	256
1781	734477	179	91	267
1782	734676	279	124	264
1783	734975	219	270	268
1784	735494	219	759	818
1785	735753	279	790	646
1786	736132	259	720	577
1787	736431	279	825	838
1788	736730	259	785	864
1789	737009	459	868	912
1790	737487	379	827	910
1791	737886	179	841	793
1792	738086	598	814	839
1793	738704	160	792	799
1794	738883	598	833	833
1795	739501	319	885	824
1796	739880	698	822	829
1797	740598	459	831	862
1798	741076	439	871	856
1799	741535	459	867	805
1800	742013	299	812	830
1801	742332	618	861	773
1802	743050	439	177	860
1803	743509	339	226	745
1804	744087	120	170	640
1805	744226	120	121	594
1806	744406	100	135	600
1807	744525	120	137	595
1808	745123	479	169	872
1809	745622	538	169	943
1810	746220	479	388	685
1811	746958	159	155	599
1812	747157	698	153	921
1813	747915	100	197	958
1814	748034	459	211	896
1815	748613	299	188	584
1816	748932	359	146	636
1817	749310	379	114	604
1818	749709	199	103	579
1819	750008	199	100	586
1820	750526	100	287	248
1821	750666	219	506	239
1822	750905	598	512	250
1823	751603	120	169	260
1824	751743	279	88	260
1825	752102	199	610	258
1826	752321	100	666	255
1827	752441	937	658	259
1828	753437	1236	656	265
1829	754793	618	559	202
1830	755431	199	568	202
1831	755650	239	504	243
1832	755930	359	115	252
1833	756308	279	118	186
1834	756607	778	304	196
1835	757485	199	291	211
1836	758362	279	124	234
1837	758681	180	214	227
1838	759120	239	230	227
1839	759678	498	286	217
1840	760216	140	91	271
1841	760376	439	97	255
1842	761093	199	314	580
1843	761313	299	193	593
1844	761632	459	138	634
1845	762110	499	212	633
1846	762629	439	170	650
1847	763087	459	181	656
1848	763885	100	196	222
1849	764124	120	163	732
1850	764264	678	203	742
1851	764961	199	171	723
1852	765181	159	195	734
1853	765360	379	256	731
1854	765779	419	145	723
1855	766217	518	161	719
1856	766756	179	118	722
1857	766955	239	152	721
1858	767474	140	768	669
1859	767673	339	793	724
1860	768032	239	768	742
1861	768291	419	785	582
1862	768769	578	827	839
1863	769368	479	821	879
1864	769886	778	781	912
1865	770683	359	830	897
1866	771062	578	792	936
1867	771660	1376	843	904
1868	773056	199	796	885
1869	773275	419	840	857
1870	773714	618	813	920
1871	774551	339	841	622
1872	774910	179	877	626
1873	775149	140	811	659
1874	775309	219	810	658
1875	775548	598	821	704
1876	776166	598	816	748
1877	776784	239	787	758
1878	777143	877	819	596
1879	778040	100	810	627
1880	778280	538	770	602
1881	778898	219	765	608
1882	779157	359	797	732
1883	779536	419	783	781
1884	779974	538	784	732
1885	780532	180	820	723
1886	780732	538	793	695
1887	781330	399	805	791
1888	781749	319	789	765
1889	782088	439	789	816
1890	782546	319	762	846
1891	782965	538	841	686
1892	783523	180	780	746
1893	783722	379	763	841
1894	784320	339	753	616
1895	784680	140	779	614
1896	784919	100	737	582
1897	785038	219	734	584
1898	785278	259	782	640
1899	785656	1097	732	606
1900	786873	359	788	650
1901	787251	877	791	720
1902	788148	299	774	790
1903	788468	518	758	834
1904	789006	1376	754	836
1905	790402	798	826	845
1906	791319	1097	824	743
1907	792435	538	804	726
1908	792993	439	851	721
1909	793452	319	816	722
1910	793791	339	914	723
1911	794150	259	807	737
1912	794529	159	200	734
1913	794708	359	166	725
1914	795087	319	119	688
1915	795506	459	136	690
1916	795984	718	159	717
1917	796722	239	224	806
1918	797001	299	129	627
1919	797320	339	159	623
1920	797679	219	175	625
1921	798038	140	222	618
1922	798197	100	225	624
1923	798337	459	106	630
1924	798815	359	163	637
1925	799194	120	160	644
1926	799373	478	108	637
1927	799872	2133	138	647
1928	802025	279	143	642
1929	802364	479	107	647
1930	802862	778	167	662
1931	803660	339	122	663
1932	804019	259	189	658
1933	804398	558	115	659
1934	804996	837	203	680
1935	805853	219	147	678
1936	806092	259	218	681
1937	806371	219	158	677
1938	806611	1077	137	679
1939	807747	578	209	694
1940	808345	319	293	689
1941	808684	678	162	692
1942	809382	199	251	704
1943	809601	439	231	713
1944	810080	399	314	714
1945	810498	219	213	718
1946	810957	279	792	691
1947	811276	239	853	647
1948	811535	180	822	638
1949	811735	179	790	707
1950	811934	179	792	706
1951	812253	239	803	584
1952	812552	977	824	737
1953	813549	219	881	726
1954	813788	1934	823	745
1955	815742	359	914	772
1956	816121	2273	841	798
1957	818414	479	860	808
1958	818912	618	811	821
1959	819550	239	819	801
1960	819809	1236	831	806
1961	821205	379	218	729
1962	821604	339	185	677
1963	821962	558	214	678
1964	822640	140	875	794
1965	822800	219	827	789
1966	823039	239	859	790
1967	823498	219	326	288
1968	823797	219	123	236
1969	824036	339	187	251
1970	824395	140	235	265
1971	824614	359	239	270
1972	824993	518	206	692
1973	825591	179	169	257
1974	825790	100	79	255
1975	829180	259	112	304
1976	829459	259	75	271
1977	829738	199	319	258
1978	829997	558	294	262
1979	834663	299	325	275
1980	834982	140	299	274
1981	835141	140	275	266
1982	835301	459	86	260
1983	835779	379	143	200
1984	837235	798	156	230
1985	838052	239	79	224
1986	838311	279	301	216
1987	838910	1037	817	802
1988	839966	977	840	796
1989	840963	518	867	808
1990	841561	199	209	766
1991	841780	459	248	706
1992	842259	199	195	732
1993	842478	379	190	762
1994	842897	239	246	871
1995	843156	399	240	932
1996	843575	319	208	907
1997	844053	180	226	732
1998	844771	499	176	657
1999	845309	399	199	790
2000	845728	359	173	758
2001	846107	140	136	754
2002	846266	279	292	847
2003	846585	279	238	884
2004	846884	319	203	930
2005	847303	359	175	657
2006	847682	459	154	639
2007	848180	459	241	728
2008	848659	279	291	728
2009	848958	1017	222	711
2010	850054	140	770	771
2011	850214	518	820	734
2012	850752	399	848	765
2013	851171	299	823	792
2014	851490	179	862	802
2015	851909	518	222	718
2016	852547	119	883	805
2017	852686	259	854	802
2018	852965	479	872	800
2019	853464	658	813	824
2020	854142	319	765	813
2021	854501	259	873	815
2022	854800	379	786	826
2023	855238	498	222	719
2024	855757	199	240	713
2025	855976	439	164	679
2026	856434	379	148	641
2027	856833	100	140	626
2028	856953	1695	132	638
2029	858668	698	195	646
2030	859425	1276	160	726
2031	860741	259	819	799
2032	861020	1196	825	828
2033	862236	937	819	856
2034	863432	299	172	732
2035	863752	299	165	678
2036	864070	259	167	678
2037	864370	339	184	700
2038	864728	379	179	710
2039	865127	140	227	703
2040	865367	139	807	851
2041	865526	180	814	856
2042	865725	379	824	881
2043	866124	239	789	877
2044	866383	578	783	845
2045	867181	120	217	655
2046	867320	179	155	657
2047	867520	538	178	660
2048	868118	140	246	651
2049	868277	179	242	661
2050	868517	219	153	658
2051	868756	439	137	646
2052	869214	120	177	642
2053	869354	498	176	642
2054	869872	319	157	682
2055	870231	160	752	799
2056	870411	140	811	789
2057	870570	259	807	831
2058	870849	259	826	840
2059	871328	917	162	714
2060	872265	379	180	715
2061	872664	518	198	706
2062	873302	478	174	649
2063	873800	538	131	732
2064	874398	179	127	625
2065	874637	299	130	622
2066	874956	518	108	607
2067	875495	678	107	735
2068	876192	499	143	746
2069	876711	518	114	731
2070	877249	917	111	738
2071	878186	578	149	741
2072	878784	718	120	756
2073	879522	538	147	772
2074	880080	279	139	747
2075	880379	199	163	737
2076	880599	279	111	744
2077	880898	359	113	625
2078	881277	179	111	614
2079	881476	279	109	613
2080	881775	100	163	616
2081	881895	179	162	607
2082	882094	219	194	616
2083	882333	140	170	626
2084	882513	139	157	644
2085	882672	219	174	631
2086	882912	140	172	639
2087	883211	837	176	698
2088	884068	199	178	705
2089	884387	1077	183	655
2090	886460	219	168	640
2091	886700	120	159	637
2092	887078	140	171	616
2093	887437	498	171	617
2094	888235	100	878	739
2095	888354	1356	836	755
2096	889730	439	856	764
2097	890229	179	204	632
2098	890428	379	159	622
2099	890827	199	162	592
2100	891046	459	178	685
2101	891525	538	148	702
2102	892142	1874	114	603
2103	894096	100	136	856
2104	894216	179	173	842
2105	894415	339	189	824
2106	894774	279	274	817
2107	895113	379	240	724
2108	895512	279	270	736
2109	895811	1176	266	740
2110	897326	578	211	807
2111	898263	180	197	802
2112	898523	219	175	786
2113	898822	199	213	784
2114	899041	219	198	807
2115	899280	179	191	784
2116	899539	479	278	786
2117	900058	3030	186	855
2118	903108	339	164	845
2119	903467	219	200	833
2120	903706	180	245	835
2121	903946	259	822	815
2122	904225	219	807	868
2123	904464	419	779	925
2124	904902	120	788	848
2125	905202	239	800	665
2126	905461	518	786	583
2127	905999	439	776	717
2128	906597	219	807	872
2129	906837	339	782	932
2130	907195	219	806	901
2131	907435	459	780	879
2132	907913	359	790	898
2133	908292	538	780	832
2134	908850	718	788	926
2135	909648	917	784	890
2136	910605	219	243	825
2137	910844	239	230	774
2138	911103	698	198	860
2139	911821	279	157	837
2140	912180	179	787	861
2141	912379	698	765	799
2142	913097	459	832	781
2143	913575	179	903	790
2144	913954	100	198	212
2145	914074	439	116	225
2146	914532	339	65	222
2147	917064	120	180	277
2148	917224	339	100	220
2149	917583	219	160	233
2150	917862	279	75	228
2151	918161	219	237	240
2152	919377	798	86	237
2153	920195	399	122	242
2154	920613	140	70	247
2155	921989	199	95	252
2156	922208	279	66	248
2157	922687	299	310	231
2158	923145	239	274	232
2159	925319	159	334	233
2160	925498	299	291	254
2161	925817	140	285	243
2162	926156	259	278	237
2163	926455	997	273	241
2164	927472	798	273	246
2165	928349	279	272	254
2166	928648	499	275	257
2167	930442	120	286	253
2168	930622	179	284	248
2169	930881	319	290	252
2170	931220	319	69	247
2171	931559	558	92	227
2172	932257	239	316	221
2173	932516	279	323	226
2174	932815	179	295	258
2175	933074	119	280	222
2176	933214	219	283	213
2177	933672	140	289	223
2178	933832	239	279	240
2179	934171	379	449	265
2180	934570	179	304	244
2181	934809	299	444	241
2182	935168	199	279	241
2183	935387	199	277	240
