1	1	-1280	-1024	-1.000	-1.000	-1.000	-1.000	4	-1280	-1024	-1.000	-1.000	-1.000	-1.000	4
21	2	-1280	-1024	0.619	0.779	-1.000	-1.000	4	-1280	-1024	0.381	0.810	-1.000	-1.000	4
40	3	-1280	-1024	-1.000	-1.000	-1.000	-1.000	4	-1280	-1024	-1.000	-1.000	-1.000	-1.000	4
60	4	602	443	0.619	0.779	790.846	4.298	0	604	448	0.381	0.810	789.100	4.648	0
80	5	602	446	0.619	0.779	790.846	4.301	0	599	438	0.381	0.810	789.100	4.637	0
100	6	615	442	0.620	0.779	790.846	4.346	0	620	463	0.381	0.809	789.100	4.618	0
120	7	623	442	0.620	0.779	791.326	4.366	0	628	461	0.381	0.809	790.975	4.615	0
140	8	619	418	0.620	0.779	791.326	4.336	0	615	474	0.381	0.809	790.975	4.684	0
160	9	610	435	0.621	0.779	791.326	4.333	0	604	463	0.382	0.809	790.975	4.716	0
180	10	617	417	0.621	0.779	791.326	4.330	0	590	457	0.382	0.809	790.975	4.673	0
200	11	623	445	0.620	0.779	791.326	4.330	0	618	454	0.381	0.809	790.975	4.684	0
220	12	664	440	0.621	0.779	791.789	4.333	0	652	452	0.382	0.809	789.790	4.683	0
273	13	600	440	0.621	0.779	791.789	4.289	0	582	448	0.382	0.809	789.790	4.642	0
274	14	612	421	0.621	0.779	791.789	4.303	0	616	457	0.383	0.809	789.790	4.646	0
300	15	598	443	0.621	0.779	791.789	4.297	0	601	461	0.383	0.808	789.790	4.600	0
320	16	613	442	0.622	0.778	791.789	4.204	0	606	431	0.383	0.808	789.790	4.534	0
339	17	609	444	0.622	0.778	790.786	4.197	0	614	437	0.383	0.807	789.611	4.514	0
359	18	602	436	0.622	0.778	790.786	4.172	0	598	444	0.384	0.807	789.611	4.511	0
379	19	597	456	0.622	0.778	790.786	4.113	0	605	467	0.383	0.806	789.611	4.507	0
399	20	613	446	0.622	0.777	790.786	4.057	0	596	461	0.383	0.806	789.611	4.410	0
419	21	620	425	0.622	0.777	790.786	4.052	0	590	470	0.383	0.805	789.611	4.369	0
439	22	628	433	0.623	0.776	789.664	4.041	0	584	469	0.384	0.805	789.491	4.328	0
459	23	609	433	0.624	0.776	789.664	3.996	0	604	467	0.384	0.804	789.491	4.400	0
479	24	620	449	0.623	0.775	789.664	4.035	0	593	446	0.384	0.803	789.491	4.373	0
499	25	598	434	0.624	0.775	789.664	3.937	0	611	450	0.385	0.802	789.491	4.355	0
519	26	613	421	0.625	0.774	789.664	3.970	0	589	456	0.385	0.802	789.491	4.333	0
539	27	586	432	0.626	0.774	785.361	3.941	0	559	455	0.386	0.801	783.784	4.283	0
559	28	618	442	0.626	0.774	785.361	3.907	0	576	472	0.386	0.801	783.784	4.289	0
579	29	611	422	0.626	0.773	785.361	3.893	0	600	470	0.385	0.800	783.784	4.257	0
599	30	628	437	0.626	0.773	785.361	3.879	0	602	453	0.386	0.799	783.784	4.229	0
619	31	607	432	0.627	0.772	785.361	3.908	0	583	470	0.386	0.798	783.784	4.263	0
639	32	610	433	0.628	0.771	781.145	3.877	0	576	467	0.387	0.797	782.063	4.247	0
659	33	611	429	0.629	0.770	781.145	3.820	0	574	469	0.387	0.796	782.063	4.288	0
679	34	594	279	0.628	0.768	781.145	3.878	0	583	330	0.387	0.794	782.063	4.228	0
699	35	527	158	0.630	0.767	781.145	3.823	0	530	138	0.389	0.792	782.063	4.236	0
718	36	503	78	0.630	0.766	781.145	3.800	0	495	79	0.389	0.791	782.063	4.160	0
738	37	512	28	0.630	0.765	771.253	3.767	0	503	49	0.389	0.791	771.965	4.087	0
758	38	501	114	0.630	0.765	771.253	3.760	0	483	139	0.389	0.790	771.965	4.089	0
778	39	501	134	0.629	0.764	771.253	3.769	0	499	138	0.388	0.790	771.965	4.122	0
798	40	520	130	0.629	0.764	771.253	3.820	0	497	119	0.388	0.790	771.965	4.143	0
818	41	511	130	0.629	0.764	771.253	3.734	0	489	149	0.387	0.789	771.965	4.057	0
838	42	521	122	0.629	0.764	774.245	3.763	0	486	141	0.388	0.789	773.192	4.082	0
858	43	501	107	0.629	0.764	774.245	3.711	0	500	142	0.387	0.789	773.192	4.032	0
878	44	500	122	0.628	0.764	774.245	3.662	0	490	137	0.386	0.789	773.192	4.113	0
898	45	494	134	0.627	0.764	774.245	3.690	0	485	118	0.385	0.790	773.192	4.086	0
918	46	505	118	0.626	0.765	774.245	3.748	0	491	118	0.384	0.790	773.192	4.105	0
938	47	504	125	0.626	0.765	772.274	3.724	0	488	124	0.384	0.791	770.391	4.079	0
958	48	510	132	0.625	0.765	772.274	3.636	0	494	134	0.383	0.791	770.391	4.105	0
978	49	456	95	0.624	0.766	772.274	3.659	0	457	95	0.382	0.792	770.391	4.082	0
998	50	296	40	0.625	0.766	772.274	3.639	0	312	13	0.384	0.792	770.391	4.079	0
1017	51	174	38	0.625	0.766	772.274	3.680	0	128	-9	0.384	0.792	770.391	4.050	0
1037	52	45	25	0.625	0.767	774.743	3.692	0	-15	-8	0.384	0.793	762.295	3.997	0
1057	53	196	44	0.625	0.767	774.743	3.644	0	181	25	0.384	0.793	762.295	4.021	0
1077	54	211	37	0.623	0.767	774.743	3.669	0	188	30	0.382	0.793	762.295	4.022	0
1097	55	211	17	0.623	0.767	774.743	3.678	0	168	18	0.382	0.793	762.295	3.982	0
1117	56	190	7	0.622	0.766	774.743	3.622	0	189	27	0.381	0.792	762.295	3.965	0
1137	57	181	-11	0.623	0.765	777.874	3.650	0	181	12	0.382	0.792	767.476	3.974	0
1157	58	215	0	0.623	0.765	777.874	3.620	0	177	-17	0.382	0.792	767.476	4.042	0
1177	59	187	22	0.623	0.765	777.874	3.719	0	182	-4	0.382	0.792	767.476	3.925	0
1197	60	181	33	0.624	0.765	777.874	3.686	0	176	5	0.383	0.792	767.476	4.040	0
1217	61	206	34	0.625	0.766	777.874	3.763	0	190	-22	0.384	0.792	767.476	4.024	0
1237	62	203	29	0.627	0.767	779.815	3.776	0	191	-8	0.386	0.792	765.515	3.983	0
1257	63	16	3	0.629	0.768	779.815	3.697	0	-11	-15	0.388	0.792	765.515	4.020	0
1277	64	1	5	0.630	0.769	779.815	3.733	0	-39	-26	0.389	0.792	765.515	4.057	0
1297	65	-8	7	0.632	0.769	779.815	3.725	0	-21	1	0.391	0.792	765.515	3.981	0
1317	66	7	0	0.633	0.769	779.815	3.772	0	4	-12	0.392	0.792	765.515	4.055	0
1336	67	6	21	0.634	0.769	773.053	3.750	0	-1	1	0.393	0.792	761.779	4.009	0
1356	68	29	28	0.635	0.768	773.053	3.713	0	25	12	0.394	0.791	761.779	4.004	0
1376	69	20	44	0.636	0.768	773.053	3.786	0	-8	-7	0.395	0.791	761.779	4.052	0
1396	70	26	56	0.637	0.768	773.053	3.710	0	-1	7	0.396	0.790	761.779	4.052	0
1416	71	31	51	0.638	0.768	773.053	3.745	0	9	-21	0.397	0.790	761.779	4.066	0
1436	72	27	50	0.638	0.768	775.376	3.777	0	14	-13	0.398	0.790	758.984	4.056	0
1456	73	32	24	0.639	0.769	775.376	3.792	0	9	9	0.398	0.790	758.984	4.028	0
1476	74	34	37	0.639	0.769	775.376	3.815	0	20	22	0.399	0.790	758.984	4.056	0
1496	75	80	56	0.640	0.769	775.376	3.847	0	56	36	0.399	0.790	758.984	4.090	0
1516	76	56	45	0.640	0.769	775.376	3.814	0	50	32	0.399	0.790	758.984	4.044	0
1536	77	50	49	0.640	0.769	776.374	3.829	0	46	27	0.400	0.790	762.088	4.084	0
1556	78	42	51	0.640	0.769	776.374	3.840	0	42	21	0.400	0.790	762.088	4.110	0
1576	79	48	33	0.640	0.769	776.374	3.873	0	46	5	0.400	0.790	762.088	4.097	0
1596	80	73	35	0.640	0.768	776.374	3.884	0	50	25	0.399	0.790	762.088	4.086	0
1616	81	58	45	0.640	0.768	776.374	3.860	0	31	-10	0.399	0.790	762.088	4.152	0
1636	82	61	32	0.639	0.767	777.746	3.866	0	39	-2	0.399	0.790	760.085	4.136	0
1655	83	68	46	0.639	0.767	777.746	3.830	0	41	17	0.399	0.790	760.085	4.066	0
1675	84	60	41	0.639	0.767	777.746	3.846	0	45	16	0.399	0.790	760.085	4.043	0
1695	85	52	19	0.639	0.767	777.746	3.910	0	63	17	0.398	0.790	760.085	4.109	0
1715	86	140	38	0.637	0.767	777.746	3.909	0	134	35	0.397	0.790	760.085	4.053	0
1735	87	148	28	0.637	0.767	778.046	3.909	0	136	13	0.396	0.790	767.507	4.096	0
1755	88	199	34	0.636	0.767	778.046	3.903	0	189	23	0.396	0.790	767.507	4.159	0
1775	89	204	41	0.636	0.767	778.046	3.872	0	174	31	0.395	0.790	767.507	4.087	0
1795	90	195	24	0.635	0.767	778.046	3.886	0	179	26	0.395	0.790	767.507	4.099	0
1815	91	189	31	0.635	0.767	778.046	3.866	0	188	28	0.394	0.790	767.507	4.153	0
1835	92	191	32	0.634	0.767	777.542	3.866	0	190	26	0.394	0.791	768.334	4.124	0
1855	93	187	26	0.634	0.767	777.542	3.876	0	185	13	0.393	0.791	768.334	4.175	0
1875	94	190	43	0.634	0.767	777.542	3.882	0	183	7	0.393	0.792	768.334	4.125	0
1895	95	196	30	0.634	0.768	777.542	3.864	0	164	24	0.393	0.792	768.334	4.115	0
1915	96	206	46	0.634	0.768	777.542	3.875	0	170	17	0.393	0.792	768.334	4.192	0
1935	97	214	46	0.633	0.767	776.369	3.868	0	170	29	0.393	0.792	765.306	4.150	0
1954	98	189	42	0.633	0.767	776.369	3.934	0	179	23	0.393	0.791	765.306	4.178	0
1974	99	188	31	0.633	0.766	776.369	3.886	0	176	29	0.392	0.791	765.306	4.116	0
1994	100	213	43	0.633	0.766	776.369	3.938	0	174	35	0.392	0.790	765.306	4.189	0
2014	101	201	40	0.633	0.766	776.369	3.913	0	184	18	0.392	0.790	765.306	4.170	0
2034	102	208	37	0.632	0.766	776.773	3.903	0	181	15	0.392	0.790	767.633	4.169	0
2054	103	215	33	0.632	0.766	776.773	3.971	0	219	33	0.392	0.790	767.633	4.208	0
2074	104	224	34	0.633	0.767	776.773	3.985	0	203	-25	0.392	0.791	767.633	4.236	0
2094	105	230	46	0.633	0.767	776.773	3.930	0	204	26	0.392	0.791	767.633	4.206	0
2114	106	199	21	0.633	0.768	776.773	3.937	0	227	15	0.393	0.792	767.633	4.195	0
2134	107	205	23	0.633	0.768	777.230	3.947	0	226	-2	0.393	0.792	768.089	4.203	0
2154	108	224	43	0.633	0.768	777.230	4.002	0	209	20	0.393	0.792	768.089	4.248	0
2174	109	225	32	0.634	0.767	777.230	4.019	0	204	12	0.393	0.792	768.089	4.174	0
2194	110	233	65	0.634	0.767	777.230	3.966	0	203	26	0.393	0.791	768.089	4.257	0
2214	111	237	34	0.634	0.767	777.230	4.002	0	210	26	0.393	0.790	768.089	4.220	0
2234	112	242	49	0.634	0.767	776.410	3.993	0	210	32	0.393	0.790	765.759	4.188	0
2254	113	99	32	0.635	0.766	776.410	3.953	0	80	9	0.394	0.789	765.759	4.245	0
2274	114	77	40	0.635	0.767	776.410	4.022	0	60	14	0.394	0.789	765.759	4.235	0
2293	115	73	44	0.635	0.767	776.410	4.011	0	41	22	0.394	0.789	765.759	4.247	0
2313	116	75	49	0.635	0.767	776.410	4.024	0	53	-13	0.395	0.790	765.759	4.201	0
2333	117	65	48	0.635	0.768	777.813	4.028	0	50	0	0.395	0.790	763.042	4.180	0
2353	118	63	42	0.636	0.768	777.813	4.008	0	60	23	0.395	0.790	763.042	4.229	0
2373	119	88	43	0.636	0.768	777.813	4.002	0	64	14	0.396	0.791	763.042	4.209	0
2393	120	96	42	0.636	0.768	777.813	3.996	0	69	26	0.396	0.791	763.042	4.161	0
2413	121	103	41	0.636	0.768	777.813	4.025	0	70	36	0.396	0.791	763.042	4.226	0
2433	122	108	45	0.636	0.768	775.970	4.012	0	68	37	0.396	0.791	762.368	4.200	0
2453	123	80	44	0.636	0.767	775.970	4.030	0	70	5	0.395	0.791	762.368	4.213	0
2473	124	104	41	0.635	0.767	775.970	3.981	0	79	-4	0.395	0.790	762.368	4.219	0
2493	125	78	29	0.635	0.767	775.970	4.016	0	60	30	0.395	0.789	762.368	4.236	0
2513	126	82	39	0.635	0.766	775.970	4.005	0	78	3	0.394	0.789	762.368	4.259	0
2533	127	82	34	0.635	0.767	776.157	3.989	0	73	7	0.394	0.789	761.844	4.267	0
2553	128	73	33	0.634	0.767	776.157	4.055	0	67	21	0.394	0.789	761.844	4.272	0
2573	129	150	28	0.634	0.767	776.157	4.026	0	132	22	0.393	0.790	761.844	4.296	0
2593	130	219	33	0.633	0.768	776.157	4.021	0	224	59	0.393	0.790	761.844	4.283	0
2612	131	224	40	0.633	0.768	776.157	4.082	0	218	29	0.393	0.791	761.844	4.320	0
2632	132	225	31	0.633	0.768	777.797	4.077	0	216	12	0.393	0.791	770.744	4.373	0
2652	133	206	39	0.633	0.768	777.797	4.081	0	202	7	0.393	0.792	770.744	4.341	0
2672	134	193	26	0.633	0.768	777.797	4.087	0	200	1	0.393	0.792	770.744	4.338	0
2692	135	201	24	0.633	0.768	777.797	4.107	0	212	-14	0.392	0.792	770.744	4.310	0
2712	136	212	45	0.633	0.767	777.797	4.047	0	209	43	0.392	0.791	770.744	4.328	0
2732	137	209	41	0.632	0.767	777.102	4.048	0	211	48	0.392	0.791	767.344	4.300	0
2752	138	201	28	0.632	0.767	777.102	4.044	0	211	23	0.391	0.791	767.344	4.267	0
2772	139	176	24	0.632	0.767	777.102	4.053	0	171	-7	0.391	0.791	767.344	4.330	0
2792	140	139	32	0.632	0.767	777.102	4.092	0	134	-55	0.391	0.791	767.344	4.322	0
2812	141	145	18	0.632	0.768	777.102	4.035	0	119	-4	0.391	0.791	767.344	4.286	0
2832	142	151	12	0.632	0.768	779.349	4.060	0	114	-5	0.391	0.792	763.512	4.296	0
2852	143	165	14	0.632	0.768	779.349	4.065	0	156	14	0.391	0.792	763.512	4.233	0
2872	144	153	18	0.632	0.769	779.349	4.079	0	137	-4	0.392	0.793	763.512	4.300	0
2892	145	138	10	0.632	0.769	779.349	4.108	0	130	-4	0.392	0.793	763.512	4.261	0
2911	146	141	13	0.632	0.768	779.349	4.099	0	139	14	0.392	0.793	763.512	4.266	0
2931	147	141	17	0.632	0.768	778.410	4.085	0	131	0	0.392	0.793	765.777	4.283	0
2951	148	152	10	0.632	0.768	778.410	4.051	0	140	19	0.391	0.792	765.777	4.288	0
2971	149	141	16	0.632	0.768	778.410	4.093	0	126	1	0.391	0.792	765.777	4.262	0
2991	150	160	33	0.631	0.767	778.410	4.065	0	135	-16	0.391	0.792	765.777	4.284	0
3011	151	154	18	0.631	0.768	778.410	4.094	0	142	-21	0.390	0.792	765.777	4.301	0
3031	152	152	24	0.631	0.768	778.246	4.084	0	136	-32	0.390	0.792	767.383	4.304	0
3051	153	143	24	0.631	0.769	778.246	4.114	0	128	7	0.390	0.792	767.383	4.342	0
3071	154	157	30	0.631	0.769	778.246	4.114	0	139	-16	0.390	0.793	767.383	4.343	0
3091	155	169	18	0.631	0.770	778.246	4.130	0	138	-2	0.390	0.793	767.383	4.284	0
3111	156	179	25	0.631	0.770	778.246	4.121	0	157	-13	0.390	0.794	767.383	4.292	0
3131	157	188	31	0.630	0.770	776.030	4.114	0	157	-14	0.390	0.794	769.317	4.310	0
3151	158	269	39	0.630	0.769	776.030	4.123	0	268	-15	0.390	0.794	769.317	4.397	0
3171	159	276	34	0.630	0.769	776.030	4.196	0	267	-26	0.389	0.794	769.317	4.415	0
3191	160	288	21	0.630	0.769	776.030	4.183	0	259	-1	0.389	0.793	769.317	4.369	0
3211	161	266	39	0.630	0.768	776.030	4.193	0	270	-15	0.389	0.793	769.317	4.406	0
3231	162	275	42	0.629	0.768	773.485	4.173	0	269	-7	0.388	0.792	766.758	4.390	0
3250	163	272	41	0.629	0.768	773.485	4.183	0	256	-1	0.388	0.792	766.758	4.361	0
3270	164	274	58	0.629	0.768	773.485	4.186	0	268	3	0.388	0.792	766.758	4.333	0
3290	165	290	44	0.628	0.769	773.485	4.181	0	264	-18	0.387	0.793	766.758	4.377	0
3310	166	274	45	0.628	0.769	773.485	4.209	0	256	3	0.387	0.793	766.758	4.393	0
3330	167	278	46	0.628	0.769	773.805	4.214	0	258	1	0.387	0.794	766.408	4.391	0
3350	168	280	45	0.628	0.769	773.805	4.176	0	259	-4	0.387	0.794	766.408	4.394	0
3370	169	274	35	0.628	0.769	773.805	4.245	0	268	7	0.387	0.794	766.408	4.382	0
3390	170	330	38	0.628	0.769	773.805	4.227	0	309	-8	0.387	0.794	766.408	4.444	0
3410	171	361	42	0.627	0.769	773.805	4.205	0	369	-7	0.386	0.794	766.408	4.381	0
3430	172	375	40	0.627	0.769	774.698	4.242	0	388	-23	0.386	0.794	771.330	4.429	0
3450	173	366	23	0.627	0.768	774.698	4.217	0	359	-36	0.386	0.794	771.330	4.451	0
3470	174	366	37	0.626	0.768	774.698	4.231	0	384	10	0.386	0.793	771.330	4.402	0
3490	175	373	32	0.626	0.768	774.698	4.226	0	356	-10	0.385	0.793	771.330	4.466	0
3510	176	351	28	0.626	0.768	774.698	4.196	0	367	-13	0.385	0.793	771.330	4.386	0
3530	177	351	32	0.626	0.769	775.640	4.205	0	371	-13	0.385	0.793	770.314	4.396	0
3549	178	367	23	0.626	0.769	775.640	4.273	0	380	5	0.385	0.793	770.314	4.431	0
3569	179	393	1	0.626	0.770	775.640	4.270	0	378	-22	0.384	0.794	770.314	4.492	0
3589	180	449	17	0.625	0.770	775.640	4.257	0	446	-3	0.384	0.794	770.314	4.455	0
3609	181	464	15	0.625	0.769	775.640	4.248	0	475	14	0.384	0.794	770.314	4.448	0
3629	182	477	9	0.625	0.769	776.732	4.247	0	497	6	0.384	0.795	770.390	4.471	0
3649	183	452	33	0.625	0.769	776.732	4.212	0	476	-3	0.384	0.794	770.390	4.470	0
3669	184	448	9	0.625	0.768	776.732	4.289	0	469	19	0.384	0.794	770.390	4.481	0
3689	185	458	33	0.625	0.768	776.732	4.246	0	474	10	0.384	0.794	770.390	4.408	0
3709	186	456	25	0.625	0.768	776.732	4.249	0	476	32	0.384	0.793	770.390	4.440	0
3729	187	454	16	0.625	0.768	777.354	4.255	0	475	27	0.384	0.793	772.401	4.436	0
3749	188	450	6	0.625	0.769	777.354	4.236	0	457	-1	0.384	0.793	772.401	4.512	0
3769	189	454	31	0.624	0.769	777.354	4.268	0	466	-27	0.383	0.794	772.401	4.491	0
3789	190	441	25	0.624	0.770	777.354	4.242	0	471	20	0.383	0.794	772.401	4.532	0
3809	191	525	8	0.624	0.770	777.354	4.267	0	539	6	0.383	0.795	772.401	4.584	0
3829	192	529	19	0.623	0.770	777.001	4.256	0	548	2	0.382	0.795	773.490	4.595	0
3849	193	613	14	0.623	0.770	777.001	4.228	0	636	-8	0.382	0.795	773.490	4.528	0
3868	194	613	8	0.623	0.770	777.001	4.215	0	631	18	0.382	0.795	773.490	4.515	0
3888	195	610	0	0.623	0.770	777.001	4.243	0	619	18	0.382	0.795	773.490	4.529	0
3908	196	603	28	0.623	0.769	777.001	4.250	0	612	-1	0.382	0.795	773.490	4.521	0
3928	197	600	20	0.622	0.769	778.575	4.265	0	611	14	0.381	0.794	772.692	4.513	0
3948	198	612	-19	0.622	0.769	778.575	4.249	0	613	-5	0.381	0.794	772.692	4.580	0
3968	199	608	5	0.621	0.769	778.575	4.239	0	614	11	0.381	0.794	772.692	4.521	0
3988	200	609	3	0.621	0.769	778.575	4.242	0	602	27	0.380	0.794	772.692	4.521	0
4008	201	664	-1	0.620	0.770	778.575	4.224	0	658	5	0.379	0.795	772.692	4.549	0
4028	202	666	5	0.620	0.770	775.936	4.206	0	661	15	0.379	0.795	773.561	4.521	0
4048	203	693	25	0.620	0.770	775.936	4.199	0	707	15	0.379	0.796	773.561	4.494	0
4068	204	690	-11	0.621	0.770	775.936	4.239	0	712	24	0.380	0.796	773.561	4.521	0
4088	205	493	55	0.624	0.771	775.936	4.262	0	562	22	0.382	0.797	773.561	4.645	0
4108	206	174	114	0.627	0.772	775.936	4.186	0	253	100	0.386	0.797	773.561	4.496	0
4128	207	74	117	0.628	0.773	774.631	4.203	0	176	124	0.387	0.798	766.842	4.502	0
4148	208	52	165	0.628	0.772	774.631	4.210	0	39	176	0.387	0.797	766.842	4.426	0
4168	209	51	209	0.629	0.772	774.631	4.187	0	58	193	0.388	0.797	766.842	4.386	0
4187	210	79	206	0.628	0.772	774.631	4.152	0	71	180	0.387	0.797	766.842	4.394	0
4207	211	98	201	0.628	0.772	774.631	4.167	0	97	161	0.387	0.796	766.842	4.351	0
4227	212	82	194	0.629	0.773	774.675	4.149	0	93	163	0.388	0.797	766.209	4.339	0
4247	213	79	190	0.629	0.773	774.675	4.146	0	84	175	0.388	0.797	766.209	4.419	0
4267	214	75	176	0.629	0.773	774.675	4.116	0	69	171	0.388	0.797	766.209	4.439	0
4287	215	83	167	0.630	0.774	774.675	4.162	0	90	173	0.388	0.798	766.209	4.388	0
4307	216	56	167	0.630	0.774	774.675	4.212	0	75	193	0.389	0.798	766.209	4.393	0
4327	217	28	168	0.631	0.774	773.875	4.210	0	43	195	0.389	0.798	763.952	4.385	0
4347	218	60	182	0.631	0.774	773.875	4.155	0	76	184	0.389	0.799	763.952	4.427	0
4367	219	73	181	0.631	0.774	773.875	4.155	0	81	187	0.390	0.799	763.952	4.401	0
4387	220	59	176	0.631	0.774	773.875	4.213	0	82	174	0.390	0.799	763.952	4.397	0
4407	221	78	156	0.631	0.773	773.875	4.188	0	78	188	0.390	0.798	763.952	4.396	0
4427	222	78	156	0.631	0.773	772.530	4.198	0	76	177	0.390	0.798	766.563	4.411	0
4447	223	70	160	0.631	0.773	772.530	4.204	0	71	155	0.389	0.797	766.563	4.419	0
4467	224	73	167	0.631	0.773	772.530	4.173	0	77	174	0.389	0.797	766.563	4.458	0
4486	225	192	170	0.630	0.774	772.530	4.218	0	198	189	0.388	0.798	766.563	4.401	0
4506	226	220	187	0.630	0.775	772.530	4.171	0	221	184	0.389	0.798	766.563	4.434	0
4526	227	243	183	0.630	0.775	775.458	4.202	0	250	178	0.389	0.798	769.989	4.460	0
4546	228	213	181	0.631	0.776	775.458	4.142	0	219	165	0.389	0.799	769.989	4.426	0
4566	229	193	179	0.631	0.776	775.458	4.207	0	209	159	0.389	0.799	769.989	4.412	0
4586	230	202	167	0.631	0.776	775.458	4.143	0	193	178	0.389	0.799	769.989	4.394	0
4606	231	208	174	0.631	0.776	775.458	4.186	0	200	164	0.390	0.800	769.989	4.383	0
4626	232	205	173	0.631	0.775	774.108	4.150	0	200	170	0.390	0.799	768.738	4.365	0
4646	233	212	189	0.631	0.775	774.108	4.121	0	186	181	0.389	0.799	768.738	4.360	0
4666	234	192	165	0.631	0.774	774.108	4.127	0	204	170	0.389	0.798	768.738	4.318	0
4686	235	195	162	0.631	0.774	774.108	4.143	0	213	180	0.389	0.798	768.738	4.357	0
4706	236	216	178	0.631	0.774	774.108	4.072	0	210	169	0.389	0.798	768.738	4.359	0
4726	237	205	161	0.631	0.775	775.094	4.080	0	219	166	0.389	0.798	771.914	4.366	0
4746	238	197	161	0.631	0.775	775.094	4.088	0	196	159	0.389	0.798	771.914	4.315	0
4766	239	194	183	0.630	0.775	775.094	4.100	0	210	153	0.388	0.799	771.914	4.400	0
4786	240	196	173	0.630	0.776	775.094	4.067	0	208	155	0.389	0.799	771.914	4.369	0
4806	241	188	164	0.630	0.776	775.094	4.103	0	211	155	0.389	0.800	771.914	4.347	0
4825	242	187	171	0.631	0.776	775.890	4.096	0	211	163	0.389	0.800	768.199	4.363	0
4846	243	197	184	0.631	0.776	775.890	4.055	0	208	172	0.389	0.800	768.199	4.376	0
4865	244	202	173	0.630	0.775	775.890	4.107	0	206	156	0.389	0.800	768.199	4.386	0
4885	245	189	185	0.630	0.775	775.890	4.036	0	192	178	0.389	0.799	768.199	4.327	0
4905	246	192	107	0.630	0.774	775.890	4.112	0	218	118	0.389	0.798	768.199	4.353	0
4925	247	187	105	0.631	0.773	773.290	4.077	0	218	116	0.389	0.797	766.506	4.332	0
4945	248	200	79	0.631	0.773	773.290	4.091	0	179	22	0.389	0.797	766.506	4.425	0
4965	249	185	83	0.630	0.773	773.290	4.077	0	185	41	0.388	0.798	766.506	4.387	0
4985	250	161	69	0.630	0.774	773.290	4.069	0	195	66	0.388	0.798	766.506	4.352	0
5005	251	175	57	0.629	0.774	773.290	4.112	0	185	59	0.388	0.798	766.506	4.413	0
5025	252	164	55	0.630	0.774	773.117	4.104	0	189	53	0.388	0.799	766.513	4.385	0
5045	253	168	85	0.630	0.775	773.117	4.100	0	185	73	0.389	0.799	766.513	4.313	0
5065	254	192	90	0.630	0.775	773.117	4.052	0	178	36	0.388	0.800	766.513	4.330	0
5085	255	184	76	0.630	0.775	773.117	4.104	0	173	68	0.388	0.800	766.513	4.390	0
5105	256	176	72	0.629	0.775	773.117	4.067	0	190	64	0.388	0.800	766.513	4.358	0
5125	257	181	73	0.629	0.774	771.897	4.083	0	176	55	0.388	0.800	765.454	4.381	0
5145	258	207	88	0.629	0.774	771.897	4.098	0	181	62	0.387	0.799	765.454	4.405	0
5164	259	193	74	0.629	0.773	771.897	4.082	0	180	35	0.387	0.798	765.454	4.378	0
5184	260	199	111	0.629	0.774	771.897	4.041	0	194	60	0.387	0.799	765.454	4.362	0
5204	261	216	300	0.628	0.777	771.897	4.127	0	234	331	0.387	0.801	765.454	4.409	0
5224	262	202	308	0.628	0.778	777.075	4.139	0	236	332	0.386	0.802	772.206	4.433	0
5244	263	232	444	0.628	0.778	777.075	4.169	0	241	484	0.386	0.802	772.206	4.471	0
5264	264	242	458	0.628	0.778	777.075	4.146	0	231	475	0.386	0.803	772.206	4.491	0
5284	265	232	463	0.628	0.779	777.075	4.166	0	224	460	0.386	0.803	772.206	4.413	0
5304	266	222	438	0.628	0.779	777.075	4.201	0	221	441	0.386	0.804	772.206	4.466	0
5324	267	214	443	0.629	0.779	777.558	4.200	0	218	428	0.387	0.805	772.949	4.460	0
5344	268	219	428	0.629	0.780	777.558	4.179	0	226	458	0.387	0.805	772.949	4.477	0
5364	269	304	603	0.627	0.781	777.558	4.157	0	298	586	0.386	0.807	772.949	4.490	0
5384	270	355	633	0.628	0.781	777.558	4.173	0	347	661	0.386	0.807	772.949	4.589	0
5404	271	352	626	0.628	0.781	777.558	4.208	0	343	643	0.386	0.806	772.949	4.519	0
5424	272	348	619	0.628	0.781	777.393	4.203	0	336	622	0.386	0.806	774.865	4.565	0
5444	273	343	618	0.628	0.781	777.393	4.200	0	323	617	0.386	0.806	774.865	4.516	0
5464	274	360	630	0.628	0.782	777.393	4.184	0	326	624	0.386	0.806	774.865	4.517	0
5483	275	341	602	0.629	0.782	777.393	4.143	0	336	630	0.386	0.806	774.865	4.533	0
5503	276	348	611	0.629	0.782	777.393	4.197	0	325	628	0.387	0.807	774.865	4.526	0
5523	277	353	611	0.629	0.783	775.947	4.172	0	327	625	0.387	0.807	776.539	4.541	0
5543	278	339	606	0.630	0.783	775.947	4.159	0	326	611	0.387	0.808	776.539	4.498	0
5563	279	357	619	0.630	0.783	775.947	4.185	0	320	624	0.387	0.808	776.539	4.547	0
5583	280	343	612	0.630	0.783	775.947	4.226	0	323	628	0.387	0.809	776.539	4.514	0
5603	281	365	624	0.630	0.783	775.947	4.220	0	311	611	0.387	0.809	776.539	4.463	0
5623	282	368	621	0.630	0.783	776.941	4.219	0	308	619	0.387	0.808	775.906	4.473	0
5643	283	367	628	0.630	0.783	776.941	4.187	0	320	607	0.387	0.808	775.906	4.471	0
5663	284	347	637	0.629	0.783	776.941	4.159	0	315	631	0.387	0.808	775.906	4.447	0
5683	285	314	647	0.629	0.783	776.941	4.131	0	293	657	0.387	0.807	775.906	4.467	0
5703	286	306	647	0.629	0.783	776.941	4.121	0	286	642	0.387	0.807	775.906	4.457	0
5723	287	298	645	0.630	0.783	778.401	4.119	0	278	658	0.388	0.807	772.964	4.432	0
5743	288	294	584	0.631	0.784	778.401	4.081	0	286	619	0.388	0.808	772.964	4.367	0
5763	289	311	625	0.631	0.784	778.401	4.119	0	292	640	0.389	0.808	772.964	4.419	0
5783	290	313	644	0.632	0.784	778.401	4.077	0	288	643	0.389	0.809	772.964	4.425	0
5802	291	305	612	0.632	0.785	778.401	4.055	0	288	631	0.389	0.809	772.964	4.409	0
5822	292	305	615	0.632	0.785	777.376	4.056	0	289	643	0.389	0.809	772.918	4.407	0
5842	293	315	629	0.632	0.785	777.376	4.054	0	277	649	0.390	0.809	772.918	4.412	0
5862	294	322	642	0.631	0.784	777.376	4.062	0	282	645	0.389	0.809	772.918	4.407	0
5882	295	318	648	0.631	0.784	777.376	4.017	0	288	628	0.389	0.809	772.918	4.383	0
5902	296	308	624	0.631	0.784	777.376	4.050	0	293	638	0.388	0.808	772.918	4.322	0
5922	297	302	633	0.631	0.784	776.329	4.037	0	299	630	0.389	0.808	772.827	4.306	0
5942	298	329	636	0.632	0.784	776.329	3.999	0	278	649	0.389	0.807	772.827	4.318	0
5962	299	310	629	0.631	0.784	776.329	3.999	0	266	645	0.388	0.808	772.827	4.331	0
5982	300	302	644	0.632	0.784	776.329	4.013	0	286	656	0.389	0.808	772.827	4.397	0
6002	301	323	615	0.632	0.785	776.329	3.998	0	291	657	0.389	0.808	772.827	4.386	0
6022	302	284	619	0.632	0.785	773.364	3.986	0	261	657	0.389	0.809	772.416	4.374	0
6042	303	402	648	0.632	0.786	773.364	4.011	0	372	649	0.389	0.809	772.416	4.385	0
6062	304	446	636	0.632	0.786	773.364	4.027	0	428	646	0.389	0.810	772.416	4.331	0
6082	305	443	615	0.632	0.786	773.364	4.016	0	434	649	0.389	0.810	772.416	4.351	0
6102	306	439	644	0.632	0.785	773.364	3.967	0	403	648	0.389	0.810	772.416	4.412	0
6121	307	442	628	0.632	0.785	777.088	3.987	0	403	645	0.389	0.809	772.840	4.394	0
6141	308	438	650	0.632	0.784	777.088	4.018	0	407	649	0.389	0.809	772.840	4.313	0
6161	309	413	636	0.631	0.784	777.088	3.966	0	395	654	0.388	0.808	772.840	4.301	0
6181	310	424	617	0.631	0.784	777.088	4.061	0	397	661	0.388	0.808	772.840	4.383	0
6201	311	419	641	0.631	0.785	777.088	4.011	0	394	658	0.388	0.808	772.840	4.370	0
6221	312	425	637	0.632	0.785	776.096	4.003	0	394	661	0.389	0.809	773.889	4.362	0
6241	313	434	648	0.632	0.785	776.096	4.047	0	388	640	0.389	0.809	773.889	4.367	0
6261	314	425	600	0.632	0.786	776.096	4.006	0	416	657	0.389	0.809	773.889	4.335	0
6281	315	431	641	0.632	0.786	776.096	3.986	0	427	650	0.389	0.810	773.889	4.326	0
6301	316	421	607	0.632	0.787	776.096	3.950	0	404	645	0.389	0.811	773.889	4.374	0
6321	317	421	622	0.632	0.787	776.447	3.927	0	411	653	0.390	0.811	773.282	4.353	0
6341	318	415	635	0.632	0.786	776.447	4.044	0	394	645	0.390	0.811	773.282	4.317	0
6361	319	425	618	0.632	0.786	776.447	4.001	0	387	647	0.389	0.810	773.282	4.362	0
6381	320	441	646	0.631	0.785	776.447	4.017	0	406	652	0.389	0.810	773.282	4.351	0
6401	321	423	623	0.631	0.785	776.447	4.058	0	400	639	0.388	0.809	773.282	4.389	0
6421	322	428	635	0.632	0.785	776.245	4.041	0	410	642	0.389	0.809	772.723	4.391	0
6440	323	432	620	0.632	0.785	776.245	4.032	0	409	657	0.389	0.809	772.723	4.429	0
6460	324	432	630	0.631	0.785	776.245	4.052	0	416	638	0.388	0.809	772.723	4.399	0
6480	325	419	611	0.631	0.786	776.245	4.075	0	417	656	0.389	0.809	772.723	4.451	0
6500	326	441	614	0.631	0.786	776.245	4.091	0	421	656	0.388	0.810	772.723	4.514	0
6520	327	430	616	0.629	0.787	775.156	4.102	0	415	646	0.386	0.810	777.221	4.545	0
6540	328	878	647	0.626	0.787	775.156	4.206	0	881	644	0.384	0.811	777.221	4.543	0
6560	329	943	628	0.626	0.787	775.156	4.128	0	949	668	0.384	0.812	777.221	4.579	0
6580	330	909	639	0.626	0.787	775.156	4.201	0	932	639	0.383	0.812	777.221	4.556	0
6600	331	900	668	0.626	0.787	775.156	4.220	0	904	638	0.383	0.812	777.221	4.582	0
6620	332	926	661	0.625	0.786	776.627	4.208	0	930	643	0.383	0.811	771.987	4.545	0
6640	333	905	632	0.625	0.786	776.627	4.203	0	903	639	0.382	0.811	771.987	4.545	0
6660	334	901	644	0.624	0.785	776.627	4.193	0	892	661	0.382	0.810	771.987	4.563	0
6680	335	908	647	0.624	0.785	776.627	4.200	0	908	644	0.381	0.810	771.987	4.561	0
6700	336	904	635	0.624	0.786	776.627	4.215	0	892	643	0.381	0.810	771.987	4.552	0
6720	337	904	642	0.624	0.786	775.982	4.210	0	899	653	0.381	0.810	769.286	4.545	0
6740	338	954	648	0.623	0.787	775.982	4.240	0	909	667	0.380	0.811	769.286	4.588	0
6759	339	1017	631	0.623	0.787	775.982	4.215	0	1012	684	0.380	0.811	769.286	4.593	0
6779	340	1058	638	0.623	0.787	775.982	4.188	0	1058	680	0.380	0.812	769.286	4.506	0
6799	341	1059	630	0.623	0.787	775.982	4.170	0	1053	675	0.380	0.812	769.286	4.573	0
6819	342	1060	636	0.622	0.787	773.383	4.149	0	1049	681	0.380	0.812	770.754	4.562	0
6839	343	1041	633	0.622	0.787	773.383	4.186	0	1044	657	0.379	0.812	770.754	4.602	0
6859	344	1051	630	0.623	0.786	773.383	4.185	0	1049	656	0.380	0.812	770.754	4.592	0
6879	345	-1280	-1024	0.379	0.811	-1.000	-1.000	4	1027	661	0.379	0.811	770.754	4.589	0
6899	346	1035	656	0.622	0.786	773.383	4.241	0	1056	662	0.379	0.810	770.754	4.603	0
6919	347	1032	662	0.622	0.786	768.760	4.216	0	1083	664	0.379	0.810	770.107	4.593	0
6939	348	1050	636	0.621	0.786	768.760	4.130	0	1055	651	0.379	0.810	770.107	4.570	0
6959	349	1027	651	0.621	0.786	768.760	4.221	0	1063	659	0.379	0.810	770.107	4.556	0
6979	350	1047	650	0.621	0.786	768.760	4.180	0	1048	678	0.378	0.810	770.107	4.578	0
6999	351	1064	635	0.621	0.786	768.760	4.151	0	1040	652	0.378	0.811	770.107	4.539	0
7019	352	1061	639	0.621	0.786	771.096	4.201	0	1042	660	0.378	0.811	771.418	4.549	0
7039	353	1034	643	0.621	0.786	771.096	4.142	0	1043	684	0.378	0.811	771.418	4.499	0
7058	354	1049	644	0.621	0.785	771.096	4.087	0	1047	679	0.378	0.811	771.418	4.476	0
7078	355	1049	652	0.621	0.785	771.096	4.103	0	1061	662	0.378	0.811	771.418	4.502	0
7098	356	1047	665	0.620	0.785	771.096	4.131	0	1050	662	0.378	0.811	771.418	4.458	0
7118	357	1047	667	0.620	0.784	772.469	4.114	0	1060	661	0.378	0.811	772.310	4.466	0
7138	358	1087	645	0.620	0.784	772.469	4.073	0	1088	655	0.377	0.811	772.310	4.484	0
7158	359	1092	625	0.620	0.785	772.469	4.049	0	1106	645	0.377	0.811	772.310	4.510	0
7178	360	1077	659	0.620	0.785	772.469	4.118	0	1106	637	0.377	0.811	772.310	4.461	0
7198	361	1090	638	0.620	0.786	772.469	4.006	0	1078	658	0.377	0.811	772.310	4.432	0
7218	362	1088	636	0.621	0.786	772.561	4.014	0	1085	653	0.378	0.811	770.176	4.417	0
7238	363	1086	642	0.621	0.786	772.561	4.055	0	1098	643	0.378	0.812	770.176	4.440	0
7258	364	1088	635	0.621	0.787	772.561	4.001	0	1068	657	0.378	0.812	770.176	4.412	0
7278	365	1092	643	0.621	0.786	772.561	4.039	0	1073	658	0.378	0.812	770.176	4.414	0
7298	366	1089	637	0.621	0.786	772.561	3.958	0	1062	662	0.378	0.812	770.176	4.435	0
7318	367	1088	643	0.621	0.785	771.044	3.950	0	1061	662	0.378	0.811	770.958	4.426	0
7338	368	1094	656	0.620	0.785	771.044	4.076	0	1073	665	0.378	0.810	770.958	4.401	0
7358	369	1096	639	0.621	0.784	771.044	4.020	0	1074	645	0.378	0.810	770.958	4.439	0
7377	370	1097	616	0.620	0.784	771.044	3.989	0	1075	665	0.378	0.809	770.958	4.435	0
7397	371	1085	627	0.620	0.784	771.044	3.926	0	1069	664	0.377	0.810	770.958	4.381	0
7417	372	1081	617	0.620	0.785	769.766	3.885	0	1068	658	0.377	0.810	771.779	4.402	0
7437	373	1081	630	0.620	0.785	769.766	3.933	0	1049	654	0.377	0.811	771.779	4.421	0
7457	374	-1280	-1024	0.377	0.811	-1.000	-1.000	4	1097	639	0.377	0.811	771.779	4.405	0
7477	375	1074	657	0.620	0.786	769.766	4.025	0	1066	649	0.377	0.812	771.779	4.408	0
7497	376	1110	631	0.621	0.787	769.766	3.967	0	1109	653	0.378	0.812	771.779	4.411	0
7517	377	1110	631	0.621	0.787	769.568	3.966	0	1105	651	0.378	0.813	769.568	4.400	0
7537	378	1088	636	0.621	0.787	769.568	3.983	0	1102	654	0.378	0.813	769.568	4.406	0
7557	379	1097	640	0.621	0.786	769.568	3.973	0	1083	663	0.378	0.812	769.568	4.418	0
7577	380	1086	661	0.620	0.785	769.568	4.068	0	1064	650	0.377	0.812	769.568	4.425	0
7597	381	1087	621	0.620	0.785	769.568	4.011	0	1095	650	0.377	0.811	769.568	4.466	0
7617	382	1096	622	0.620	0.784	772.811	4.049	0	1094	648	0.378	0.810	772.551	4.496	0
7637	383	968	638	0.621	0.784	772.811	4.143	0	972	639	0.378	0.809	772.551	4.462	0
7657	384	951	640	0.621	0.784	772.811	4.074	0	951	635	0.378	0.809	772.551	4.483	0
7677	385	940	650	0.622	0.785	772.811	4.170	0	948	642	0.379	0.810	772.551	4.506	0
7697	386	959	644	0.622	0.785	772.811	4.069	0	961	630	0.379	0.810	772.551	4.499	0
7716	387	955	649	0.622	0.786	771.615	4.094	0	944	632	0.379	0.811	770.884	4.483	0
7736	388	956	652	0.623	0.786	771.615	4.190	0	962	629	0.380	0.811	770.884	4.527	0
7756	389	964	638	0.623	0.786	771.615	4.125	0	936	647	0.380	0.812	770.884	4.476	0
7776	390	966	627	0.623	0.786	771.615	4.071	0	952	648	0.380	0.812	770.884	4.493	0
7796	391	966	644	0.622	0.786	771.615	4.152	0	945	657	0.379	0.812	770.884	4.536	0
7816	392	964	630	0.621	0.786	773.985	4.115	0	938	659	0.378	0.812	772.415	4.524	0
7836	393	975	610	0.620	0.785	773.985	4.134	0	951	654	0.377	0.812	772.415	4.494	0
7856	394	979	616	0.621	0.784	773.985	4.169	0	963	655	0.378	0.811	772.415	4.544	0
7876	395	-1280	-1024	0.377	0.810	-1.000	-1.000	4	964	630	0.377	0.810	772.415	4.522	0
7896	396	950	653	0.620	0.783	773.985	4.247	0	962	650	0.377	0.809	772.415	4.564	0
7916	397	950	652	0.620	0.784	774.144	4.248	0	996	644	0.377	0.809	772.432	4.564	0
7936	398	959	638	0.620	0.784	774.144	4.202	0	962	624	0.377	0.810	772.432	4.563	0
7956	399	958	641	0.621	0.785	774.144	4.169	0	974	645	0.378	0.810	772.432	4.601	0
7976	400	973	617	0.621	0.786	774.144	4.194	0	964	631	0.378	0.811	772.432	4.620	0
7996	401	958	645	0.622	0.786	774.144	4.243	0	956	635	0.379	0.812	772.432	4.559	0
8015	402	962	637	0.622	0.787	774.680	4.239	0	958	647	0.379	0.812	768.973	4.563	0
8035	403	970	615	0.622	0.787	774.680	4.208	0	968	650	0.379	0.813	768.973	4.599	0
8055	404	968	637	0.622	0.787	774.680	4.209	0	961	665	0.379	0.812	768.973	4.611	0
8075	405	962	639	0.622	0.786	774.680	4.253	0	967	636	0.379	0.812	768.973	4.572	0
8095	406	977	620	0.621	0.785	774.680	4.159	0	966	634	0.379	0.811	768.973	4.583	0
8115	407	976	629	0.623	0.785	777.193	4.180	0	972	626	0.380	0.810	772.538	4.599	0
8135	408	551	608	0.626	0.784	777.193	4.225	0	619	607	0.382	0.809	772.538	4.674	0
8155	409	335	622	0.628	0.784	777.193	4.187	0	350	621	0.385	0.809	772.538	4.639	0
8175	410	343	605	0.628	0.785	777.193	4.156	0	325	626	0.385	0.809	772.538	4.669	0
8195	411	343	598	0.628	0.785	777.193	4.121	0	335	617	0.385	0.810	772.538	4.590	0
8215	412	343	601	0.628	0.786	776.428	4.085	0	324	615	0.385	0.810	774.818	4.597	0
8235	413	385	634	0.629	0.786	776.428	4.140	0	369	623	0.386	0.811	774.818	4.576	0
8255	414	354	609	0.629	0.786	776.428	4.131	0	349	616	0.386	0.812	774.818	4.585	0
8275	415	370	601	0.629	0.787	776.428	4.105	0	350	617	0.386	0.812	774.818	4.564	0
8295	416	379	615	0.629	0.787	776.428	4.086	0	353	618	0.386	0.812	774.818	4.588	0
8315	417	369	615	0.629	0.786	775.614	4.067	0	353	619	0.386	0.812	774.315	4.579	0
8334	418	364	590	0.629	0.785	775.614	4.094	0	354	611	0.386	0.811	774.315	4.540	0
8354	419	355	596	0.629	0.785	775.614	4.060	0	368	622	0.386	0.810	774.315	4.554	0
8374	420	370	614	0.629	0.785	775.614	4.066	0	371	622	0.386	0.810	774.315	4.555	0
8394	421	375	627	0.629	0.785	775.614	4.101	0	364	628	0.386	0.809	774.315	4.434	0
8414	422	377	637	0.629	0.785	776.390	4.090	0	367	629	0.386	0.809	774.753	4.436	0
8434	423	393	610	0.629	0.786	776.390	4.081	0	357	605	0.386	0.810	774.753	4.470	0
8454	424	338	535	0.629	0.784	776.390	4.074	0	334	535	0.386	0.809	774.753	4.465	0
8474	425	205	317	0.630	0.782	776.390	3.989	0	239	317	0.388	0.807	774.753	4.482	0
8494	426	162	157	0.630	0.782	776.390	3.993	0	175	151	0.389	0.807	774.753	4.455	0
8514	427	121	29	0.631	0.782	773.096	3.980	0	109	29	0.389	0.807	768.620	4.423	0
8534	428	187	171	0.631	0.782	773.096	3.999	0	166	203	0.389	0.807	768.620	4.461	0
8554	429	198	192	0.630	0.781	773.096	4.038	0	185	197	0.388	0.807	768.620	4.389	0
8574	430	176	176	0.629	0.781	773.096	4.063	0	182	184	0.387	0.807	768.620	4.410	0
8594	431	201	185	0.629	0.780	773.096	4.022	0	173	187	0.387	0.806	768.620	4.397	0
8614	432	194	174	0.629	0.780	774.360	4.056	0	169	187	0.387	0.806	765.503	4.389	0
8634	433	198	173	0.629	0.780	774.360	3.948	0	182	214	0.387	0.806	765.503	4.258	0
8653	434	201	180	0.628	0.780	774.360	4.001	0	182	203	0.386	0.806	765.503	4.319	0
8673	435	190	186	0.629	0.780	774.360	3.998	0	184	203	0.386	0.806	765.503	4.277	0
8693	436	177	152	0.629	0.781	774.360	3.945	0	178	217	0.387	0.806	765.503	4.283	0
8713	437	151	160	0.630	0.781	772.552	3.961	0	152	212	0.387	0.807	764.562	4.284	0
8733	438	193	172	0.630	0.781	772.552	3.934	0	174	197	0.387	0.807	764.562	4.232	0
8753	439	185	169	0.630	0.781	772.552	3.941	0	185	213	0.387	0.807	764.562	4.259	0
8773	440	169	155	0.630	0.781	772.552	3.944	0	171	208	0.388	0.806	764.562	4.240	0
8793	441	135	166	0.631	0.780	772.552	3.918	0	120	159	0.388	0.806	764.562	4.264	0
8813	442	127	166	0.631	0.780	771.042	3.913	0	113	178	0.388	0.806	757.653	4.222	0
8833	443	68	163	0.630	0.780	771.042	3.888	0	56	190	0.388	0.805	757.653	4.198	0
8853	444	86	164	0.630	0.780	771.042	3.945	0	76	195	0.387	0.805	757.653	4.185	0
8873	445	101	157	0.630	0.780	771.042	3.984	0	71	198	0.387	0.805	757.653	4.156	0
8893	446	98	161	0.630	0.780	771.042	3.945	0	65	167	0.387	0.806	757.653	4.211	0
8913	447	95	155	0.630	0.781	772.259	3.964	0	65	163	0.388	0.806	759.799	4.210	0
8933	448	99	160	0.631	0.781	772.259	3.933	0	72	205	0.388	0.806	759.799	4.162	0
8953	449	87	158	0.631	0.781	772.259	3.906	0	75	171	0.388	0.807	759.799	4.196	0
8972	450	96	160	0.631	0.781	772.259	3.922	0	63	174	0.389	0.807	759.799	4.132	0
8992	451	83	167	0.631	0.780	772.259	3.885	0	65	175	0.389	0.806	759.799	4.177	0
9012	452	86	168	0.631	0.780	771.565	3.880	0	66	182	0.389	0.806	757.425	4.166	0
9032	453	98	171	0.631	0.779	771.565	3.881	0	85	176	0.389	0.805	757.425	4.182	0
9052	454	75	176	0.631	0.779	771.565	3.883	0	79	196	0.388	0.805	757.425	4.134	0
9072	455	123	161	0.630	0.778	771.565	3.908	0	96	172	0.388	0.804	757.425	4.160	0
9092	456	214	149	0.629	0.778	771.565	3.867	0	214	174	0.386	0.804	757.425	4.104	0
9112	457	220	140	0.628	0.778	774.130	3.885	0	222	156	0.386	0.804	766.290	4.151	0
9132	458	241	136	0.628	0.778	774.130	3.864	0	225	156	0.386	0.805	766.290	4.130	0
9152	459	220	141	0.628	0.779	774.130	3.859	0	204	142	0.386	0.805	766.290	4.188	0
9172	460	233	148	0.628	0.779	774.130	3.813	0	201	146	0.386	0.806	766.290	4.198	0
9192	461	229	123	0.628	0.779	774.130	3.864	0	201	158	0.386	0.806	766.290	4.173	0
9212	462	228	123	0.628	0.779	775.316	3.856	0	198	157	0.386	0.807	764.775	4.163	0
9232	463	222	133	0.628	0.779	775.316	3.885	0	202	149	0.386	0.807	764.775	4.173	0
9252	464	229	126	0.628	0.779	775.316	3.890	0	209	169	0.386	0.806	764.775	4.114	0
9272	465	248	150	0.628	0.779	775.316	3.856	0	193	161	0.385	0.806	764.775	4.182	0
9291	466	-1280	-1024	-1.000	-1.000	-1.000	-1.000	4	-1280	-1024	-1.000	-1.000	-1.000	-1.000	4
9311	467	-1280	-1024	-1.000	-1.000	-1.000	-1.000	4	-1280	-1024	-1.000	-1.000	-1.000	-1.000	4
9331	468	-1280	-1024	-1.000	-1.000	-1.000	-1.000	4	-1280	-1024	-1.000	-1.000	-1.000	-1.000	4
9351	469	-1280	-1024	-1.000	-1.000	-1.000	-1.000	4	-1280	-1024	-1.000	-1.000	-1.000	-1.000	4
9371	470	-1280	-1024	-1.000	-1.000	-1.000	-1.000	4	-1280	-1024	-1.000	-1.000	-1.000	-1.000	4
9391	471	-1280	-1024	-1.000	-1.000	-1.000	-1.000	4	-1280	-1024	-1.000	-1.000	-1.000	-1.000	4
9411	472	-1280	-1024	-1.000	-1.000	-1.000	-1.000	4	-1280	-1024	-1.000	-1.000	-1.000	-1.000	4
9431	473	-1280	-1024	0.627	0.777	-1.000	-1.000	4	-1280	-1024	0.384	0.804	-1.000	-1.000	4
9451	474	-1280	-1024	0.384	0.804	-1.000	-1.000	4	205	51	0.384	0.804	765.441	4.167	0
9471	475	215	63	0.627	0.778	774.367	3.802	0	192	33	0.384	0.805	765.441	4.147	0
9491	476	201	64	0.627	0.777	774.367	3.806	0	211	33	0.384	0.806	765.441	4.134	0
9511	477	207	32	0.627	0.777	774.367	3.821	0	221	36	0.384	0.805	765.441	4.097	0
9531	478	199	25	0.626	0.776	773.632	3.825	0	222	30	0.384	0.804	767.309	4.088	0
9551	479	209	27	0.626	0.775	773.632	3.788	0	210	47	0.383	0.804	767.309	4.127	0
9571	480	212	24	0.626	0.775	773.632	3.785	0	200	45	0.383	0.803	767.309	4.129	0
9591	481	210	35	0.625	0.775	773.632	3.798	0	204	57	0.383	0.803	767.309	4.124	0
9611	482	213	23	0.625	0.776	773.632	3.874	0	213	58	0.383	0.803	767.309	4.116	0
9630	483	212	25	0.625	0.777	773.746	3.884	0	213	56	0.383	0.803	767.987	4.118	0
9650	484	215	35	0.626	0.777	773.746	3.787	0	219	39	0.383	0.804	767.987	4.122	0
9670	485	217	23	0.626	0.778	773.746	3.837	0	215	27	0.384	0.805	767.987	4.121	0
9690	486	214	17	0.627	0.779	773.746	3.853	0	206	58	0.384	0.805	767.987	4.136	0
9710	487	217	25	0.627	0.779	773.746	3.838	0	228	30	0.385	0.806	767.987	4.111	0
9730	488	219	33	0.627	0.779	770.883	3.829	0	225	51	0.385	0.806	764.353	4.094	0
9750	489	218	49	0.627	0.778	770.883	3.786	0	216	39	0.385	0.806	764.353	4.131	0
9770	490	209	42	0.627	0.778	770.883	3.804	0	225	41	0.385	0.805	764.353	4.087	0
9790	491	199	19	0.627	0.777	770.883	3.858	0	201	33	0.384	0.805	764.353	4.170	0
9810	492	226	43	0.626	0.777	770.883	3.895	0	219	33	0.384	0.804	764.353	4.177	0
9830	493	221	35	0.626	0.776	771.342	3.929	0	213	31	0.383	0.804	764.379	4.184	0
9850	494	216	43	0.626	0.777	771.342	3.870	0	226	32	0.383	0.804	764.379	4.170	0
9870	495	211	41	0.626	0.777	771.342	3.851	0	222	36	0.383	0.804	764.379	4.087	0
9890	496	222	39	0.626	0.777	771.342	3.828	0	205	42	0.383	0.804	764.379	4.165	0
9910	497	210	29	0.626	0.778	771.342	3.846	0	226	60	0.384	0.805	764.379	4.085	0
9930	498	209	20	0.627	0.778	773.228	3.846	0	221	69	0.384	0.805	763.461	4.105	0
9950	499	209	39	0.627	0.779	773.228	3.807	0	217	51	0.385	0.805	763.461	4.053	0
9969	500	201	26	0.627	0.778	773.228	3.781	0	206	41	0.385	0.805	763.461	4.066	0
9989	501	213	29	0.627	0.778	773.228	3.815	0	204	35	0.385	0.805	763.461	4.080	0
10009	502	208	28	0.627	0.777	773.228	3.802	0	219	65	0.385	0.805	763.461	4.007	0
10029	503	204	26	0.627	0.777	774.320	3.802	0	218	62	0.384	0.804	762.977	4.011	0
10049	504	217	17	0.626	0.776	774.320	3.814	0	224	55	0.384	0.804	762.977	4.054	0
10069	505	215	6	0.626	0.776	774.320	3.752	0	210	37	0.384	0.803	762.977	4.011	0
10089	506	212	39	0.626	0.776	774.320	3.770	0	227	64	0.383	0.804	762.977	4.044	0
10109	507	209	8	0.626	0.777	774.320	3.758	0	223	46	0.383	0.804	762.977	4.022	0
10129	508	212	25	0.626	0.777	772.753	3.758	0	225	41	0.384	0.804	764.439	4.044	0
10149	509	206	18	0.626	0.778	772.753	3.743	0	214	46	0.384	0.805	764.439	3.994	0
10169	510	222	21	0.627	0.778	772.753	3.736	0	208	13	0.385	0.805	764.439	4.027	0
10189	511	229	16	0.627	0.778	772.753	3.752	0	223	26	0.385	0.805	764.439	3.991	0
10209	512	297	12	0.627	0.778	772.753	3.724	0	295	31	0.385	0.805	764.439	4.050	0
