1	186	199	662	497
2	764	100	58	237
3	1322	140	298	218
4	1661	180	285	234
5	2060	199	281	896
6	2798	100	123	239
7	2957	100	258	954
8	3077	159	254	947
9	3276	100	255	956
10	3515	120	274	916
11	4692	100	240	892
12	6167	120	241	899
13	6307	120	251	898
14	6466	159	211	853
15	6705	139	170	833
16	7004	180	178	842
17	7284	160	188	832
18	7662	180	194	820
19	7961	199	194	845
20	8560	160	262	906
21	8938	140	202	833
22	9158	179	198	833
23	9576	199	219	907
24	10832	100	264	782
25	11052	319	293	777
26	11431	120	285	802
27	11630	120	368	792
28	11929	179	308	886
29	12866	140	276	869
30	13723	180	331	856
31	14242	100	284	795
32	14421	100	318	861
33	14880	139	929	918
34	15079	219	949	906
35	15318	100	932	884
36	15438	100	928	930
37	17013	239	967	889
38	17631	199	891	805
39	17870	319	892	804
40	18229	159	852	750
41	18409	239	881	793
42	18907	179	925	913
43	20063	120	970	901
44	20243	379	907	889
45	20901	180	1014	922
46	21240	100	991	887
47	21439	100	1058	922
48	21639	100	1126	925
49	21918	160	890	886
50	22316	179	1224	656
51	22895	279	918	961
52	23313	160	877	770
53	23931	439	1293	494
54	24470	120	695	391
55	24609	100	696	376
56	25885	179	853	768
57	26085	120	863	762
58	26224	199	909	789
59	26683	219	714	381
60	27022	140	829	438
61	27580	100	1271	434
62	27719	140	892	835
63	27939	219	900	782
64	28178	180	945	598
65	28617	279	922	615
66	28995	259	941	596
67	29374	199	1292	494
68	29614	279	912	564
69	29913	139	906	577
70	30072	100	923	561
71	30371	279	901	687
72	30710	399	952	682
73	31189	160	952	748
74	31368	179	884	776
75	31587	180	830	807
76	31787	199	931	777
77	32026	359	1023	780
78	32425	538	929	784
79	32983	578	875	776
80	33880	160	805	821
81	34060	179	892	853
82	34319	120	883	869
83	34558	319	968	847
84	34897	259	940	826
85	35854	239	956	818
86	36293	199	938	805
87	36771	100	941	802
88	36891	339	941	814
89	37389	100	949	815
90	37748	100	938	824
91	37868	160	914	824
92	38067	219	918	824
93	38904	120	893	739
94	39184	199	947	758
95	39542	140	939	761
96	39742	139	1049	787
97	39901	219	1020	761
98	40360	120	999	816
99	40759	120	845	781
100	41755	120	305	237
101	42334	100	496	190
102	42832	140	704	210
103	43231	159	649	196
104	43869	299	673	186
105	44846	100	279	218
106	45065	100	44	244
107	45185	120	40	239
108	45324	140	64	247
109	45883	159	60	221
110	46122	100	253	967
111	46421	279	229	881
112	47717	100	392	959
113	48534	159	397	747
114	48714	120	327	764
115	49212	199	386	861
116	49651	160	287	949
117	50368	100	224	905
118	50488	100	232	920
119	51126	100	40	199
120	51445	100	337	258
121	51983	179	217	850
122	52183	100	218	872
123	52322	459	264	912
124	52881	139	295	883
125	53299	179	142	942
126	53499	100	189	946
127	53718	140	335	919
128	54177	179	549	596
129	54396	299	622	503
130	54854	100	270	856
131	55293	159	292	818
132	55472	199	279	793
133	55712	140	202	784
134	56270	279	222	686
135	56569	339	233	692
136	57167	179	201	631
137	57466	100	207	645
138	57885	279	184	620
139	58583	239	179	632
140	59101	239	187	639
141	59460	140	198	639
142	59659	120	187	651
143	59958	180	191	632
144	60497	100	238	636
145	60676	199	245	632
146	60955	100	273	667
147	61673	159	184	689
148	61972	100	203	256
149	62291	100	24	213
150	63009	140	78	231
151	63647	120	936	766
152	64584	140	422	731
153	65042	179	371	719
154	65361	160	407	710
155	65680	140	352	723
156	65840	120	297	657
157	66139	179	313	605
158	66458	160	367	707
159	67036	120	221	725
160	67335	179	151	752
161	67993	179	285	793
162	68332	379	128	759
163	69429	239	269	783
164	69867	239	262	709
165	70924	179	212	710
166	72240	120	244	601
167	72738	120	232	642
168	72918	100	189	635
169	73177	120	190	620
170	73616	100	201	634
171	73735	160	188	625
172	74054	160	150	586
173	74433	179	135	632
174	74832	160	193	641
175	75031	419	183	637
176	75529	100	181	616
177	75749	100	209	583
178	75908	140	203	581
179	76068	120	200	498
180	76267	120	206	501
181	76407	180	226	493
182	76646	199	239	470
183	77045	239	256	615
184	77344	140	286	680
185	78241	139	904	693
186	78500	319	958	696
187	78839	139	952	706
188	78999	279	965	686
189	79497	100	942	568
190	79716	120	797	441
191	80255	120	869	676
192	80514	159	879	682
193	81292	139	865	517
194	81511	100	869	518
195	82009	100	877	770
196	82807	100	968	482
197	83086	100	969	477
198	83345	120	1056	510
199	83485	100	1042	517
200	83624	160	1044	514
201	84023	100	1051	518
202	84182	119	971	827
203	84322	100	951	849
204	84621	100	913	854
205	84741	180	918	862
206	84980	100	970	741
207	85119	160	1020	612
208	85478	179	1035	638
209	85777	299	1071	602
210	86296	259	953	616
211	86675	160	1016	642
212	86934	359	1021	633
213	87372	100	1033	614
214	87572	179	1038	640
215	87811	100	1045	629
216	88070	219	1043	637
217	88888	160	1028	619
218	89167	120	1029	643
219	89366	140	1029	641
220	89526	379	1017	657
221	90263	100	963	711
222	90383	159	979	727
223	90562	279	1024	621
224	91061	179	1011	640
225	91280	399	948	686
226	91759	120	954	675
227	91898	239	936	675
228	92157	159	888	720
229	92855	479	907	804
230	93374	100	932	795
231	93613	120	1041	811
232	93752	219	1031	808
233	93992	239	993	821
234	94251	179	1035	745
235	94450	140	1058	765
236	94650	199	988	643
237	94869	259	947	722
238	95447	279	1067	621
239	96145	120	1031	631
240	96284	100	1041	626
241	96863	120	72	241
242	97540	140	1010	717
243	97740	120	1021	707
244	98378	120	940	708
245	98517	518	1010	749
246	99056	219	1108	752
247	99335	259	1031	616
248	99734	160	1021	576
249	100053	120	1018	600
250	100192	100	936	569
251	100332	179	939	562
252	101010	279	992	590
253	101309	100	995	594
254	101807	399	901	657
255	102286	199	996	659
256	102884	180	946	692
257	103083	219	947	689
258	103322	140	958	683
259	103482	100	920	521
260	103601	179	904	555
261	103980	279	829	575
262	104818	100	854	515
263	104937	120	851	516
264	105077	100	907	724
265	105197	359	886	761
266	105635	319	822	653
267	106034	120	920	823
268	106173	140	907	833
269	106413	140	934	886
270	107290	160	846	794
271	107629	239	864	766
272	107888	100	907	747
273	108167	179	869	751
274	108446	299	877	733
275	109084	160	852	762
276	109463	120	926	495
277	110380	100	896	738
278	110719	140	954	739
279	110998	459	950	723
280	111517	239	888	807
281	111776	139	895	826
282	112175	199	962	718
283	112394	199	938	718
284	112673	100	267	689
285	112793	120	282	714
286	113291	199	216	750
287	113570	219	252	753
288	114009	239	190	747
289	114268	279	200	752
290	114567	120	217	738
291	114866	279	248	839
292	115225	159	234	840
293	115444	199	307	742
294	115763	279	250	675
295	116062	179	231	664
296	116262	179	293	720
297	116481	100	162	738
298	116700	100	216	730
299	116820	239	244	745
300	117558	120	919	697
301	118515	140	325	785
302	118914	139	363	815
303	119193	120	313	805
304	119392	120	380	707
305	119671	179	955	684
306	119930	179	857	710
307	120508	379	1088	522
308	120967	319	849	793
309	121306	140	907	806
310	121505	339	352	751
311	121864	279	349	816
312	122183	140	364	725
313	122702	239	873	781
314	122981	199	870	757
315	123359	279	792	745
316	123778	199	776	821
317	124297	239	816	829
318	124596	160	892	868
319	124795	100	913	857
320	125054	100	979	759
321	126589	140	1039	588
322	126789	140	1094	511
323	127985	100	110	213
324	128464	159	76	199
325	129082	140	240	466
326	129560	159	335	664
327	130059	219	372	727
328	130298	219	333	753
329	130736	219	329	790
330	130996	279	348	813
331	131534	120	253	747
332	131933	100	266	747
333	132351	159	356	760
334	132591	140	360	758
335	132770	239	245	761
336	133229	219	271	772
337	133528	100	136	774
338	133647	120	212	788
339	133867	100	227	826
340	134086	180	380	776
341	134285	140	366	778
342	134485	199	211	729
343	134744	120	207	738
344	134883	538	191	723
345	135482	140	241	744
346	135641	319	269	742
347	135980	239	214	768
348	136777	179	220	826
349	137096	219	146	818
350	137376	100	157	827
351	137615	179	205	828
352	138014	159	193	901
353	138373	100	184	877
354	138891	140	321	778
355	139589	100	320	856
356	139748	120	304	861
357	139888	160	287	851
358	140266	100	217	853
359	140705	140	245	912
360	141184	259	162	700
361	141483	379	207	735
362	141921	179	266	750
363	142180	160	149	678
364	142360	180	185	682
365	142559	120	172	687
366	142759	200	240	677
367	143018	339	144	672
368	143776	199	122	673
369	144693	100	85	717
370	145410	120	275	657
371	145670	100	285	617
372	145869	100	315	641
373	146048	120	315	636
374	146487	259	388	740
375	146886	140	353	653
376	147165	179	488	680
377	147584	160	440	667
378	147783	120	271	692
379	147923	199	264	671
380	148660	259	297	757
381	149597	120	306	768
382	149777	100	295	780
383	149896	140	288	747
384	150455	100	272	870
385	151092	219	230	831
386	151372	100	317	828
387	152967	100	241	824
388	153226	179	312	817
389	153625	279	334	840
390	154362	159	281	834
391	154980	120	341	816
392	156416	499	917	881
393	156934	199	901	890
394	157154	100	960	878
395	157273	120	963	871
396	157512	100	958	874
397	157971	140	883	800
398	158131	100	879	804
399	158509	120	850	804
400	159207	120	963	742
401	159347	160	975	726
402	159606	140	1113	654
403	160663	140	964	729
404	160902	140	973	717
405	161101	120	908	721
406	161340	100	939	712
407	161719	259	778	732
408	162018	159	873	799
409	162317	100	924	543
410	162896	159	1119	588
411	163235	140	1070	614
412	163414	140	1073	627
413	163593	259	1119	606
414	164092	159	964	733
415	164451	518	945	746
416	165049	179	953	788
417	165467	100	945	737
418	165687	179	865	768
419	165946	120	338	764
420	166365	120	392	236
421	166783	100	280	204
422	167043	140	46	203
423	167282	100	81	211
424	167441	120	301	856
425	168179	100	242	832
426	168358	179	198	789
427	168558	160	205	788
428	169774	100	301	830
429	170173	279	211	789
430	170492	179	216	802
431	170691	259	184	799
432	170970	199	212	780
433	172166	100	362	737
434	172685	120	282	734
435	172964	140	207	715
436	173522	180	196	814
437	173881	120	190	817
438	174021	139	221	796
439	174379	120	295	855
440	174918	100	903	862
441	175038	100	892	817
442	176114	199	882	704
443	176333	199	866	692
444	177011	100	313	710
445	177131	120	322	747
446	177270	120	312	730
447	179623	160	276	217
448	179862	120	507	204
449	180142	140	508	218
450	180401	140	575	195
451	180999	179	274	216
452	181218	180	294	770
453	181537	140	219	803
454	181697	180	266	836
455	182355	100	672	204
456	182534	199	667	211
457	182753	160	662	215
458	183052	239	675	206
459	183391	199	670	214
460	184049	160	582	240
461	184308	120	574	249
462	184807	219	56	210
463	185046	120	57	219
464	185784	100	52	234
465	185903	120	47	214
466	186083	100	101	216
467	186402	120	42	220
468	187080	140	299	708
469	187339	179	225	731
470	187817	239	121	252
471	188077	179	107	229
472	188376	120	273	239
473	188635	160	263	251
474	188894	179	302	253
475	189472	120	865	740
476	189771	179	878	703
477	189971	180	934	760
478	190190	160	1076	670
479	190429	120	1078	635
480	190669	179	1060	632
481	191366	279	1058	702
482	191665	100	1113	699
483	191905	239	1104	702
484	192682	498	1108	748
485	194078	160	1115	727
486	194716	120	1114	703
487	195214	140	1133	663
488	195852	140	1045	637
489	196052	100	850	751
490	196171	100	855	744
491	196291	160	846	765
492	197268	160	983	730
493	197487	140	985	676
494	197647	199	976	696
495	197946	120	1039	651
496	198245	180	852	763
497	198643	180	923	758
498	199102	259	1067	613
499	199381	498	1051	638
500	199939	100	960	702
501	200059	160	968	693
502	200238	180	985	703
503	200797	160	957	712
504	201275	279	951	689
505	201634	100	982	596
506	202432	219	1092	525
507	202731	100	890	482
508	203648	160	952	783
509	204066	140	983	791
510	204246	100	959	755
511	206439	100	268	241
512	206818	179	37	211
513	207017	100	55	248
514	207416	100	113	227
515	207615	179	121	244
516	207835	160	342	814
517	208253	239	304	883
518	208513	279	385	816
519	208911	179	976	918
520	210108	100	977	890
521	210327	100	963	886
522	210566	179	979	877
523	211244	100	978	791
524	214633	140	982	777
525	215112	100	1122	876
526	215989	100	919	793
527	218202	159	1114	940
528	218481	100	1064	859
529	218701	359	1050	849
530	219139	140	1062	828
531	220415	100	1050	833
532	220694	100	1052	833
533	221432	140	934	846
534	221671	179	979	875
535	222429	100	1070	861
536	222768	100	1057	844
537	223964	100	1100	869
538	224522	120	1076	892
539	227094	100	1083	705
540	227413	219	974	743
541	228291	140	1016	748
542	228609	120	1030	699
543	228809	120	987	717
544	229407	120	968	730
545	229547	140	980	749
546	229786	140	969	735
547	231042	120	911	766
548	231321	100	852	846
549	233315	179	869	762
550	234511	279	846	886
551	235667	120	1005	859
552	237541	140	821	765
553	237801	100	843	785
554	238040	100	918	768
555	238459	120	880	795
556	239116	160	251	216
557	239455	219	52	208
558	239695	100	41	212
559	239894	199	87	221
560	240492	120	889	955
561	240791	100	936	863
562	241190	120	847	821
563	241988	100	910	611
564	242187	239	982	917
565	242606	100	1017	883
566	246753	179	833	860
567	248029	199	837	861
568	249683	140	964	885
569	250541	120	847	878
570	250680	120	881	879
571	253252	199	960	808
572	254349	100	1021	816
573	254608	140	976	844
574	255366	120	938	871
575	255705	140	1036	827
576	256642	140	911	792
577	257280	160	908	876
578	258256	199	1021	778
579	258655	140	938	792
580	258954	120	1183	791
581	259253	100	1076	871
582	259373	100	1073	859
583	259991	140	1057	832
584	260230	100	1100	809
585	261287	140	976	960
586	261746	139	922	937
587	278393	100	1041	636
588	278792	120	1044	518
589	279350	219	1056	479
590	279590	279	1071	498
591	280208	120	1137	585
592	280905	100	1065	665
593	281902	160	331	703
594	282221	100	412	810
595	282341	120	418	803
596	282480	179	219	835
597	282700	120	395	815
598	282979	120	379	774
599	284375	419	141	777
600	284813	100	209	832
601	285072	279	171	826
602	285471	100	156	793
603	285611	100	197	851
604	286009	100	232	772
605	286488	100	184	766
606	288302	159	189	747
607	288661	199	339	751
608	289180	160	328	737
609	289359	120	324	742
610	290057	100	373	795
611	290276	160	371	791
612	290914	219	354	738
613	292011	120	312	709
614	292788	179	441	822
615	294503	140	384	848
616	294882	100	407	872
617	296995	140	352	843
618	299567	140	456	828
619	301481	219	332	764
620	301720	120	325	755
621	301860	139	331	776
622	302059	140	395	876
623	302617	239	291	736
624	302976	139	301	717
625	303375	239	260	739
626	304133	159	323	736
627	304511	279	318	742
628	305568	120	403	830
629	306067	120	454	831
630	306445	100	375	849
631	306764	140	437	901
632	307363	120	395	719
633	307801	219	305	632
634	308698	140	288	713
635	308858	160	327	748
636	309715	160	201	695
637	310612	319	163	680
638	312247	180	291	849
639	312925	160	260	761
640	313922	180	344	765
641	314899	120	338	752
642	315118	100	298	745
643	315318	120	293	743
644	315457	120	293	764
645	315956	119	1027	748
646	316454	120	1032	877
647	317511	199	1056	860
648	317830	259	1052	742
649	318248	239	1079	661
650	319026	139	1173	637
651	319504	120	1069	558
652	320142	140	1069	523
653	320980	199	1065	574
654	321199	100	1054	582
655	322136	239	1061	560
656	322395	120	1050	563
657	323293	100	978	511
658	326184	120	1015	839
659	327160	120	1051	779
660	327699	139	893	781
661	328117	160	845	753
662	329872	120	1025	747
663	330051	100	1036	708
664	330410	120	1075	691
665	330869	100	1009	724
666	331467	100	1012	736
667	331587	140	999	750
668	331945	100	1104	688
669	332663	100	442	714
670	332783	239	420	713
671	333042	100	391	699
672	333261	100	333	769
673	333481	140	351	778
674	333740	140	448	916
675	334159	100	314	804
676	335415	120	445	860
677	336212	100	368	865
678	337408	100	293	747
679	337588	100	391	300
680	338106	279	45	229
681	338505	120	102	235
682	338983	179	62	236
683	339582	339	271	726
684	339940	160	212	739
685	340279	199	173	675
686	340838	179	252	680
687	341117	199	328	751
688	341336	259	337	788
689	341675	100	278	739
690	342074	120	56	234
691	342333	239	103	244
692	342632	239	55	261
693	342931	140	84	268
694	343090	100	130	238
695	343629	319	98	251
696	344127	120	277	262
697	344466	279	285	249
698	344785	120	280	234
699	344965	120	274	232
700	345124	120	289	249
701	345363	120	77	250
702	345722	339	104	242
703	346659	179	248	655
704	346998	239	201	733
705	347277	140	261	743
706	347576	100	316	762
707	347696	140	293	759
708	347855	299	290	756
709	348174	180	361	754
710	348454	140	322	750
711	348613	140	293	757
712	348872	259	350	753
713	349291	997	362	766
714	350408	120	371	749
715	350607	160	430	715
716	350786	100	445	687
717	351564	100	288	638
718	351803	120	326	603
719	352680	100	134	629
720	353039	179	173	676
721	353378	100	238	639
722	353737	120	125	661
723	353936	339	171	666
724	354654	199	91	732
725	354933	120	109	750
726	355093	259	143	763
727	355432	120	115	764
728	355571	179	176	765
729	355771	100	199	760
730	356329	139	158	832
731	356488	120	167	842
732	356827	239	218	831
733	357326	140	143	868
734	357545	180	208	706
735	358163	139	90	867
736	358363	100	128	856
737	358482	120	133	843
738	358622	140	140	858
739	359320	120	128	827
740	359758	140	113	837
741	360177	120	175	892
742	360935	100	287	855
743	361114	199	171	789
744	361752	140	142	902
745	362230	100	265	925
746	363447	140	135	812
747	363845	199	188	760
748	364304	140	187	692
749	364503	239	179	703
750	364962	140	205	707
751	365121	120	176	712
752	365719	160	109	899
753	365959	120	75	868
754	366318	120	102	878
755	367195	100	217	854
756	368331	140	195	770
757	368910	100	126	821
758	369428	100	97	877
759	371840	120	188	882
760	372299	219	218	885
761	372598	100	211	826
762	372977	100	354	814
763	373475	100	281	848
764	373994	120	184	889
765	374173	180	217	886
766	374412	100	209	775
767	374651	100	222	778
768	374831	120	261	790
769	375070	100	224	790
770	375489	120	60	830
771	376167	100	273	856
772	376725	179	392	890
773	377483	179	210	797
774	377921	179	264	800
775	378121	120	322	805
776	378679	119	368	803
777	379078	279	939	901
778	379476	120	889	829
779	379676	120	900	824
780	379815	199	857	807
781	380413	100	941	770
782	380872	180	848	805
783	382168	179	921	788
784	385617	160	1079	742
785	386116	100	1038	646
786	386335	140	1057	642
787	386953	120	825	740
788	387292	120	1079	725
789	387451	139	1046	638
790	388030	140	1174	719
791	388927	100	58	233
792	389246	239	110	262
793	389525	100	106	261
794	389684	140	275	260
795	390601	120	1126	769
796	390881	140	1037	721
797	391379	219	923	819
798	391638	120	917	817
799	391818	199	927	772
800	392296	100	951	770
801	392675	100	882	715
802	393732	179	977	766
803	394170	219	499	238
804	395765	100	669	235
805	395985	159	667	221
806	396204	239	657	225
807	396463	120	645	235
808	396603	139	675	238
809	396882	160	638	236
810	397161	199	557	262
811	397400	239	264	261
812	397859	180	61	274
813	398477	100	89	245
814	399175	120	121	267
815	399693	199	487	257
816	400052	120	747	280
817	400251	140	701	266
818	400849	179	237	268
819	401168	259	283	245
820	401587	140	88	258
821	402205	219	275	252
822	403062	100	71	824
823	403641	100	182	860
824	404179	100	185	808
825	404299	120	201	806
826	405535	100	203	818
827	407269	140	306	786
828	407668	160	84	880
829	408864	100	329	882
830	409981	140	381	923
831	410479	120	47	809
832	410918	140	173	735
833	411217	100	62	917
834	411616	120	54	843
835	411835	159	361	852
836	412134	219	433	880
837	412513	140	399	751
838	412672	638	400	716
839	413390	120	427	805
840	413530	219	471	831
841	413908	140	325	709
842	414387	100	134	813
843	414606	179	184	866
844	415105	100	99	926
845	417019	120	362	843
846	417896	100	360	760
847	418135	180	193	868
848	418334	140	172	852
849	419072	100	151	821
850	420627	180	301	838
851	421106	219	936	835
852	421365	120	880	822
853	422681	140	1017	722
854	422920	239	1059	693
855	423399	279	875	879
856	423917	100	978	813
857	424037	120	971	846
858	424296	100	877	871
859	424495	100	877	885
860	424695	120	866	870
861	424934	120	913	906
862	425691	100	1065	747
863	426230	120	1041	705
864	427087	159	978	831
865	427904	140	917	779
866	428463	100	914	785
867	430975	299	924	710
868	431732	100	855	807
869	432231	119	882	769
870	432550	100	895	729
871	432669	100	883	736
872	433288	120	940	901
873	433447	199	922	886
874	433866	199	1013	872
875	434903	120	924	740
876	435042	100	887	812
877	435261	140	885	783
878	436179	120	918	761
879	436617	100	909	780
880	436936	100	891	717
881	437056	140	884	784
882	437474	120	908	778
883	437654	179	905	789
884	437913	120	902	758
885	438471	219	299	884
886	438711	120	344	892
887	438970	140	369	847
888	439309	120	419	773
889	439528	199	353	770
890	439747	339	384	862
891	440146	160	365	866
892	447204	160	879	834
893	447383	239	876	810
894	447982	180	759	800
895	448181	120	796	792
896	448400	160	790	789
897	448679	140	791	808
898	449218	100	238	844
899	450394	100	809	798
900	452348	179	641	233
901	452687	120	653	256
902	452866	100	666	231
903	452986	259	663	253
904	454461	140	256	288
905	454681	120	311	268
906	454920	100	61	280
907	455518	120	237	879
908	455717	140	262	897
909	457113	100	279	295
910	457432	199	75	279
911	457671	219	80	278
912	458449	180	244	948
913	458648	140	277	935
914	460801	100	450	830
915	461898	180	475	821
916	463114	159	846	865
917	463951	120	1003	825
918	464689	140	1074	859
919	464888	180	1076	855
920	466424	100	842	755
921	467082	219	858	773
922	467620	140	897	776
923	468098	120	854	876
924	468697	179	277	865
925	473163	100	180	926
926	475595	100	338	818
927	476193	100	212	859
928	476352	239	266	834
929	476632	199	295	938
930	480200	159	302	838
931	481835	100	310	242
932	482573	100	576	253
933	483092	100	651	262
934	483351	219	643	256
935	483590	279	653	260
936	484128	120	656	274
937	485045	379	660	273
938	485444	200	661	281
939	485823	179	669	268
940	486062	100	648	266
941	486281	120	650	291
942	486820	120	559	229
943	486979	219	568	229
944	487857	100	489	279
945	488614	120	987	260
946	488833	219	930	253
947	489272	140	498	275
948	489731	159	274	223
949	489930	120	276	228
950	490269	319	492	162
951	490728	100	298	193
952	490947	100	281	180
953	491465	140	281	216
954	491744	140	35	230
955	492043	140	69	215
956	493080	299	458	852
957	493419	100	484	838
958	493578	100	426	697
959	493718	160	432	697
960	493898	518	406	710
961	494536	160	140	770
962	494795	219	97	773
963	495293	160	85	776
964	495672	100	159	742
965	495831	120	173	762
966	496589	219	144	688
967	497068	100	219	654
968	497227	219	214	653
969	497506	279	199	702
970	497805	239	190	732
971	498663	100	409	704
972	498802	160	402	700
973	499181	259	402	717
974	499480	399	395	710
975	500058	120	385	718
976	500278	100	382	682
977	500517	120	318	811
978	500716	219	286	672
979	502152	219	226	662
980	502850	100	169	680
981	502969	219	163	687
982	503248	120	226	691
983	503507	140	125	602
984	503747	299	186	726
985	504066	159	193	722
986	504365	120	240	755
987	504724	100	190	646
988	504863	578	344	592
989	505481	160	258	565
990	506039	100	196	584
991	506179	239	349	777
992	506538	299	286	754
993	506857	160	263	843
994	507136	179	352	853
995	507575	140	298	773
996	507834	140	885	854
997	507993	120	876	843
998	508233	179	1020	883
999	508452	100	984	714
1000	508930	179	246	281
1001	509728	120	975	746
1002	510127	199	1083	684
1003	510844	120	993	651
1004	511024	219	990	656
1005	511343	299	989	647
1006	511722	200	885	633
1007	511961	199	1014	880
1008	512180	120	1009	893
1009	513157	159	824	849
1010	513536	120	881	819
1011	513755	100	990	945
1012	514832	120	1058	707
1013	515011	120	1013	1015
1014	515211	140	1021	976
1015	515809	100	929	725
1016	515928	160	980	749
1017	516108	200	978	738
1018	516706	219	1089	692
1019	516945	578	1056	695
1020	517723	199	894	735
1021	518261	279	1007	739
1022	518560	279	955	701
1023	518859	219	879	703
1024	519099	179	955	710
1025	519298	179	852	704
1026	519956	180	1015	645
1027	520155	120	978	668
1028	520394	180	1032	554
1029	520594	140	1037	573
1030	520753	279	1038	551
1031	521411	219	1055	651
1032	522089	120	877	574
1033	522229	100	949	600
1034	522488	120	943	498
1035	522827	140	1095	498
1036	523046	120	947	475
1037	523226	139	831	550
1038	523724	100	48	221
1039	524003	100	49	216
1040	524940	140	898	556
1041	526216	140	1058	632
1042	526396	279	1002	777
1043	526774	219	1006	818
1044	527113	100	890	810
1045	527891	120	981	883
1046	528469	279	1004	751
1047	528768	140	1004	824
1048	529466	100	885	808
1049	529606	100	872	815
1050	530463	219	994	844
1051	530702	139	1018	843
1052	530961	279	938	637
1053	532197	100	1081	534
1054	532516	140	1050	627
1055	532855	179	1070	638
1056	533154	120	1057	631
1057	533354	140	979	735
1058	533613	219	1018	723
1059	533852	279	1004	722
1060	534789	199	934	616
1061	535009	179	927	619
1062	535467	120	905	574
1063	535746	100	961	573
1064	535886	100	882	609
1065	536344	120	875	619
1066	536683	100	876	609
1067	536803	120	817	658
1068	536942	180	800	670
1069	537242	120	768	662
1070	537441	299	779	639
1071	537860	100	807	572
1072	537999	179	823	581
1073	538338	100	812	461
1074	538458	160	822	469
1075	538777	179	961	469
1076	538976	239	954	475
1077	539534	199	933	478
1078	540232	179	911	668
1079	541130	179	816	569
1080	541528	179	876	566
1081	541967	439	831	696
1082	542445	558	864	724
1083	543143	159	962	839
1084	543323	100	951	838
1085	543442	100	878	849
1086	543622	299	866	830
1087	544140	419	867	829
1088	545436	100	1044	821
1089	545596	199	1008	605
1090	546114	100	1091	518
1091	546413	219	1123	498
1092	546752	160	936	605
1093	547310	120	256	574
1094	549762	399	985	888
1095	551258	140	853	799
1096	553212	120	1032	774
1097	554049	100	1283	233
1098	554228	199	724	261
1099	556082	279	278	217
1100	556382	140	279	209
1101	556561	120	361	195
1102	556701	219	348	185
1103	556980	199	364	199
1104	557339	279	564	185
1105	557638	139	497	196
1106	557897	239	481	206
1107	558375	139	61	231
1108	558535	120	57	241
1109	558754	120	292	243
1110	559053	120	488	238
1111	559193	120	494	239
1112	559372	120	652	233
1113	559970	199	269	826
1114	560828	140	255	575
1115	561067	160	257	573
1116	561446	120	370	763
1117	561645	219	343	823
1118	562084	160	287	734
1119	562323	120	346	844
1120	562542	120	983	740
1121	562742	160	1027	629
1122	562961	140	1080	510
1123	563579	179	911	815
1124	563778	180	953	826
1125	564018	180	1031	827
1126	564217	140	1002	820
1127	564516	199	871	772
1128	565154	179	1042	820
1129	565353	140	1043	833
1130	565712	140	912	742
1131	565952	140	875	797
1132	566251	160	907	822
1133	566550	140	864	813
1134	568025	160	263	225
1135	568304	120	641	229
1136	568643	359	675	217
1137	569600	100	277	248
1138	570697	219	856	803
1139	571076	160	413	280
1140	571634	160	251	804
1141	571913	100	262	737
1142	572033	259	328	780
1143	572312	179	388	838
1144	572551	100	361	838
1145	572810	279	267	716
1146	573229	100	294	701
1147	573368	120	314	731
1148	574305	100	895	762
1149	574724	100	878	791
1150	575043	100	874	747
1151	575163	160	876	776
1152	575522	100	897	747
1153	576259	120	312	736
1154	576439	179	305	751
1155	576638	140	266	717
1156	576857	140	262	707
1157	577117	100	315	699
1158	577336	159	185	765
1159	577794	179	170	843
1160	577994	179	224	836
1161	578213	120	245	874
1162	578891	199	334	838
1163	579250	140	251	787
1164	580606	199	457	800
1165	581284	239	868	821
1166	581602	160	866	823
1167	582540	120	961	870
1168	582938	140	969	868
1169	583636	179	957	886
1170	583975	140	1015	887
1171	584214	100	1014	880
1172	584414	199	1019	839
1173	585131	219	1034	842
1174	585730	359	1033	803
1175	586208	159	1040	797
1176	586826	120	1044	781
1177	587006	120	466	202
1178	587604	100	299	237
1179	588062	199	656	217
1180	588302	140	474	154
1181	588621	179	571	250
1182	589159	180	299	247
1183	589378	100	285	236
1184	590275	100	34	253
1185	590754	299	84	256
1186	591073	219	68	241
1187	591810	180	257	252
1188	592149	180	269	791
1189	592349	100	316	754
1190	592468	199	316	763
1191	592887	100	305	759
1192	593146	179	364	767
1193	593406	179	312	753
1194	593665	100	319	763
1195	593844	219	336	809
1196	594303	180	275	805
1197	596755	160	391	831
1198	597253	100	348	833
1199	599546	379	367	783
1200	599945	259	252	776
1201	600224	179	184	794
1202	600424	120	192	808
1203	600663	140	202	718
1204	600922	100	329	713
1205	601181	120	269	683
1206	601420	179	221	918
1207	601819	100	167	908
1208	602118	140	134	281
1209	602377	319	44	250
1210	603115	100	55	236
1211	603294	219	96	253
1212	605268	120	174	873
1213	605747	319	175	865
1214	606166	199	94	858
1215	607063	100	66	822
1216	607641	239	173	861
1217	608179	140	183	868
1218	608498	139	204	835
1219	608837	239	76	804
1220	609136	120	359	827
1221	609276	180	334	848
1222	609475	239	395	804
1223	609894	120	424	802
1224	610253	100	296	855
1225	610851	100	264	865
1226	611030	199	376	772
1227	612127	239	309	762
1228	612585	239	313	900
1229	613463	179	395	943
1230	614180	219	202	728
1231	614559	100	106	881
1232	615317	140	34	224
1233	615476	159	48	233
1234	615895	199	127	250
1235	616433	179	82	264
1236	616653	160	44	251
1237	617111	100	99	901
1238	617430	159	190	791
1239	617610	200	199	791
1240	617829	259	213	729
1241	618507	139	55	596
1242	619384	120	461	198
1243	619882	100	273	249
1244	620241	120	280	260
1245	620481	179	943	834
1246	621318	160	931	814
1247	621936	120	1017	829
1248	622395	160	999	835
1249	623372	120	970	793
1250	625545	120	283	862
1251	625904	339	386	783
1252	626262	219	351	845
1253	626502	219	320	834
1254	626801	140	253	895
1255	626980	239	261	889
1256	627279	140	269	876
1257	627758	100	366	936
1258	629692	139	339	837
1259	629871	100	389	802
1260	630090	179	410	778
1261	630529	219	108	896
1262	630768	140	165	889
1263	630988	120	187	824
1264	631466	239	164	868
1265	631925	100	139	761
1266	632184	140	44	803
1267	632842	120	171	857
1268	633340	179	127	761
1269	633540	159	68	750
1270	633819	119	71	767
1271	634078	239	68	752
1272	634716	179	125	713
1273	635234	219	145	706
1274	635613	120	53	724
1275	636151	199	52	725
1276	636530	160	122	823
1277	636829	499	214	762
1278	637527	120	147	731
1279	637667	219	152	737
1280	637906	339	204	736
1281	638364	239	298	739
1282	638624	179	243	756
1283	638943	100	187	648
1284	639342	100	69	698
1285	639501	140	218	796
1286	639660	160	246	791
1287	639900	219	257	785
1288	640199	179	265	796
1289	640398	179	301	813
1290	640817	259	310	789
1291	641096	379	365	809
1292	642053	160	255	817
1293	642232	100	230	839
1294	642452	259	304	860
1295	642890	100	319	864
1296	643309	160	251	796
1297	643548	239	243	794
1298	644106	199	243	786
1299	644465	120	191	678
1300	644824	140	201	667
1301	644984	279	250	666
1302	645283	140	245	631
1303	645721	140	290	604
1304	645941	120	300	612
1305	646180	100	334	591
1306	646379	120	421	593
1307	646818	199	124	721
1308	647077	140	124	729
1309	647237	120	160	715
1310	647376	140	184	732
1311	648493	160	128	765
1312	648712	140	135	766
1313	649490	100	142	817
1314	651065	140	203	806
1315	651563	100	184	805
1316	651723	120	136	907
1317	652839	120	88	759
1318	653158	100	79	761
1319	653278	219	83	762
1320	654334	100	133	807
1321	654454	100	150	766
1322	654634	120	132	702
1323	654793	100	192	712
1324	654933	160	184	711
1325	655132	159	198	722
1326	655351	100	227	733
1327	655511	100	153	728
1328	657046	100	54	264
1329	657166	100	44	266
1330	657504	140	251	270
1331	657824	179	114	836
1332	658103	120	55	772
1333	658302	120	106	758
1334	658502	179	128	776
1335	658800	179	58	761
1336	661113	259	434	762
1337	661392	199	386	707
1338	661990	120	216	773
1339	662150	140	281	663
1340	662389	199	334	643
1341	662628	259	314	634
1342	662908	120	303	644
1343	663805	100	1052	568
1344	664283	139	1045	627
1345	666377	120	1052	845
1346	666516	140	1041	835
1347	666835	120	1052	840
1348	667074	179	1077	843
1349	667972	100	256	253
1350	668789	160	604	241
1351	670125	120	559	304
1352	670304	140	113	254
1353	670564	100	51	285
1354	670982	120	272	269
1355	671261	100	303	279
1356	671481	100	488	268
1357	671859	140	982	624
1358	672517	140	467	730
1359	672956	120	319	765
1360	673554	140	1188	628
1361	673754	319	1027	721
1362	674192	100	1024	541
1363	674392	339	1030	695
1364	674750	199	931	756
1365	674990	140	910	745
1366	675149	199	1011	634
1367	675468	159	1008	631
1368	675648	100	1064	528
1369	675907	120	1059	525
1370	676186	140	963	750
1371	676465	100	944	823
1372	676744	120	925	822
1373	677482	100	918	746
1374	677741	100	921	688
1375	677960	219	917	641
1376	678240	179	1035	660
1377	678459	219	802	533
1378	678758	160	836	479
1379	679336	100	1210	532
1380	679934	219	1051	790
1381	680173	159	1042	791
1382	680353	219	1059	793
1383	680632	140	1033	779
1384	680851	100	1045	787
1385	681071	139	1043	794
1386	681469	299	1016	759
1387	682347	100	982	786
1388	682646	100	1005	801
1389	683344	120	1033	851
1390	684281	120	1144	850
1391	685577	120	1273	466
1392	685716	120	1305	474
1393	686254	100	677	367
1394	686454	100	729	371
1395	687012	160	343	746
1396	687211	180	528	746
1397	687570	279	627	476
1398	688268	159	317	680
1399	688507	120	356	781
1400	689145	100	255	784
1401	689265	200	242	774
1402	690162	359	205	884
1403	690880	100	67	761
1404	691159	159	55	769
1405	691398	120	62	779
1406	691817	100	206	876
1407	692056	100	192	880
1408	692495	219	351	830
1409	692854	100	346	840
1410	693133	100	301	747
1411	693392	140	302	758
1412	693870	140	192	906
1413	694329	100	195	863
1414	694548	259	310	723
1415	694947	120	318	737
1416	695186	120	275	747
1417	695326	199	281	740
1418	695864	140	274	659
1419	696183	120	475	647
1420	696343	100	300	816
1421	696462	239	316	822
1422	696742	159	244	745
1423	697120	180	620	485
1424	697539	159	1104	533
1425	697738	160	308	710
1426	698157	100	245	761
1427	698875	219	231	728
1428	699114	478	234	704
1429	699652	179	7	477
1430	699852	100	2	460
1431	700270	140	894	522
1432	700709	179	906	683
1433	701068	100	830	645
1434	701606	279	1174	471
1435	703002	140	742	462
1436	703381	139	111	575
1437	703720	100	33	510
1438	703899	100	40	507
1439	704118	120	29	466
1440	704537	239	24	510
1441	704816	219	27	513
1442	705215	259	16	509
1443	705614	199	33	522
1444	705833	140	14	515
1445	706012	379	34	513
1446	706411	179	34	492
1447	706770	359	41	474
1448	707288	179	27	475
1449	707667	140	101	619
1450	707827	439	170	635
1451	708883	140	254	690
1452	709083	180	260	675
1453	709422	160	157	537
1454	709621	100	145	534
1455	709980	279	480	666
1456	710279	139	479	653
1457	710498	299	275	575
1458	711176	179	41	698
1459	711376	179	39	714
1460	711794	179	122	715
1461	711994	120	88	567
1462	712133	160	101	580
1463	712472	100	104	783
1464	712811	339	143	627
1465	713270	219	248	783
1466	713569	100	227	789
1467	713768	379	279	808
1468	714705	100	267	805
1469	715064	180	221	811
1470	716340	139	307	937
1471	716499	120	342	957
1472	716679	199	322	940
1473	717417	239	276	589
1474	717776	120	314	614
1475	718274	100	265	747
1476	718553	100	100	673
1477	719251	219	236	745
1478	719590	180	231	717
1479	720028	279	226	714
1480	720328	120	229	688
1481	720806	100	388	834
1482	721324	179	365	659
1483	721524	120	299	636
1484	721663	219	301	636
1485	721923	179	374	631
1486	722162	100	446	993
1487	722321	120	476	978
1488	722481	180	454	967
1489	722859	100	409	731
1490	723119	140	360	686
1491	723597	139	959	774
1492	725053	140	42	275
1493	725352	120	282	281
1494	726408	120	85	735
1495	726548	279	224	738
1496	726907	120	228	738
1497	727066	100	246	838
1498	727286	160	215	837
1499	727964	299	991	755
1500	728282	379	1001	810
1501	728941	100	1137	672
1502	729339	180	1021	664
1503	729977	100	1051	799
1504	730236	100	1001	816
1505	730356	160	979	816
1506	730555	518	1017	822
1507	731094	379	1020	829
1508	731632	120	1032	829
1509	731792	140	1012	824
1510	731951	179	999	823
1511	732350	100	1033	822
1512	732470	139	1024	816
1513	732689	259	1025	761
1514	732968	179	1049	750
1515	733925	219	1019	822
1516	734164	259	1027	833
1517	735081	120	1021	791
1518	735221	120	990	809
1519	735540	199	1024	801
1520	735819	179	1013	791
1521	736238	100	1010	772
1522	736477	140	1016	808
1523	736975	120	876	814
1524	737952	100	878	840
1525	738132	160	956	857
1526	738989	120	1018	910
1527	739328	199	957	915
1528	740444	100	869	922
1529	741023	160	285	834
1530	741401	100	376	743
1531	742498	199	963	791
1532	742797	179	1041	759
1533	742996	180	1038	744
1534	743834	100	937	577
1535	744013	180	898	580
1536	744292	120	940	552
1537	744532	140	945	542
1538	745648	100	999	609
1539	746186	140	901	601
1540	746346	140	954	849
1541	746565	100	923	937
1542	746784	100	1062	521
1543	746944	140	1086	563
1544	747343	120	1124	561
1545	747482	140	1112	556
1546	747742	140	941	523
1547	748061	259	951	969
1548	750074	140	962	847
1549	750433	100	894	854
1550	755637	120	951	937
1551	755976	120	963	938
1552	756933	259	772	907
1553	758767	120	271	271
1554	759106	140	59	251
1555	759704	100	261	271
1556	760322	160	955	628
1557	760761	140	1017	749
1558	761199	120	800	782
1559	761359	120	807	784
1560	761558	120	874	794
1561	762017	160	309	826
1562	762216	100	247	762
1563	762715	160	248	746
1564	763093	120	291	809
1565	763293	179	318	827
1566	763532	140	319	828
1567	763991	140	275	823
1568	764150	120	211	831
1569	764728	100	171	689
1570	764848	120	162	683
1571	765426	100	118	616
1572	766004	160	92	765
1573	766184	140	138	754
1574	766483	179	234	735
1575	766682	219	99	737
1576	767320	160	85	732
1577	768038	120	271	264
1578	768975	179	708	253
1579	769294	100	210	805
1580	769473	120	267	828
1581	770171	179	298	823
1582	770490	160	252	845
1583	770989	100	589	292
1584	772982	120	947	831
1585	773282	159	893	899
1586	774358	140	536	257
1587	774896	100	43	276
1588	775694	259	532	280
1589	776870	159	61	268
1590	777409	120	49	239
1591	777628	100	293	229
1592	778007	140	243	839
1593	778286	239	253	840
1594	778744	179	211	821
1595	779103	139	974	845
1596	779362	199	894	891
1597	779741	139	985	941
1598	780200	120	1015	804
1599	780359	219	978	759
1600	781336	140	1044	735
1601	782273	239	1052	797
1602	782851	160	1117	794
1603	784028	140	864	863
1604	786141	100	1001	741
1605	786261	100	1019	771
1606	786719	199	1028	787
1607	787716	199	898	857
1608	788175	139	896	849
1609	790109	140	985	784
1610	791764	119	900	840
1611	792601	100	833	894
1612	794196	219	323	743
1613	794495	199	241	824
1614	794934	100	191	856
1615	795232	140	249	733
1616	795791	179	497	271
1617	796130	179	1057	851
1618	796389	179	1069	762
1619	796708	100	1081	720
1620	797047	140	242	860
1621	797286	179	164	847
1622	798482	100	309	273
1623	799778	120	648	219
1624	800077	120	295	244
1625	800596	199	574	266
1626	801074	140	866	932
1627	801772	120	66	249
1628	802669	180	87	263
1629	802968	120	297	258
1630	803128	120	297	249
1631	803267	120	262	256
1632	804404	100	311	260
1633	807036	140	1072	805
1634	807215	120	1041	799
1635	808591	139	896	746
1636	809009	219	874	797
1637	810884	100	1118	787
1638	811043	140	1114	769
1639	811202	140	1121	771
1640	812299	160	239	813
1641	812478	100	279	843
1642	812598	100	277	827
1643	812778	120	246	843
1644	812977	140	273	831
1645	814532	120	359	649
1646	815090	100	1049	674
1647	815270	100	1052	742
1648	815708	140	371	651
1649	816027	459	329	624
1650	816785	100	471	343
1651	817184	100	321	631
1652	817363	140	215	817
1653	817523	180	162	833
1654	817762	299	340	619
1655	818460	100	351	597
1656	818579	179	345	609
1657	818799	180	348	616
1658	819975	100	345	603
1659	820294	239	373	636
1660	820553	100	364	636
1661	820673	199	446	682
1662	820912	219	455	650
1663	821510	120	265	590
1664	822407	140	267	571
1665	822966	140	328	610
1666	823125	100	411	643
1667	824341	100	301	698
1668	824561	120	287	688
1669	824800	239	295	738
1670	825059	160	289	845
1671	825458	159	275	767
1672	826255	120	365	604
1673	826495	120	251	568
1674	826893	100	330	575
1675	827292	100	343	613
1676	827930	160	79	607
1677	828528	100	1090	554
1678	828947	120	1097	552
1679	829744	159	1037	658
1680	830203	179	1071	732
1681	831020	100	1113	542
1682	831180	179	1117	553
1683	831419	159	1119	563
1684	831997	120	1119	552
1685	832496	359	1108	788
1686	833552	120	915	574
1687	833971	140	978	573
1688	835108	159	957	508
1689	835486	140	1136	517
1690	835746	179	1061	672
1691	836005	120	1068	727
1692	836284	319	881	738
1693	836702	219	924	753
1694	836982	179	892	768
1695	837380	279	952	855
1696	838058	100	1128	806
1697	838198	160	1126	821
1698	838577	100	514	230
1699	839434	120	272	264
1700	839673	160	651	249
1701	839972	180	659	250
1702	840172	219	652	256
1703	841069	120	287	280
1704	841288	159	558	300
1705	841966	120	85	277
1706	842165	140	316	280
1707	842405	140	259	259
1708	842823	120	319	278
1709	843023	139	496	281
1710	843481	100	290	285
1711	843860	120	346	286
1712	844259	199	272	279
1713	844478	100	275	274
1714	845276	179	34	298
1715	845555	120	215	625
1716	846073	180	263	773
1717	846452	120	224	825
1718	846592	140	271	873
1719	846751	120	286	855
1720	846891	359	333	857
1721	847409	140	303	870
1722	847608	180	330	863
1723	848306	140	934	867
1724	848685	159	911	881
1725	848944	120	975	868
1726	849662	219	1120	928
1727	849981	100	963	881
1728	850180	140	964	902
1729	850958	100	930	888
1730	851596	159	1000	940
1731	851875	359	1006	931
1732	852334	100	998	885
1733	852672	339	1042	872
1734	853330	100	1067	935
1735	853450	120	1015	913
1736	853929	120	1048	955
1737	854786	120	1101	898
1738	856540	140	1122	899
1739	856780	299	1156	909
1740	857099	219	1130	885
1741	857338	219	1164	897
1742	858375	120	288	277
1743	858594	159	299	821
1744	858873	139	1016	865
1745	859411	140	834	876
1746	861983	159	286	296
1747	862183	179	440	294
1748	862582	259	515	258
1749	862861	179	681	275
1750	863060	120	659	279
1751	863758	100	510	318
1752	863977	259	572	324
1753	864356	179	291	279
1754	864555	100	294	282
1755	864934	120	332	298
1756	865193	200	484	278
1757	865413	219	497	276
1758	865652	100	312	273
1759	866051	179	277	251
1760	866968	100	260	259
1761	867466	120	284	243
1762	867705	279	280	227
1763	868044	100	279	237
1764	868662	120	294	252
1765	868981	100	302	247
1766	869679	140	48	253
1767	870058	179	62	234
1768	870536	120	253	236
1769	870935	279	310	251
1770	871294	140	71	241
1771	873348	100	963	938
1772	873507	140	911	924
1773	874105	139	961	869
1774	874863	179	297	842
1775	875202	180	350	841
1776	876458	120	491	277
1777	876597	120	494	253
1778	876936	100	632	249
1779	877395	199	627	237
1780	878591	100	678	262
1781	878731	199	721	242
1782	879010	160	791	253
1783	879508	199	659	237
1784	879728	179	665	246
1785	880286	140	560	294
1786	880705	160	56	265
1787	880884	120	48	256
1788	881542	120	60	257
1789	881682	140	115	278
1790	881941	120	148	256
1791	882080	140	255	266
1792	882240	120	260	260
1793	882619	100	251	265
1794	883017	140	927	718
1795	883177	140	1046	691
1796	883576	140	945	654
1797	884174	120	1027	815
1798	884572	299	805	903
1799	886068	100	1064	748
1800	886207	239	1077	742
1801	886566	379	1085	740
1802	887104	159	932	740
1803	887583	159	1055	680
1804	887902	100	929	688
1805	888062	120	930	667
1806	888261	120	1083	716
1807	888580	100	1044	713
1808	889058	100	1057	632
1809	889497	139	927	660
1810	889756	179	927	658
1811	889956	120	918	663
1812	890155	100	914	777
1813	890314	120	909	785
1814	890454	299	919	784
1815	890893	179	925	687
1816	891291	100	900	717
1817	892567	219	976	775
1818	893046	179	856	792
1819	894840	140	332	738
1820	895000	140	274	723
1821	895239	219	265	758
1822	895498	140	294	779
1823	895658	160	285	768
1824	896036	140	303	648
1825	896694	119	266	669
1826	896834	100	280	686
1827	897093	140	340	745
1828	898130	180	43	552
1829	899127	180	329	611
1830	899346	120	400	562
1831	899625	179	400	553
1832	900582	140	119	274
1833	900822	100	272	276
1834	902317	100	73	630
1835	902516	120	76	680
1836	902676	120	76	683
1837	903014	200	144	748
1838	903234	259	191	743
1839	903712	299	216	774
1840	904031	199	202	856
1841	904331	259	214	830
1842	904630	120	224	831
1843	904849	239	198	868
1844	905367	279	66	635
1845	906005	100	30	555
1846	906304	100	65	549
1847	906444	199	43	564
1848	907660	140	113	691
1849	907899	239	188	700
1850	908258	219	220	706
1851	908697	179	232	706
1852	908896	179	255	760
1853	909215	100	275	773
1854	909395	140	125	799
1855	910651	180	225	886
1856	913103	119	168	692
1857	913900	100	49	557
1858	914200	100	56	624
1859	914319	140	101	615
1860	914798	259	53	625
1861	915077	319	50	635
1862	915496	219	101	660
1863	915854	100	116	680
1864	916233	160	42	563
1865	916512	199	101	566
1866	916791	279	263	566
1867	918167	279	386	551
1868	918765	100	402	583
1869	919563	179	391	707
1870	919882	120	451	714
1871	920201	199	358	710
1872	920420	239	376	684
1873	920699	140	317	615
1874	922115	120	231	667
1875	922314	239	341	732
1876	922613	120	339	739
1877	922753	239	335	719
1878	923092	259	299	739
1879	923371	159	278	750
1880	923610	219	263	730
1881	924248	100	54	255
1882	924388	100	126	256
1883	924627	299	363	748
1884	925046	180	432	748
1885	925265	199	433	749
1886	925544	140	369	770
1887	925743	120	325	713
1888	925883	100	332	727
1889	926062	100	306	786
1890	926182	239	328	826
1891	926461	359	406	831
1892	926840	179	432	848
1893	927637	120	398	850
1894	928913	100	275	874
1895	929731	179	363	835
1896	930827	180	297	756
1897	932004	179	990	804
1898	932761	120	882	761
1899	933040	419	813	766
1900	933499	140	820	774
1901	933978	140	307	858
1902	934157	199	277	903
1903	934994	140	885	728
1904	935353	119	328	817
1905	936230	120	348	605
1906	936868	140	1059	599
1907	937207	140	1104	530
1908	937367	100	1097	544
1909	938005	160	260	545
1910	938184	100	269	534
1911	938424	140	355	585
1912	938762	219	887	728
1913	939161	140	883	727
1914	939321	160	882	735
1915	939560	100	936	739
1916	939740	160	980	746
1917	940417	279	992	723
1918	940716	100	958	739
1919	941414	140	966	749
1920	941773	100	968	788
1921	942411	100	925	779
1922	942591	199	903	811
1923	942910	100	858	806
1924	943089	379	879	807
1925	943488	120	968	746
1926	943867	100	947	770
1927	944225	120	847	774
1928	944405	199	809	792
1929	944983	120	968	750
1930	945262	199	893	731
1931	945800	140	363	832
1932	946698	159	316	793
1933	947395	100	353	811
1934	947515	120	434	847
1935	948492	100	305	877
1936	949987	100	278	670
1937	950207	140	303	596
1938	950845	100	497	259
1939	951463	100	62	222
1940	951642	120	283	242
1941	951782	159	282	252
1942	952440	100	52	275
1943	952659	100	259	284
1944	953038	100	526	238
1945	953157	160	625	242
1946	953556	160	658	234
1947	953736	100	651	226
1948	954154	179	557	262
1949	954473	159	481	249
1950	954732	140	506	277
1951	954892	160	504	284
1952	955171	160	184	278
1953	955450	160	34	263
1954	955869	100	165	257
1955	956028	180	261	275
1956	956926	199	62	258
1957	958022	180	57	271
1958	958620	140	119	245
1959	959039	100	221	289
1960	960056	100	482	266
1961	961451	199	61	265
1962	961910	120	52	285
1963	962129	100	136	273
1964	962807	139	321	265
1965	964023	120	542	276
1966	964203	140	557	285
1967	964901	179	496	256
1968	965120	259	499	247
1969	966236	140	276	671
1970	966456	359	355	746
1971	966834	179	414	739
1972	967154	279	322	732
1973	967453	279	326	736
1974	968111	120	242	812
1975	968330	160	401	722
1976	968988	100	280	271
1977	969107	219	275	267
1978	969686	140	892	655
1979	969925	239	883	715
1980	970184	199	953	766
1981	970503	199	990	796
1982	970722	100	1022	805
1983	970942	120	909	825
1984	971580	139	914	808
1985	971739	139	920	822
1986	972098	199	1047	667
1987	972317	140	1169	667
1988	972975	120	891	565
1989	973274	100	973	563
1990	973414	179	1119	672
1991	973613	299	1173	669
1992	973992	100	1083	611
1993	974630	160	1058	554
1994	974869	120	1099	587
1995	975168	100	1068	602
1996	975368	179	1025	702
1997	975567	100	1045	687
1998	975687	159	1056	695
1999	975866	279	1073	674
2000	976165	199	1038	693
2001	976664	180	1079	736
2002	976883	159	1083	670
2003	977082	160	986	643
2004	977262	100	954	664
2005	977521	120	1085	774
2006	977700	199	1065	778
2007	977960	120	1122	770
2008	978179	100	1166	745
2009	978418	120	983	566
2010	980352	140	884	768
2011	980572	100	831	787
2012	980751	339	874	817
2013	981249	100	976	804
2014	981369	180	938	840
2015	981648	140	1016	822
2016	981867	120	1022	802
2017	982166	259	1000	818
2018	982844	140	874	556
2019	983363	199	290	720
2020	984439	120	291	709
2021	984678	160	337	624
2022	984858	120	333	598
2023	985416	199	1051	608
2024	985636	120	1024	663
2025	986034	219	981	587
2026	986951	219	876	658
2027	987191	120	890	656
2028	987330	279	884	654
2029	987669	139	841	659
2030	987928	120	819	666
2031	988626	299	962	643
2032	988965	159	997	635
2033	989344	100	982	637
2034	989862	139	929	574
2035	990221	199	997	598
2036	990560	139	993	578
2037	990879	120	1111	569
2038	991218	100	897	559
2039	991477	120	886	565
2040	991736	100	382	263
2041	992155	100	328	610
2042	993112	179	970	645
2043	993471	120	980	638
2044	993611	199	945	793
2045	993930	160	862	812
2046	994129	120	920	686
2047	994468	160	342	810
2048	995066	120	264	875
2049	995325	160	354	687
2050	996182	140	985	640
2051	996342	199	989	639
2052	996820	140	399	722
2053	996980	219	466	735
2054	997319	179	948	634
2055	997518	100	1003	625
2056	997658	100	998	636
2057	997817	279	985	633
2058	999014	180	58	262
2059	999432	100	672	252
2060	999612	279	666	260
2061	1000110	140	498	270
2062	1000409	199	573	317
2063	1001466	219	494	258
2064	1001825	100	503	275
2065	1002044	100	78	310
2066	1002902	179	273	299
2067	1003101	120	268	226
2068	1003659	120	500	223
2069	1003818	159	75	229
2070	1004337	100	242	261
2071	1005015	160	50	235
2072	1005932	100	80	242
2073	1006052	120	73	252
2074	1006650	120	283	253
2075	1006809	179	281	241
2076	1007427	160	62	247
2077	1007806	179	80	252
2078	1008085	140	81	227
2079	1008245	120	70	252
2080	1008464	100	468	235
2081	1009022	100	660	217
2082	1010597	100	305	812
2083	1010717	140	311	823
2084	1010876	120	291	777
2085	1011574	120	367	851
2086	1011794	100	419	846
2087	1012013	239	927	858
2088	1012292	100	860	792
2089	1012491	120	846	740
2090	1012810	140	891	745
2091	1013269	120	946	808
2092	1013408	140	994	755
2093	1013588	199	964	791
2094	1013987	179	866	824
2095	1014286	100	882	816
2096	1014505	100	874	837
2097	1014784	160	861	820
2098	1015422	120	878	800
2099	1015841	100	924	720
2100	1016559	120	967	767
2101	1017157	199	973	816
2102	1018512	239	1015	885
2103	1019350	100	975	927
2104	1020287	339	843	792
2105	1020646	200	849	805
2106	1021563	100	937	750
2107	1021922	120	1047	656
2108	1022580	140	1076	586
2109	1022998	179	909	562
2110	1024235	160	1037	668
2111	1024454	140	1036	666
2112	1025092	140	1062	668
2113	1025411	100	1071	681
2114	1025829	379	1094	744
2115	1026408	259	977	713
2116	1026926	140	458	232
2117	1027305	160	210	235
2118	1027484	100	42	249
2119	1027883	100	272	233
2120	1028282	179	666	241
2121	1028900	159	512	263
2122	1029139	259	555	278
2123	1029418	140	577	311
2124	1029737	120	174	244
2125	1030176	100	90	267
2126	1030535	120	264	271
2127	1030714	100	261	278
2128	1030834	159	263	284
2129	1031093	160	301	798
2130	1031272	100	368	839
2131	1031392	160	369	835
2132	1031990	219	272	255
2133	1032249	120	59	247
2134	1032568	100	125	262
2135	1032768	139	356	779
2136	1032967	199	373	831
2137	1033286	120	284	896
2138	1033466	339	276	738
2139	1033844	199	336	737
2140	1034462	120	397	729
2141	1034622	120	394	734
2142	1034861	259	319	737
2143	1035140	100	293	758
2144	1035260	100	301	758
2145	1035499	199	311	763
2146	1035858	139	316	769
2147	1036257	140	304	796
2148	1036416	140	270	814
2149	1036695	199	316	833
2150	1037014	159	323	781
2151	1037613	219	62	630
2152	1037892	140	40	606
2153	1038111	139	21	530
2154	1038550	239	394	733
2155	1039048	100	437	740
2156	1039586	100	382	778
2157	1039806	139	409	812
2158	1040045	120	351	817
2159	1040244	120	343	839
2160	1040404	219	427	842
2161	1040842	319	342	824
2162	1041181	140	304	906
2163	1041341	100	308	919
2164	1041799	140	380	819
2165	1041999	279	419	835
2166	1042298	179	425	730
2167	1042637	100	339	586
2168	1042836	100	351	606
2169	1043215	159	341	610
2170	1044631	100	58	606
2171	1045009	140	30	549
2172	1045348	100	68	549
2173	1045568	139	99	553
2174	1046285	120	66	550
2175	1046804	179	79	553
2176	1047123	518	277	738
2177	1047741	239	267	726
2178	1048020	179	76	294
2179	1048399	140	42	243
2180	1048937	179	317	753
2181	1049296	239	300	783
2182	1049595	179	301	773
2183	1049794	180	299	772
2184	1050113	259	296	820
2185	1050652	359	329	845
2186	1051090	199	209	723
2187	1051310	120	213	718
2188	1051449	419	232	738
2189	1051888	239	207	784
2190	1052187	199	232	819
2191	1052406	100	288	838
2192	1052685	179	315	817
2193	1052885	140	263	826
2194	1053782	120	216	903
2195	1054021	160	247	902
2196	1054480	219	283	833
2197	1055317	159	334	889
2198	1055496	180	334	883
2199	1055696	160	349	891
2200	1055875	120	349	896
2201	1056493	100	433	914
2202	1056613	159	382	940
2203	1057570	279	419	891
2204	1058108	100	365	915
2205	1058268	219	339	916
2206	1058567	120	297	964
2207	1058906	139	377	928
2208	1059504	100	381	922
2209	1060322	139	372	911
2210	1061558	100	332	850
2211	1063691	140	419	889
2212	1063870	100	422	868
2213	1064010	120	417	864
2214	1080139	160	298	744
2215	1080837	120	199	753
2216	1080976	140	77	631
2217	1081555	140	98	539
2218	1081914	140	375	548
2219	1082073	120	380	550
2220	1082472	239	404	549
2221	1083369	120	270	252
2222	1083509	100	251	249
2223	1084226	120	416	679
2224	1085223	259	406	811
2225	1085662	279	443	764
2226	1086459	179	354	865
2227	1086699	140	350	857
2228	1086898	100	361	852
2229	1087795	100	230	853
2230	1088014	120	227	826
2231	1088672	159	389	787
2232	1089570	299	400	718
2233	1089929	140	344	671
2234	1090168	359	337	593
2235	1090945	100	240	698
2236	1091105	140	200	699
2237	1091284	100	201	700
2238	1091444	140	308	749
2239	1091763	219	309	748
2240	1092700	139	310	845
2241	1092859	259	294	791
2242	1093138	219	260	812
2243	1093457	160	295	845
2244	1093697	179	360	843
2245	1095092	179	90	216
2246	1095352	100	51	265
2247	1095950	100	72	245
2248	1097604	259	931	845
2249	1097884	319	867	849
2250	1098382	199	850	794
2251	1098601	100	968	769
2252	1098821	139	987	770
2253	1099598	199	1048	668
2254	1099897	259	1064	604
2255	1100416	160	873	565
2256	1100735	180	1068	595
2257	1100934	219	1087	611
2258	1101173	100	1083	605
2259	1101572	120	886	717
2260	1101911	140	1044	657
2261	1102230	219	1027	599
2262	1102629	180	981	689
2263	1102888	199	1037	689
2264	1103366	140	1058	636
2265	1103785	120	1078	632
2266	1104084	100	1045	608
2267	1104204	199	1029	731
2268	1104463	120	1024	748
2269	1104603	239	993	789
2270	1104862	219	917	807
2271	1105320	120	942	799
2272	1106178	100	1001	842
2273	1107174	160	996	845
2274	1109946	120	1112	831
2275	1111461	120	1024	681
2276	1111800	120	961	830
2277	1111940	100	967	831
2278	1112338	100	975	846
2279	1112797	140	1011	712
2280	1113136	239	981	767
2281	1114950	100	1034	780
2282	1115070	100	1027	774
2283	1118180	120	966	920
2284	1119077	120	1012	956
2285	1119815	100	970	941
2286	1120672	139	910	888
2287	1121210	100	874	921
2288	1121510	120	868	902
2289	1121649	100	834	937
2290	1122506	120	871	871
2291	1122726	100	946	855
2292	1123005	180	769	825
2293	1123902	140	807	837
2294	1124301	120	855	839
2295	1124720	159	841	973
2296	1125417	160	1013	860
2297	1126813	100	1036	837
2298	1127012	120	1102	859
2299	1127630	299	1069	867
2300	1131598	219	1062	885
2301	1132934	120	1064	855
2302	1133831	120	1114	964
2303	1135266	100	1074	880
2304	1135805	100	1097	972
2305	1137200	100	1039	808
2306	1140510	140	905	947
2307	1140909	120	868	963
2308	1142643	100	760	981
2309	1142962	199	825	938
2310	1143700	120	899	821
2311	1144936	179	904	804
2312	1145554	100	967	771
2313	1146232	100	992	776
2314	1146531	100	982	783
2315	1147129	100	904	770
2316	1147628	100	966	850
2317	1150858	239	50	249
2318	1151236	120	108	250
2319	1151715	180	895	857
2320	1151914	120	943	896
2321	1152054	100	939	908
2322	1155244	100	310	318
2323	1157497	239	331	652
2324	1157796	100	267	595
2325	1157915	100	268	592
2326	1158194	100	478	558
2327	1158533	159	391	740
2328	1159112	180	303	740
2329	1159311	179	306	756
2330	1159630	279	307	745
2331	1160108	140	300	746
2332	1160846	339	327	802
2333	1161404	199	354	800
2334	1162202	100	382	714
2335	1162401	120	432	718
2336	1163598	139	296	755
2337	1166090	100	220	710
2338	1166289	100	66	627
2339	1166508	100	85	634
2340	1166987	100	62	555
2341	1167505	159	63	572
2342	1167744	120	64	690
2343	1168044	120	103	682
2344	1168283	219	160	715
2345	1168542	120	200	715
2346	1168721	359	163	754
2347	1169300	319	269	821
2348	1169978	120	167	787
2349	1170197	160	211	782
2350	1171672	120	331	850
2351	1172510	239	199	827
2352	1172868	100	153	850
2353	1176178	199	144	808
2354	1176477	100	180	813
2355	1177155	100	81	822
2356	1177275	100	73	774
2357	1177394	199	81	805
2358	1178172	159	142	794
2359	1178570	160	86	790
2360	1180006	120	103	819
2361	1180365	100	157	813
2362	1180485	259	183	784
2363	1180923	239	96	710
2364	1181442	100	171	713
2365	1182100	140	97	713
2366	1182418	139	128	725
2367	1182658	100	177	713
2368	1183056	120	108	275
2369	1183754	179	285	278
2370	1184392	100	212	829
2371	1184552	199	168	832
2372	1184771	299	157	820
2373	1185230	140	177	832
2374	1185389	120	182	848
2375	1185828	180	252	882
2376	1186466	140	912	939
2377	1187622	100	898	873
2378	1188380	179	338	860
2379	1188679	120	377	843
2380	1189118	159	917	914
2381	1189476	120	889	923
2382	1189955	100	971	953
2383	1190832	159	921	881
2384	1191630	120	1028	884
2385	1192706	140	808	894
2386	1193005	179	889	877
2387	1193663	140	1000	827
2388	1194082	120	931	807
2389	1194301	160	936	918
2390	1194860	100	1046	891
2391	1195158	100	1064	883
2392	1195478	100	1018	830
2393	1195856	100	913	840
2394	1196395	100	329	896
2395	1196574	100	267	909
2396	1196853	140	303	860
2397	1200282	140	303	934
2398	1203273	120	203	898
2399	1204569	120	125	866
2400	1205666	100	316	845
2401	1205905	159	369	858
2402	1206762	120	435	871
2403	1211587	100	224	804
2404	1213242	140	70	257
2405	1213481	140	124	262
2406	1214159	160	642	244
2407	1214358	139	634	250
2408	1214558	219	659	269
2409	1214797	219	666	258
2410	1215236	200	566	291
2411	1215794	120	216	275
2412	1216831	140	135	297
2413	1217249	159	69	264
2414	1217628	120	101	272
2415	1218087	120	290	264
2416	1218705	100	1294	271
2417	1218984	100	1322	245
2418	1220021	199	64	238
2419	1220658	120	51	240
2420	1221097	140	199	713
2421	1221336	140	185	501
2422	1222134	140	51	591
2423	1222294	100	65	636
2424	1222413	120	84	654
2425	1222553	120	91	639
2426	1222991	140	225	715
2427	1223290	140	183	767
2428	1223490	100	206	765
2429	1223829	140	209	227
2430	1224028	160	348	694
2431	1224387	100	301	748
2432	1224686	120	341	235
2433	1224985	179	495	245
2434	1225184	100	452	204
2435	1225424	160	254	247
2436	1225822	140	385	719
2437	1226221	100	448	723
2438	1226440	120	443	740
2439	1226580	100	313	719
2440	1226700	100	313	733
2441	1227078	120	978	701
2442	1227258	160	1040	644
2443	1227537	120	1055	620
2444	1227816	100	1061	556
2445	1228514	120	992	708
2446	1228873	100	1002	706
2447	1229172	179	1004	681
2448	1229850	100	1038	647
2449	1229970	179	1175	607
2450	1230488	319	947	531
2451	1231026	219	874	568
2452	1231405	180	1017	652
2453	1231664	140	861	620
2454	1231863	100	1004	703
2455	1232322	140	870	555
2456	1232521	160	970	578
2457	1232820	140	925	560
2458	1233020	139	818	520
2459	1233458	180	943	524
2460	1233877	180	1187	567
2461	1234555	100	1223	572
2462	1234974	159	898	550
2463	1235572	159	895	565
2464	1235851	100	924	628
2465	1236050	139	1055	641
2466	1236210	120	1046	657
2467	1236409	120	1082	697
2468	1236708	179	1044	657
2469	1237446	199	1072	650
2470	1237904	120	1029	684
2471	1238044	279	1005	763
2472	1238383	100	1022	792
2473	1238582	100	1014	768
2474	1238881	100	989	767
2475	1239001	120	1039	781
2476	1239380	140	955	731
2477	1240935	100	937	786
2478	1241394	120	920	778
2479	1241593	160	982	810
2480	1241832	100	963	799
2481	1242171	100	1038	824
2482	1242351	199	285	603
2483	1242849	160	199	714
2484	1243726	140	104	693
2485	1243886	120	38	629
2486	1244364	140	97	637
2487	1244902	100	65	688
2488	1245042	179	88	662
2489	1245381	179	56	648
2490	1245620	120	224	601
2491	1245820	100	262	576
2492	1246059	140	63	566
2493	1246836	179	12	577
2494	1247215	179	439	547
2495	1247514	179	479	527
2496	1248432	219	455	529
2497	1249369	120	341	725
2498	1249728	100	285	683
2499	1250007	139	330	716
2500	1250326	100	395	748
2501	1250804	120	297	739
2502	1251023	120	297	737
2503	1251422	120	221	711
2504	1251562	120	219	725
2505	1251801	180	231	709
2506	1252120	100	162	650
2507	1252419	199	249	853
2508	1252638	239	245	843
2509	1252997	120	284	904
2510	1253476	140	1010	667
2511	1253635	100	1163	642
2512	1253914	120	949	765
2513	1254094	379	907	743
2514	1254492	299	1014	766
2515	1254951	160	907	754
2516	1255310	219	885	827
2517	1256406	100	183	863
2518	1256686	100	327	870
2519	1256885	120	863	856
2520	1257344	219	934	807
2521	1257742	120	1000	808
2522	1258380	279	261	896
2523	1258799	100	193	915
2524	1259497	120	152	871
2525	1259676	120	162	881
2526	1259876	139	151	874
2527	1261291	100	219	812
2528	1261770	120	834	861
2529	1262089	159	143	892
2530	1262328	159	63	879
2531	1263365	140	326	853
2532	1263524	120	325	830
2533	1266694	100	116	959
2534	1268987	140	385	867
2535	1269147	139	391	909
2536	1269366	100	317	826
2537	1270064	558	849	833
2538	1270881	199	997	802
2539	1271300	180	1007	800
2540	1271599	120	1000	809
2541	1272058	199	911	812
2542	1272935	100	1029	927
2543	1273632	100	356	967
2544	1273752	120	352	958
2545	1274031	120	420	920
2546	1275287	160	257	297
2547	1276025	100	343	969
2548	1276144	100	365	1004
2549	1277420	100	427	908
2550	1277620	100	908	908
2551	1277760	100	376	838
2552	1277979	120	354	837
2553	1278617	100	963	871
2554	1278776	120	1046	834
2555	1280431	120	385	881
2556	1281368	279	1008	873
2557	1281807	100	1020	881
2558	1281926	160	1017	904
2559	1282505	140	1026	839
2560	1283701	100	98	240
2561	1284060	339	223	260
2562	1284498	100	264	853
2563	1284957	100	383	880
2564	1286492	120	1060	855
2565	1286632	100	1057	845
2566	1286851	120	1088	831
2567	1287549	140	1006	912
2568	1288207	199	1019	822
2569	1288586	100	977	782
2570	1289104	199	401	924
2571	1290121	179	385	871
2572	1290579	319	1014	832
2573	1290998	219	1069	832
2574	1291277	179	1023	869
2575	1291477	100	925	879
2576	1291736	160	931	911
2577	1292334	180	1066	887
2578	1292573	140	972	828
2579	1293331	179	372	881
2580	1293769	140	1035	826
2581	1294467	100	385	882
2582	1294587	180	382	880
2583	1294806	100	384	876
2584	1295285	100	81	258
2585	1295783	179	64	264
2586	1296002	100	61	257
2587	1296262	140	87	272
2588	1297218	159	250	276
2589	1297677	120	1010	817
2590	1297896	100	982	837
2591	1298036	160	987	827
2592	1298215	160	984	834
2593	1298415	100	983	794
2594	1298614	100	1013	821
2595	1298734	139	1000	817
2596	1298893	100	993	785
2597	1299113	179	1014	778
2598	1299571	100	1038	798
2599	1299731	120	1044	796
2600	1299910	100	1039	798
2601	1300030	120	1041	824
2602	1300688	200	327	276
2603	1302203	479	354	268
2604	1302721	199	374	257
2605	1303000	160	1083	785
2606	1303220	259	1073	822
2607	1303977	120	82	282
2608	1305194	219	72	277
2609	1305433	100	50	258
2610	1305612	140	268	794
2611	1305891	179	191	822
2612	1306928	100	424	928
2613	1307147	160	410	923
2614	1307526	100	421	915
2615	1308025	140	1051	880
2616	1308244	219	1048	823
2617	1310477	279	1032	798
2618	1311234	140	420	963
2619	1311932	120	367	790
2620	1312072	120	414	913
2621	1312590	179	428	895
2622	1313587	100	379	807
2623	1313886	120	988	854
2624	1315302	100	409	834
2625	1315601	159	414	902
2626	1316139	199	445	903
2627	1316498	100	433	910
2628	1316737	100	404	959
2629	1318831	140	439	933
2630	1322320	140	303	953
2631	1323137	160	364	867
2632	1323775	120	412	958
2633	1324034	160	397	952
2634	1325869	200	307	920
2635	1327783	100	917	914
2636	1327942	120	932	908
2637	1328879	160	291	915
2638	1330036	100	263	928
2639	1330773	100	344	936
2640	1331272	199	1025	903
2641	1331611	119	1042	881
2642	1331890	100	1063	874
2643	1332907	120	1002	908
2644	1334442	199	1050	883
2645	1334661	160	998	831
2646	1334841	179	972	847
2647	1335040	179	1055	877
2648	1335459	120	264	276
2649	1335937	100	46	221
2650	1336276	140	363	982
2651	1336994	179	388	862
2652	1337552	100	276	821
2653	1338469	299	289	247
2654	1339685	379	411	899
2655	1340403	120	292	838
2656	1344052	100	100	902
2657	1344550	100	166	938
2658	1344670	140	175	918
2659	1346125	120	939	876
2660	1346444	179	830	839
2661	1346644	100	913	858
2662	1346823	180	887	807
2663	1347022	120	838	805
2664	1347341	199	958	795
2665	1347920	120	948	894
2666	1348079	140	956	891
2667	1348936	100	919	792
2668	1349116	100	858	917
2669	1349255	139	884	894
2670	1349574	180	785	940
2671	1350352	159	151	884
2672	1350790	100	944	840
2673	1350950	179	910	865
2674	1351150	180	934	876
2675	1352146	100	925	891
2676	1352744	140	900	891
2677	1353004	199	853	836
2678	1354300	120	806	745
2679	1354539	180	802	808
2680	1354758	259	804	822
2681	1355356	120	826	933
2682	1356493	120	963	863
2683	1356852	120	1010	851
2684	1357131	100	958	799
2685	1357310	179	958	799
2686	1357549	219	1037	803
2687	1358925	140	1070	714
2688	1359324	140	1094	716
2689	1359782	140	899	729
2690	1360380	140	833	709
2691	1360899	120	947	936
2692	1361318	100	844	933
2693	1361617	100	891	971
2694	1361876	100	793	841
2695	1362314	160	951	842
2696	1362514	100	977	858
2697	1363172	120	938	790
2698	1364408	160	1072	817
2699	1365983	159	1115	910
2700	1367578	100	936	947
2701	1368435	140	895	888
2702	1386858	120	1126	954
2703	1387256	100	1031	852
2704	1387535	100	1082	827
2705	1387974	100	1078	830
2706	1388114	179	1057	810
2707	1389569	359	1084	813
2708	1390386	100	167	869
2709	1391483	140	138	960
2710	1392540	199	136	814
2711	1393058	120	55	889
2712	1393776	100	197	823
2713	1394175	100	209	830
2714	1395032	160	163	786
2715	1397185	119	141	920
2716	1397524	140	174	893
2717	1398780	160	211	902
2718	1398980	180	225	937
2719	1399697	100	214	981
2720	1400136	100	191	877
2721	1401651	180	418	885
2722	1401850	219	409	840
2723	1402548	140	349	817
2724	1402947	120	376	826
2725	1403665	120	953	933
2726	1403904	140	1047	914
2727	1405140	498	875	900
2728	1405898	219	899	951
2729	1408031	100	880	907
2730	1409128	100	217	880
2731	1410663	140	39	280
2732	1411859	120	185	932
2733	1412896	439	906	889
2734	1413414	100	996	891
2735	1413893	120	874	857
2736	1414451	120	1098	912
2737	1415388	100	939	777
2738	1415926	100	194	874
2739	1416186	100	147	880
2740	1416485	179	195	852
2741	1417282	179	216	881
2742	1417541	120	182	924
2743	1417980	100	848	867
2744	1418299	180	897	895
2745	1418518	100	886	884
2746	1418638	120	911	926
2747	1418817	100	918	949
2748	1419635	119	757	868
2749	1420033	120	837	856
2750	1421190	160	956	819
2751	1421608	299	982	850
2752	1421927	179	939	793
2753	1422705	100	1002	833
2754	1422964	100	991	827
2755	1423423	120	970	795
2756	1423702	140	968	789
2757	1424121	120	1003	848
2758	1424579	159	900	812
2759	1425616	100	892	833
2760	1427809	100	1039	896
2761	1427949	100	1053	928
2762	1428068	120	1050	897
2763	1432953	120	189	862
2764	1433192	120	191	918
2765	1435784	100	70	337
2766	1437439	120	31	301
2767	1438914	139	42	300
2768	1440569	160	974	812
2769	1441566	120	1175	884
2770	1441725	100	1198	898
2771	1441905	279	1178	903
2772	1442862	160	282	269
2773	1443101	120	338	300
2774	1443639	139	1108	930
2775	1443839	379	1219	902
2776	1444477	120	351	294
2777	1444736	100	57	300
2778	1444876	160	43	289
2779	1445075	100	45	299
2780	1445434	219	55	295
2781	1446291	100	72	251
2782	1446650	219	201	843
2783	1446889	219	267	840
2784	1447188	120	412	832
2785	1449003	179	1122	857
2786	1449202	140	1160	881
2787	1450000	160	221	877
2788	1450498	100	382	822
2789	1451256	120	278	755
2790	1451993	159	250	827
2791	1452850	199	350	627
2792	1453170	160	179	661
2793	1453548	339	189	667
2794	1453907	120	181	662
2795	1454146	120	83	653
2796	1454306	239	64	650
2797	1454585	100	108	652
2798	1454844	140	121	701
2799	1455044	199	124	708
2800	1455762	160	206	800
2801	1455961	160	246	783
2802	1456180	179	203	773
2803	1456380	100	244	787
2804	1456599	160	166	813
2805	1457038	120	252	811
2806	1457177	279	238	815
2807	1457556	120	239	816
2808	1457696	139	262	781
2809	1457954	179	272	773
2810	1458832	419	223	797
2811	1459530	120	140	820
2812	1460546	160	208	865
2813	1460726	120	243	860
2814	1461264	100	150	848
2815	1461424	120	78	781
2816	1461862	199	302	792
2817	1462281	259	240	841
2818	1462859	179	344	843
2819	1463258	140	123	762
2820	1463437	160	80	766
2821	1463637	199	140	834
2822	1463856	139	143	838
2823	1464335	100	151	843
2824	1465451	100	328	807
2825	1467425	100	121	800
2826	1467724	120	112	849
2827	1468302	100	130	782
2828	1468502	180	170	772
2829	1468701	100	110	751
2830	1469857	179	961	793
2831	1470356	160	967	880
2832	1471113	100	916	831
2833	1471652	219	774	731
2834	1471891	119	827	731
2835	1472090	239	897	702
2836	1472350	179	895	709
2837	1472688	140	830	682
2838	1473087	100	892	692
2839	1473585	140	941	651
2840	1473884	140	1047	696
2841	1474483	100	931	633
2842	1474722	140	1046	668
2843	1475141	140	1170	643
2844	1475380	120	1162	646
2845	1475579	100	875	597
2846	1476038	120	938	660
2847	1476476	100	190	647
2848	1477074	120	120	713
2849	1477473	219	328	613
2850	1478231	180	391	680
2851	1478510	100	327	687
2852	1478889	160	352	754
2853	1479308	239	119	698
2854	1479686	120	978	614
2855	1479906	160	914	642
2856	1480384	100	927	576
2857	1481222	179	1023	669
2858	1481600	239	916	658
2859	1481959	100	908	631
2860	1482358	180	830	703
2861	1482557	100	906	721
2862	1482677	159	915	736
2863	1483893	139	981	749
2864	1484571	100	1054	750
2865	1485050	140	899	761
2866	1485388	279	877	748
2867	1485748	100	857	731
2868	1485967	159	892	708
2869	1486585	160	846	587
2870	1487063	219	878	596
2871	1487642	199	938	669
2872	1487980	179	1010	820
2873	1488479	100	1013	847
2874	1489456	100	924	859
2875	1490672	140	1053	823
2876	1492586	120	871	796
2877	1493084	100	875	783
2878	1493284	100	875	794
2879	1494938	120	877	867
2880	1495676	100	884	900
2881	1496813	100	936	908
2882	1498647	159	373	811
2883	1499325	120	399	830
2884	1499883	139	989	870
2885	1500063	100	1076	897
2886	1500182	179	892	908
2887	1501279	120	335	876
2888	1502295	120	471	864
2889	1502674	100	395	842
2890	1504768	100	390	811
2891	1506442	219	420	877
2892	1506901	140	267	948
2893	1507300	140	295	936
2894	1508895	100	246	847
2895	1510071	100	47	234
2896	1511188	140	51	180
2897	1511467	100	34	164
2898	1512304	160	259	186
2899	1512504	120	290	194
2900	1512743	120	113	637
2901	1513341	100	24	580
2902	1514358	159	333	670
2903	1514597	120	325	678
2904	1514756	120	427	683
2905	1515275	239	328	687
2906	1515694	160	321	673
2907	1516032	199	337	672
2908	1516730	199	904	663
2909	1516990	140	1010	714
2910	1517468	159	1075	751
2911	1517767	199	1039	670
2912	1517986	120	1044	660
2913	1518365	139	1158	631
2914	1518724	100	1176	624
2915	1518864	100	1168	620
2916	1519063	140	1158	631
2917	1519342	299	1154	642
2918	1519681	120	1161	636
2919	1519940	100	1160	639
2920	1520060	239	1146	662
2921	1520558	140	1140	588
2922	1520718	100	1121	562
2923	1520837	140	1114	545
2924	1521515	120	1223	712
2925	1522014	100	1034	683
2926	1522273	120	1039	683
2927	1522532	120	904	665
2928	1522751	159	923	648
2929	1523768	120	879	683
2930	1524127	120	824	714
2931	1524506	120	863	738
2932	1524725	199	818	776
2933	1525024	120	979	738
2934	1526161	179	436	563
2935	1526918	139	81	540
2936	1527217	120	43	556
2937	1527357	100	70	566
2938	1527955	180	79	604
2939	1528154	100	85	612
2940	1528553	419	193	763
2941	1529410	120	268	735
2942	1529949	120	138	698
2943	1530148	140	133	695
2944	1530507	159	81	736
2945	1530706	160	133	694
2946	1531464	100	914	723
2947	1531584	239	897	638
2948	1532062	100	932	652
2949	1532182	179	1017	672
2950	1532421	120	999	731
2951	1532740	100	901	746
2952	1532860	179	827	764
2953	1533378	140	122	751
2954	1533578	339	413	813
2955	1533956	160	411	814
2956	1534455	120	315	776
2957	1535432	140	830	774
2958	1535671	140	1054	711
2959	1535830	100	1090	715
2960	1536030	179	991	727
2961	1536229	120	911	643
2962	1537026	100	875	712
2963	1537146	100	878	708
2964	1537366	139	838	777
2965	1538642	179	989	792
2966	1539718	100	1013	838
2967	1539957	140	990	861
2968	1540974	120	894	846
2969	1541473	140	945	903
2970	1542130	219	1027	871
2971	1542529	100	919	597
2972	1543167	120	1167	637
2973	1543726	100	813	657
2974	1543885	139	1035	725
2975	1544264	558	1024	758
2976	1544862	120	1021	757
2977	1545002	100	1032	771
2978	1545999	100	1037	866
2979	1547374	100	965	829
2980	1547893	100	990	795
2981	1549806	100	1052	819
2982	1550385	100	912	842
2983	1550804	100	922	856
2984	1552478	100	1061	825
2985	1553256	120	1021	790
2986	1553694	120	1055	810
2987	1555170	120	1109	886
2988	1555808	100	927	889
2989	1557024	120	1094	861
2990	1557283	100	1097	821
2991	1558420	140	1019	801
2992	1558778	100	1019	814
2993	1559157	139	995	734
2994	1560074	219	978	788
2995	1562088	140	940	724
2996	1562586	139	955	791
2997	1562866	100	990	790
2998	1563862	100	217	754
2999	1564660	120	421	678
3000	1564919	139	353	754
3001	1565737	100	129	715
3002	1566355	119	120	675
3003	1566534	120	117	641
3004	1568348	199	333	729
3005	1568667	100	305	691
3006	1569046	100	288	796
3007	1569365	239	337	796
3008	1569644	120	329	787
3009	1570422	179	932	770
3010	1571080	160	973	750
3011	1571339	100	974	788
3012	1571458	279	971	790
3013	1572416	140	1026	782
3014	1572575	239	1025	776
3015	1573034	100	363	788
3016	1575267	219	102	253
3017	1575546	160	307	268
3018	1575865	179	267	254
3019	1576144	139	105	291
3020	1576443	299	64	277
3021	1576922	100	984	791
3022	1577101	179	961	812
3023	1577819	200	955	782
3024	1579115	100	263	750
3025	1579414	160	352	698
3026	1579832	159	932	859
3027	1580092	140	918	838
3028	1580730	359	905	820
3029	1582285	140	1017	855
3030	1582743	120	1030	836
3031	1583182	120	1057	841
3032	1583840	140	983	826
3033	1583999	259	981	837
3034	1584398	259	983	840
3035	1584797	120	961	894
3036	1585794	100	905	948
3037	1586352	100	995	837
3038	1586492	100	1004	893
3039	1586990	120	175	306
3040	1587867	299	1081	842
3041	1588685	159	1079	782
3042	1590459	120	1013	736
3043	1590599	140	1005	718
3044	1590758	140	1015	703
3045	1590918	120	1006	719
3046	1592532	120	1085	919
3047	1593550	119	412	665
3048	1593888	100	475	671
3049	1594267	119	108	659
3050	1594626	100	450	676
3051	1594885	140	452	670
3052	1595344	140	424	705
3053	1596181	100	334	668
3054	1596301	120	323	679
3055	1596460	219	386	790
3056	1596759	100	382	799
3057	1596939	100	382	782
3058	1597098	140	419	783
3059	1598095	120	377	813
3060	1599690	120	395	769
3061	1599830	140	420	772
3062	1600528	120	371	742
3063	1600846	100	399	748
3064	1603518	120	428	682
3065	1603937	160	1066	628
3066	1604774	119	1047	659
3067	1604954	139	1054	655
3068	1605133	120	1046	664
3069	1605412	219	1056	678
3070	1605652	140	1052	677
3071	1606130	160	899	638
3072	1606409	179	901	634
3073	1607067	119	1004	747
3074	1607366	120	1006	767
3075	1607805	100	1020	741
3076	1608224	199	968	727
3077	1608762	239	1004	754
3078	1609420	100	1036	724
3079	1609539	199	1038	694
3080	1609798	339	1004	803
3081	1610516	160	985	816
3082	1611533	100	989	867
3083	1612510	199	142	669
3084	1613208	100	311	663
3085	1613507	199	396	697
3086	1613726	100	378	689
3087	1613946	120	398	682
3088	1614544	160	72	636
3089	1615381	140	241	795
3090	1615740	179	199	806
3091	1615979	199	157	806
3092	1616916	239	1025	777
3093	1617494	179	235	766
3094	1618092	120	138	690
3095	1618252	120	218	720
3096	1618651	120	169	765
3097	1618790	120	141	800
3098	1619687	120	246	847
3099	1619887	219	254	835
3100	1620146	100	267	835
3101	1620305	259	288	841
3102	1620644	100	270	838
3103	1621043	100	192	852
3104	1621681	120	165	864
3105	1622080	219	108	849
3106	1622698	120	1027	870
3107	1622957	159	1051	789
3108	1623137	120	1059	789
3109	1623336	100	992	874
3110	1623456	100	1007	859
3111	1623695	140	1069	869
3112	1623994	259	1054	875
3113	1624273	279	991	862
3114	1624592	120	980	866
3115	1624732	339	984	865
3116	1625130	200	1080	873
3117	1625350	100	1060	859
3118	1625469	359	1066	869
3119	1626048	160	1015	797
3120	1628081	100	354	890
3121	1633185	160	357	779
3122	1633364	140	367	799
3123	1634621	139	286	910
3124	1634840	120	999	821
3125	1635079	160	997	855
3126	1636874	140	416	953
3127	1637113	100	344	944
3128	1637631	160	352	938
3129	1640522	120	386	913
3130	1641360	140	484	858
3131	1641579	359	510	857
3132	1642416	100	1002	717
3133	1642815	179	993	709
3134	1643034	179	1131	620
3135	1643234	259	1098	632
3136	1644310	100	455	769
3137	1644828	100	336	897
3138	1645207	120	1090	655
3139	1645467	120	1136	634
3140	1645646	160	1121	653
3141	1646025	100	1122	641
3142	1646244	100	430	288
3143	1646364	160	447	277
3144	1646643	140	498	235
3145	1646802	120	495	233
3146	1646942	100	500	240
3147	1647440	139	588	258
3148	1647660	219	286	285
3149	1648836	140	655	281
3150	1649095	100	643	268
3151	1649534	140	280	300
3152	1650810	100	343	342
3153	1651308	120	966	758
3154	1651448	160	970	761
3155	1651787	140	981	749
3156	1652445	120	1101	632
3157	1652684	140	1044	662
3158	1652903	180	1052	858
3159	1653103	159	1020	850
3160	1653322	140	1039	885
3161	1653481	120	1055	882
3162	1654279	239	1019	695
3163	1654538	259	1033	682
3164	1655316	140	1035	726
3165	1655475	120	986	762
3166	1656273	179	143	191
3167	1656851	120	206	785
3168	1657010	379	95	762
3169	1657409	120	86	765
3170	1657688	140	164	780
3171	1657888	100	129	793
3172	1658007	120	129	783
3173	1658286	140	214	774
3174	1658486	179	131	685
3175	1658885	179	72	626
3176	1659303	159	56	616
3177	1659642	219	114	637
3178	1659921	199	84	637
3179	1660280	120	295	727
3180	1660420	199	336	700
3181	1660858	259	325	962
3182	1661177	180	302	932
3183	1661416	100	337	953
3184	1661536	239	332	954
3185	1662074	199	1024	860
3186	1662433	538	1024	779
3187	1662992	179	977	751
3188	1664028	160	975	734
3189	1664208	160	974	753
3190	1664966	120	960	843
3191	1665883	179	1010	761
3192	1666421	120	356	842
3193	1667318	159	802	639
3194	1667896	160	929	647
3195	1668096	100	926	634
3196	1668215	279	929	663
3197	1669013	159	789	744
3198	1669352	219	856	755
3199	1669591	179	892	735
3200	1670628	100	1048	653
3201	1670787	139	1064	660
3202	1671266	100	1125	636
3203	1671605	120	1120	630
3204	1671744	179	1037	678
3205	1671964	100	1052	682
3206	1672462	279	1129	637
3207	1673140	140	1098	742
3208	1673778	140	1074	696
3209	1674037	120	1100	683
3210	1674675	140	1089	725
3211	1676350	100	1144	726
3212	1677048	259	939	776
3213	1677805	120	840	900
3214	1679719	140	1038	828
3215	1679879	120	966	842
3216	1681115	140	1050	910
3217	1681374	120	1089	906
3218	1681713	120	1110	911
3219	1684863	100	990	795
3220	1687355	120	890	934
3221	1689967	100	871	917
3222	1690964	179	944	829
3223	1691881	100	939	843
3224	1692100	140	873	898
3225	1692400	139	868	944
3226	1692958	160	867	941
3227	1694194	180	831	870
3228	1695071	100	934	850
3229	1695250	160	955	854
3230	1695629	180	834	789
3231	1696088	120	865	803
3232	1696327	100	967	762
3233	1696447	219	915	777
3234	1696726	399	945	831
3235	1697743	120	761	858
3236	1697982	140	729	814
3237	1698420	100	970	992
3238	1699577	160	892	969
3239	1700833	100	896	864
3240	1702229	120	834	752
3241	1702448	100	846	797
3242	1703664	160	852	928
3243	1704302	100	905	968
3244	1706196	100	835	850
3245	1706495	219	908	821
3246	1707851	219	909	809
3247	1708110	259	910	776
3248	1708489	120	965	773
3249	1708628	160	912	930
3250	1709027	100	962	916
3251	1709905	100	991	924
3252	1710024	100	977	874
3253	1710582	180	896	795
3254	1711001	100	881	808
3255	1712277	120	332	661
3256	1712516	100	293	780
3257	1712776	100	255	776
3258	1712975	140	296	773
3259	1713274	100	131	674
3260	1713493	100	144	670
3261	1713673	179	305	670
3262	1714012	279	309	703
3263	1714311	140	317	696
3264	1715168	379	296	799
3265	1715826	140	267	770
3266	1716524	159	873	828
3267	1716803	140	921	841
3268	1717281	160	885	790
3269	1718896	140	988	823
3270	1719156	139	959	776
3271	1719494	100	838	816
3272	1719754	120	1038	835
3273	1719993	159	1011	878
3274	1720252	100	865	755
3275	1720711	160	854	785
3276	1721050	140	819	756
3277	1721807	140	870	791
3278	1722046	100	845	840
3279	1722884	160	906	797
3280	1723243	179	961	836
3281	1723781	160	1005	833
3282	1723960	180	1007	836
3283	1724439	140	824	782
3284	1724678	139	1049	845
3285	1725695	159	1091	913
3286	1727450	120	783	841
3287	1728028	219	779	884
3288	1729045	159	992	828
3289	1729264	239	970	826
3290	1731038	120	359	724
3291	1731317	120	346	669
3292	1731576	120	235	515
3293	1731836	100	821	540
3294	1731975	120	825	497
3295	1733431	100	1133	744
3296	1733710	239	1156	758
3297	1733969	160	1133	751
3298	1734328	359	1058	709
3299	1734946	339	1119	643
3300	1735305	100	1128	639
3301	1735624	120	1049	675
3302	1735903	299	1140	757
3303	1736262	120	1135	711
3304	1738156	140	384	678
3305	1738395	120	430	672
3306	1738894	100	1114	722
3307	1739432	179	1227	751
3308	1740788	120	1155	677
3309	1742283	120	1051	775
3310	1742622	160	1041	778
3311	1744077	100	940	844
3312	1746609	140	952	869
3313	1758233	100	939	871
3314	1760326	100	1031	834
3315	1762540	140	44	305
3316	1762699	179	47	290
3317	1762958	120	45	280
3318	1763178	140	58	288
3319	1763457	160	247	253
3320	1764494	120	289	269
3321	1764633	140	281	246
3322	1765131	140	59	278
3323	1766148	100	329	663
3324	1766368	140	338	675
3325	1767644	199	340	686
3326	1767942	180	207	726
3327	1769139	100	91	649
3328	1769757	100	185	790
3329	1770036	179	183	798
3330	1771412	100	276	900
3331	1772149	160	252	867
3332	1773226	140	250	957
3333	1773585	120	322	956
3334	1775778	159	450	866
3335	1776715	120	336	920
3336	1779586	259	313	822
3337	1780463	100	358	835
3338	1780603	140	436	847
3339	1781261	180	328	856
3340	1781660	279	390	795
3341	1782038	100	324	896
3342	1782656	179	302	866
3343	1782856	120	207	881
3344	1784391	100	67	843
3345	1784570	219	148	680
3346	1784810	159	133	674
3347	1786405	259	173	768
3348	1786764	100	170	783
3349	1786883	100	170	776
3350	1787900	179	222	854
3351	1788678	239	240	919
3352	1788957	100	302	915
3353	1789136	179	306	877
3354	1789335	120	294	872
3355	1789834	120	169	858
3356	1790093	120	176	911
3357	1790631	100	268	852
3358	1791768	179	272	871
3359	1792864	100	153	844
3360	1793004	120	164	858
3361	1793164	100	309	873
3362	1793463	199	334	879
3363	1793762	159	201	856
3364	1794140	219	269	274
3365	1794798	120	311	217
3366	1794938	120	305	218
3367	1795596	120	66	260
3368	1796234	179	52	227
3369	1796453	319	57	238
3370	1796852	100	41	231
3371	1797031	179	52	285
3372	1798228	100	61	254
3373	1798467	100	112	245
3374	1799244	159	249	220
3375	1799524	100	240	228
3376	1799962	100	224	884
3377	1800082	160	223	885
3378	1800720	180	272	812
3379	1801118	140	303	824
3380	1801278	219	329	887
3381	1801557	239	224	916
3382	1801836	120	156	863
3383	1802175	219	232	870
3384	1802554	140	290	815
3385	1803332	120	180	917
3386	1803471	219	228	910
3387	1803830	200	166	859
3388	1804468	159	283	854
3389	1804647	179	234	853
3390	1805445	100	271	816
3391	1805844	100	304	813
3392	1805963	120	213	861
3393	1806123	359	213	866
3394	1806542	199	272	827
3395	1806900	179	313	866
3396	1807199	120	327	884
3397	1807359	120	322	878
3398	1807498	100	192	870
3399	1807957	120	158	846
3400	1809752	100	875	630
3401	1810130	160	968	840
3402	1810569	100	994	802
3403	1810688	100	1009	799
3404	1811008	120	1015	797
3405	1811307	120	1045	693
3406	1811845	139	907	636
3407	1812104	120	899	630
3408	1812244	120	817	663
3409	1813380	140	1135	585
3410	1813619	199	1089	536
3411	1813958	120	1045	669
3412	1814297	239	905	646
3413	1814836	120	917	669
3414	1815055	100	920	664
3415	1815174	100	916	654
3416	1815553	199	935	699
3417	1815832	120	977	696
3418	1816431	120	915	730
3419	1817049	120	804	661
3420	1817228	120	856	670
3421	1818105	120	917	680
3422	1818444	100	909	684
3423	1818564	439	905	690
3424	1819262	140	820	738
3425	1820956	139	804	770
3426	1821355	159	816	772
3427	1821973	119	828	668
3428	1822551	160	806	763
3429	1823409	100	829	662
3430	1823548	140	829	667
3431	1824066	140	234	812
3432	1825123	160	327	876
3433	1825442	140	276	241
3434	1825622	100	46	248
3435	1826539	179	490	204
3436	1828214	120	834	235
3437	1828453	219	689	216
3438	1829051	159	796	225
3439	1829390	100	843	236
3440	1829529	140	830	227
3441	1829689	239	686	247
3442	1830187	179	691	237
3443	1830686	100	675	232
3444	1831045	140	517	196
3445	1831224	179	519	197
3446	1831523	100	504	206
3447	1831922	180	310	263
3448	1832121	100	266	213
3449	1833597	179	286	196
3450	1834514	100	42	226
3451	1834733	160	39	236
3452	1834932	219	48	258
3453	1835391	120	87	243
3454	1835551	120	27	213
3455	1836069	120	124	683
3456	1836308	159	108	648
3457	1836567	120	143	686
3458	1836807	159	138	691
3459	1837066	100	138	692
3460	1839817	120	253	499
3461	1841312	120	432	517
3462	1842290	100	434	669
3463	1842808	120	138	676
3464	1843844	100	90	544
3465	1844383	100	160	652
3466	1844582	239	303	854
3467	1844961	120	194	906
3468	1845440	439	260	864
3469	1845898	439	271	852
3470	1846536	219	228	802
3471	1847194	120	361	844
3472	1847633	179	275	919
3473	1848470	379	415	808
3474	1848869	100	471	785
3475	1849028	100	478	783
3476	1849148	120	418	802
3477	1849427	180	475	779
3478	1849626	100	468	771
3479	1850464	140	298	810
3480	1851421	179	445	770
3481	1851640	100	323	779
3482	1852139	119	427	704
3483	1852378	140	442	742
3484	1853136	279	323	786
3485	1853654	359	406	823
3486	1854631	100	398	800
3487	1854870	139	400	726
3488	1855070	140	463	699
3489	1856026	180	47	218
3490	1856325	100	30	237
3491	1856744	120	89	281
3492	1857522	100	428	754
3493	1857821	140	451	814
3494	1858040	219	476	829
3495	1858319	100	480	808
3496	1858439	100	531	807
3497	1858758	100	861	675
3498	1859176	120	898	671
3499	1859755	179	1061	676
3500	1860014	120	802	684
3501	1860233	419	892	758
3502	1860672	319	885	756
3503	1861210	140	843	770
3504	1861450	139	845	636
3505	1861768	120	1067	675
3506	1862028	100	1041	673
3507	1862307	279	1038	674
3508	1863124	199	1031	763
3509	1863403	598	1032	760
3510	1864081	140	1146	616
3511	1865337	139	1067	722
3512	1866035	100	1104	714
3513	1866832	100	1187	746
3514	1872136	179	900	849
3515	1872694	100	889	847
3516	1875346	160	914	958
3517	1878037	160	949	921
3518	1878775	140	980	908
3519	1879214	100	1116	864
3520	1880211	119	1077	877
3521	1880888	100	275	857
3522	1881606	159	281	903
3523	1881865	179	218	872
3524	1882144	100	308	903
3525	1882304	120	299	908
3526	1882543	100	340	916
3527	1882942	179	210	950
3528	1883500	120	218	872
3529	1883740	120	228	870
3530	1885295	139	162	816
3531	1885753	219	188	822
3532	1886232	120	295	820
3533	1886451	120	457	804
3534	1886730	120	416	797
3535	1887488	120	892	835
3536	1887727	140	953	797
3537	1888225	100	1018	710
3538	1888624	180	974	812
3539	1889222	100	993	762
3540	1890020	140	1083	695
3541	1890279	120	1068	690
3542	1890977	159	1039	647
3543	1891515	100	1091	680
3544	1891714	120	1069	689
3545	1891914	120	1054	711
3546	1892313	120	1044	691
3547	1892851	100	923	754
3548	1893070	140	964	739
3549	1893409	140	956	748
3550	1893768	120	1023	854
3551	1895104	140	870	815
3552	1895403	100	934	887
3553	1895882	100	830	941
3554	1896599	100	896	785
3555	1897118	180	885	749
3556	1897795	120	846	778
3557	1898394	100	995	921
3558	1898792	180	803	773
3559	1898992	199	809	783
3560	1899311	180	855	773
3561	1899590	120	920	847
3562	1899729	140	962	859
3563	1901623	140	975	979
3564	1903597	100	1035	888
3565	1904175	120	353	850
3566	1905571	100	997	949
3567	1905830	139	1030	903
3568	1906070	180	1065	911
3569	1908602	239	243	873
3570	1910017	160	483	687
3571	1910316	179	405	763
3572	1910834	120	1032	985
3573	1911154	120	1048	910
3574	1912469	100	970	767
3575	1913207	139	975	757
3576	1914403	259	1012	889
3577	1916876	100	847	842
3578	1917573	279	929	814
3579	1918331	140	941	830
3580	1919029	120	428	824
3581	1919567	179	251	868
3582	1920484	140	145	830
3583	1921122	179	189	784
3584	1921362	140	195	766
3585	1922059	299	276	747
3586	1922478	120	277	739
3587	1922937	259	157	844
3588	1923555	299	252	821
3589	1926246	100	173	821
3590	1926505	100	163	783
3591	1926625	100	139	809
3592	1927044	159	196	808
3593	1929715	199	1017	766
3594	1933005	160	1167	643
3595	1934500	160	1140	644
3596	1935178	199	953	693
3597	1935677	100	967	659
3598	1935796	180	967	680
3599	1937910	140	1038	700
3600	1938069	120	1083	715
3601	1938767	100	1030	783
3602	1939265	140	1028	791
3603	1939604	100	975	711
3604	1940083	100	1046	806
3605	1940561	100	1067	812
3606	1940681	100	998	757
3607	1941219	120	991	779
3608	1941399	160	995	768
3609	1941877	120	953	742
3610	1943372	160	1023	783
3611	1943652	120	985	852
3612	1944968	100	936	922
3613	1947938	100	1097	871
3614	1948696	160	812	865
3615	1951906	100	995	856
3616	1952065	100	975	827
3617	1952424	100	918	845
3618	1954817	100	1055	775
3619	1956132	100	957	770
3620	1956551	439	1080	758
3621	1959362	120	983	671
3622	1959940	140	970	738
3623	1960339	100	966	738
3624	1961934	160	753	808
3625	1962692	100	876	870
3626	1963768	259	779	753
3627	1964387	160	1069	731
3628	1964686	199	1013	679
3629	1965005	160	964	667
3630	1965663	100	1189	655
3631	1966480	140	1073	618
3632	1967198	120	1083	686
3633	1967497	140	1049	702
3634	1967896	120	1080	717
3635	1970468	199	986	810
3636	1971444	199	900	858
3637	1974116	100	354	866
3638	1974435	100	430	847
3639	1975073	120	1067	675
3640	1975432	180	1081	702
3641	1975711	199	1077	693
3642	1976588	219	1099	739
3643	1977864	120	1088	637
3644	1978004	100	1125	553
3645	1978243	140	1034	705
3646	1979041	139	1122	830
3647	1979360	120	1116	676
3648	1979898	140	427	262
3649	1980695	199	300	522
3650	1981194	279	399	667
3651	1981493	179	373	742
3652	1981832	120	461	757
3653	1981991	140	1046	873
3654	1982191	180	898	705
3655	1982510	120	1256	1063
3656	1983188	199	944	684
3657	1983806	100	1221	1030
