17	1	-1280	-1024	0.711	0.762	-1.000	-1.000	4	-1280	-1024	0.513	0.759	-1.000	-1.000	4
37	2	-1280	-1024	-1.000	-1.000	-1.000	-1.000	4	-1280	-1024	-1.000	-1.000	-1.000	-1.000	4
57	3	610	369	0.712	0.762	878.575	4.345	0	577	388	0.514	0.758	871.288	3.982	0
77	4	573	372	0.712	0.762	878.575	4.391	0	591	377	0.514	0.758	871.288	3.917	0
96	5	575	339	0.712	0.762	878.575	4.386	0	582	384	0.514	0.758	871.288	3.989	0
116	6	580	334	0.711	0.762	876.096	4.369	0	589	380	0.513	0.758	870.411	3.967	0
136	7	569	385	0.711	0.762	876.096	4.411	0	585	375	0.513	0.758	870.411	3.984	0
156	8	556	387	0.712	0.762	876.096	4.420	0	594	344	0.514	0.759	870.411	3.958	0
176	9	581	409	0.710	0.762	876.096	4.382	0	584	354	0.512	0.759	870.411	4.043	0
196	10	587	411	0.710	0.763	876.096	4.398	0	558	381	0.512	0.759	870.411	3.998	0
236	11	594	409	0.711	0.763	878.132	4.401	0	531	373	0.513	0.759	867.850	3.996	0
237	12	592	370	0.711	0.762	878.132	4.315	0	581	359	0.513	0.759	867.850	3.931	0
256	13	571	376	0.710	0.762	878.132	4.306	0	581	373	0.512	0.759	867.850	3.808	0
276	14	585	374	0.710	0.762	878.132	4.315	0	573	368	0.512	0.759	867.850	3.821	0
296	15	600	407	0.710	0.762	878.132	4.227	0	545	344	0.512	0.759	867.850	3.930	0
316	16	614	416	0.712	0.762	876.388	4.209	0	531	346	0.514	0.759	869.007	3.877	0
336	17	586	350	0.712	0.762	876.388	4.220	0	556	358	0.514	0.759	869.007	3.769	0
356	18	590	389	0.713	0.762	876.388	4.264	0	537	224	0.515	0.759	869.007	3.752	0
376	19	595	362	0.714	0.762	876.388	4.193	0	540	273	0.516	0.759	869.007	3.751	0
396	20	616	418	0.714	0.762	876.388	4.217	0	573	317	0.516	0.759	869.007	3.740	0
415	21	620	419	0.715	0.762	875.421	4.216	0	566	255	0.517	0.759	870.522	3.742	0
435	22	574	418	0.715	0.762	875.421	4.229	0	580	382	0.517	0.758	870.522	3.854	0
455	23	587	396	0.715	0.762	875.421	4.198	0	563	349	0.517	0.758	870.522	3.724	0
475	24	583	335	0.715	0.762	875.421	4.121	0	546	375	0.517	0.758	870.522	3.691	0
495	25	597	414	0.715	0.762	875.421	4.093	0	553	387	0.518	0.757	870.522	3.698	0
515	26	600	383	0.717	0.761	877.746	4.075	0	544	376	0.519	0.757	871.765	3.711	0
535	27	558	414	0.717	0.762	877.746	4.109	0	551	314	0.520	0.758	871.765	3.624	0
555	28	358	611	0.718	0.763	877.746	4.147	0	360	507	0.521	0.759	871.765	3.738	0
575	29	295	705	0.718	0.764	877.746	4.030	0	269	646	0.522	0.760	871.765	3.648	0
595	30	324	701	0.719	0.764	877.746	4.016	0	284	663	0.522	0.759	871.765	3.672	0
615	31	292	705	0.721	0.764	870.862	3.970	0	299	685	0.523	0.759	866.717	3.688	0
635	32	310	718	0.721	0.764	870.862	3.977	0	271	678	0.523	0.759	866.717	3.691	0
655	33	303	731	0.720	0.764	870.862	3.988	0	286	683	0.523	0.760	866.717	3.653	0
675	34	324	732	0.720	0.764	870.862	3.975	0	320	696	0.523	0.760	866.717	3.708	0
695	35	314	684	0.723	0.764	870.862	3.924	0	273	643	0.525	0.760	866.717	3.632	0
715	36	248	687	0.722	0.764	871.002	3.922	0	224	645	0.524	0.759	865.551	3.638	0
734	37	293	681	0.722	0.764	871.002	3.959	0	295	681	0.524	0.759	865.551	3.655	0
754	38	327	706	0.721	0.764	871.002	4.061	0	285	683	0.523	0.759	865.551	3.668	0
774	39	303	658	0.723	0.764	871.002	4.048	0	282	664	0.525	0.759	865.551	3.620	0
794	40	405	714	0.720	0.764	871.002	4.140	0	383	670	0.522	0.759	865.551	3.720	0
814	41	403	698	0.720	0.763	873.579	4.173	0	365	665	0.523	0.759	866.069	3.723	0
834	42	423	687	0.720	0.763	873.579	4.008	0	404	665	0.522	0.759	866.069	3.670	0
854	43	449	653	0.719	0.763	873.579	4.017	0	384	631	0.521	0.759	866.069	3.649	0
874	44	423	704	0.719	0.763	873.579	4.003	0	392	658	0.521	0.759	866.069	3.651	0
894	45	417	672	0.719	0.763	873.579	4.000	0	384	663	0.521	0.759	866.069	3.656	0
914	46	413	665	0.720	0.763	875.351	4.008	0	386	656	0.522	0.759	863.317	3.648	0
934	47	438	652	0.719	0.763	875.351	3.905	0	-1280	-1024	0.719	0.763	-1.000	-1.000	4
954	48	422	686	0.718	0.763	875.351	3.867	0	384	675	0.520	0.759	863.317	3.656	0
974	49	418	653	0.718	0.763	875.351	3.943	0	405	690	0.520	0.759	863.317	3.650	0
994	50	424	650	0.720	0.763	875.351	3.982	0	427	683	0.522	0.759	863.317	3.664	0
1014	51	339	659	0.719	0.763	873.556	3.980	0	559	690	0.521	0.759	865.243	3.672	0
1034	52	-1280	-1024	0.521	0.760	-1.000	-1.000	4	374	622	0.521	0.760	865.243	3.530	0
1054	53	582	676	0.716	0.763	873.556	4.132	0	593	644	0.519	0.760	865.243	3.632	0
1073	54	852	662	0.714	0.763	873.556	3.964	0	852	627	0.517	0.760	865.243	3.451	0
1093	55	1039	659	0.713	0.764	873.556	3.976	0	1022	610	0.516	0.760	865.243	3.560	0
1113	56	1241	648	0.715	0.764	877.217	4.005	0	1150	613	0.517	0.760	863.191	3.559	0
1133	57	1055	613	0.715	0.764	877.217	3.952	0	958	605	0.517	0.761	863.191	3.481	0
1153	58	1008	653	0.716	0.764	877.217	4.055	0	960	621	0.518	0.761	863.191	3.525	0
1173	59	1001	637	0.716	0.764	877.217	3.930	0	955	649	0.518	0.761	863.191	3.608	0
1193	60	977	648	0.716	0.764	877.217	3.907	0	974	650	0.518	0.761	863.191	3.507	0
1213	61	965	649	0.715	0.764	870.384	3.894	0	977	649	0.517	0.761	865.001	3.559	0
1233	62	999	660	0.715	0.764	870.384	3.932	0	968	641	0.517	0.760	865.001	3.567	0
1253	63	989	687	0.714	0.763	870.384	3.924	0	968	676	0.517	0.760	865.001	3.610	0
1273	64	991	701	0.714	0.763	870.384	3.980	0	988	651	0.517	0.760	865.001	3.510	0
1293	65	966	667	0.715	0.763	870.384	3.885	0	954	603	0.517	0.760	865.001	3.502	0
1313	66	963	680	0.717	0.761	875.033	3.912	0	959	609	0.520	0.758	867.553	3.504	0
1333	67	407	169	0.718	0.760	875.033	3.791	0	399	113	0.522	0.757	867.553	3.529	0
1353	68	245	65	0.719	0.760	875.033	3.873	0	260	121	0.523	0.756	867.553	3.524	0
1372	69	246	68	0.720	0.760	875.033	3.831	0	274	129	0.523	0.756	867.553	3.521	0
1392	70	262	111	0.720	0.760	875.033	3.886	0	276	85	0.523	0.757	867.553	3.496	0
1412	71	291	90	0.720	0.761	861.806	3.818	0	305	115	0.523	0.757	857.960	3.452	0
1432	72	282	141	0.720	0.761	861.806	3.782	0	252	100	0.523	0.757	857.960	3.494	0
1452	73	297	115	0.719	0.761	861.806	3.798	0	245	105	0.522	0.757	857.960	3.542	0
1472	74	275	150	0.719	0.761	861.806	3.807	0	273	154	0.522	0.756	857.960	3.475	0
1492	75	236	123	0.720	0.761	861.806	3.837	0	248	165	0.523	0.757	857.960	3.446	0
1512	76	209	140	0.721	0.761	860.401	3.846	0	257	169	0.525	0.757	861.667	3.464	0
1532	77	93	142	0.721	0.761	860.401	3.753	0	90	171	0.525	0.757	861.667	3.466	0
1552	78	74	173	0.721	0.761	860.401	3.749	0	38	142	0.524	0.757	861.667	3.427	0
1572	79	82	189	0.721	0.760	860.401	3.840	0	77	157	0.524	0.757	861.667	3.405	0
1592	80	79	176	0.721	0.760	860.401	3.789	0	63	175	0.524	0.756	861.667	3.454	0
1612	81	83	182	0.722	0.760	860.776	3.814	0	84	166	0.525	0.756	862.651	3.432	0
1632	82	93	171	0.723	0.760	860.776	3.803	0	67	131	0.526	0.756	862.651	3.498	0
1652	83	68	210	0.722	0.760	860.776	3.815	0	36	92	0.525	0.756	862.651	3.537	0
1671	84	89	160	0.723	0.760	860.776	3.670	0	95	191	0.526	0.755	862.651	3.558	0
1692	85	39	168	0.723	0.760	860.776	3.715	0	45	131	0.526	0.755	862.651	3.508	0
1712	86	41	184	0.724	0.760	857.001	3.661	0	69	143	0.527	0.755	860.431	3.524	0
1731	87	96	167	0.724	0.760	857.001	3.714	0	-1280	-1024	0.724	0.760	-1.000	-1.000	4
1751	88	81	138	0.724	0.760	857.001	3.744	0	68	142	0.528	0.755	860.431	3.435	0
1771	89	86	162	0.724	0.760	857.001	3.750	0	57	179	0.528	0.755	860.431	3.492	0
1791	90	76	181	0.725	0.760	857.001	3.752	0	43	128	0.528	0.755	860.431	3.453	0
1811	91	72	166	0.725	0.760	860.617	3.770	0	32	139	0.528	0.755	858.731	3.472	0
1831	92	70	145	0.725	0.760	860.617	3.813	0	74	143	0.528	0.755	858.731	3.465	0
1851	93	95	167	0.725	0.759	860.617	3.828	0	87	109	0.528	0.755	858.731	3.476	0
1871	94	116	101	0.724	0.759	860.617	3.857	0	114	115	0.528	0.754	858.731	3.462	0
1891	95	101	92	0.724	0.760	860.617	3.712	0	59	71	0.528	0.754	858.731	3.466	0
1911	96	89	94	0.726	0.760	856.357	3.700	0	3	54	0.529	0.754	859.486	3.471	0
1931	97	86	113	0.726	0.759	856.357	3.703	0	106	80	0.530	0.754	859.486	3.530	0
1951	98	113	92	0.725	0.759	856.357	3.803	0	82	93	0.529	0.754	859.486	3.510	0
1971	99	87	95	0.727	0.759	856.357	3.804	0	-1280	-1024	0.727	0.759	-1.000	-1.000	4
1991	100	92	119	0.727	0.759	856.357	3.738	0	73	64	0.531	0.754	859.486	3.448	0
2011	101	63	112	0.727	0.759	854.669	3.784	0	72	61	0.531	0.754	860.430	3.452	0
2030	102	85	80	0.727	0.759	854.669	3.731	0	110	90	0.531	0.754	860.430	3.450	0
2050	103	81	70	0.727	0.759	854.669	3.775	0	18	3	0.531	0.753	860.430	3.463	0
2070	104	84	63	0.727	0.759	854.669	3.736	0	59	42	0.531	0.754	860.430	3.441	0
2090	105	78	68	0.727	0.759	854.669	3.769	0	64	12	0.531	0.754	860.430	3.498	0
2110	106	69	52	0.727	0.759	859.254	3.774	0	64	25	0.531	0.754	860.550	3.503	0
2130	107	-1280	-1024	-1.000	-1.000	-1.000	-1.000	4	-1280	-1024	-1.000	-1.000	-1.000	-1.000	4
2150	108	-796	947	0.726	0.759	859.254	10.698	0	1339	418	0.530	0.754	860.550	9.059	0
2170	109	-888	916	0.726	0.759	859.254	10.319	0	1416	427	0.529	0.754	860.550	8.938	0
2190	110	-870	918	0.726	0.759	859.254	10.240	0	1429	377	0.529	0.754	860.550	8.917	0
2210	111	-853	920	0.727	0.759	859.286	10.161	0	1442	370	0.530	0.754	860.040	8.891	0
2230	112	-1094	1021	0.727	0.759	859.286	10.268	0	1849	375	0.530	0.754	860.040	8.467	0
2250	113	-1280	-1024	-1.000	-1.000	-1.000	-1.000	4	-1280	-1024	-1.000	-1.000	-1.000	-1.000	4
2270	114	-1280	-1024	-1.000	-1.000	-1.000	-1.000	4	-1280	-1024	-1.000	-1.000	-1.000	-1.000	4
2290	115	-1280	-1024	0.527	0.754	-1.000	-1.000	4	1660	526	0.527	0.754	860.040	8.890	0
2310	116	-1280	-1024	0.725	0.759	-1.000	-1.000	4	1661	525	0.528	0.754	860.255	8.892	0
2330	117	-366	714	0.725	0.759	863.442	10.625	0	-1280	-1024	0.725	0.759	-1.000	-1.000	4
2349	118	-1280	-1024	-1.000	-1.000	-1.000	-1.000	4	-1280	-1024	-1.000	-1.000	-1.000	-1.000	4
2369	119	346	32	0.725	0.759	863.442	3.813	0	326	17	0.528	0.754	860.255	3.511	0
2389	120	341	8	0.725	0.759	863.442	3.794	0	331	55	0.528	0.754	860.255	3.489	0
2409	121	334	-23	0.725	0.759	866.045	3.787	0	332	59	0.528	0.754	858.589	3.483	0
2429	122	329	-1	0.725	0.759	866.045	3.918	0	-1280	-1024	0.725	0.759	-1.000	-1.000	4
2449	123	364	71	0.724	0.758	866.045	3.888	0	340	18	0.527	0.753	858.589	3.543	0
2469	124	375	-20	0.724	0.758	866.045	3.792	0	311	15	0.527	0.753	858.589	3.581	0
2489	125	358	57	0.724	0.758	866.045	3.927	0	320	-13	0.527	0.753	858.589	3.464	0
2509	126	359	12	0.725	0.758	869.925	3.906	0	303	-37	0.528	0.753	863.204	3.469	0
2529	127	365	46	0.725	0.758	869.925	3.961	0	327	40	0.528	0.753	863.204	3.591	0
2549	128	350	46	0.724	0.758	869.925	3.960	0	351	8	0.527	0.753	863.204	3.666	0
2569	129	351	15	0.724	0.758	869.925	3.942	0	314	48	0.527	0.753	863.204	3.581	0
2589	130	354	44	0.724	0.758	869.925	3.898	0	339	42	0.527	0.753	863.204	3.591	0
2609	131	356	38	0.725	0.758	869.380	3.886	0	323	44	0.528	0.753	859.589	3.593	0
2629	132	340	37	0.725	0.758	869.380	3.875	0	313	10	0.528	0.753	859.589	3.615	0
2649	133	320	-22	0.724	0.758	869.380	3.967	0	318	-9	0.528	0.753	859.589	3.624	0
2668	134	351	2	0.725	0.758	869.380	3.939	0	360	-13	0.528	0.753	859.589	3.678	0
2688	135	346	58	0.724	0.758	869.380	3.925	0	312	28	0.528	0.753	859.589	3.718	0
2708	136	339	31	0.724	0.758	871.296	3.920	0	323	2	0.527	0.753	866.287	3.773	0
2728	137	768	27	0.722	0.758	871.296	4.055	0	786	-33	0.525	0.753	866.287	3.622	0
2748	138	1000	64	0.719	0.758	871.296	3.951	0	1060	-29	0.522	0.753	866.287	3.688	0
2768	139	1143	15	0.718	0.757	871.296	4.040	0	1111	-36	0.522	0.753	866.287	3.644	0
2788	140	1143	16	0.717	0.757	871.296	4.052	0	1140	-83	0.521	0.753	866.287	3.725	0
2808	141	1131	33	0.718	0.757	865.497	3.995	0	1146	-42	0.522	0.753	853.088	3.667	0
2828	142	1109	28	0.717	0.756	865.497	4.020	0	1081	-4	0.521	0.753	853.088	3.575	0
2848	143	1116	24	0.717	0.756	865.497	3.954	0	1079	7	0.521	0.753	853.088	3.579	0
2868	144	1135	-16	0.717	0.756	865.497	3.973	0	1072	-54	0.520	0.753	853.088	3.424	0
2888	145	1143	-3	0.716	0.756	865.497	3.927	0	1114	-7	0.519	0.753	853.088	3.576	0
2908	146	1149	-7	0.714	0.756	861.883	3.907	0	1124	-24	0.518	0.753	855.340	3.549	0
2928	147	1101	28	0.714	0.756	861.883	3.958	0	1078	-40	0.517	0.753	855.340	3.567	0
2948	148	1112	32	0.715	0.756	861.883	3.912	0	1087	-17	0.518	0.753	855.340	3.516	0
2968	149	1002	78	0.715	0.756	861.883	3.992	0	1001	50	0.518	0.754	855.340	3.505	0
2987	150	667	144	0.717	0.757	861.883	3.956	0	697	77	0.520	0.754	855.340	3.545	0
3007	151	646	145	0.719	0.757	869.825	3.989	0	678	69	0.522	0.754	866.919	3.562	0
3027	152	-1280	-1024	-1.000	-1.000	-1.000	-1.000	4	-1280	-1024	-1.000	-1.000	-1.000	-1.000	4
3047	153	-1280	-1024	-1.000	-1.000	-1.000	-1.000	4	-1280	-1024	-1.000	-1.000	-1.000	-1.000	4
3067	154	417	98	0.721	0.758	869.825	3.977	0	-1280	-1024	0.721	0.758	-1.000	-1.000	4
3087	155	412	104	0.721	0.758	869.825	3.936	0	406	106	0.524	0.754	866.919	3.646	0
3107	156	415	110	0.721	0.758	867.094	3.923	0	409	112	0.524	0.754	864.300	3.635	0
3127	157	424	130	0.721	0.758	867.094	3.953	0	385	77	0.524	0.754	864.300	3.602	0
3147	158	459	117	0.722	0.757	867.094	3.890	0	398	154	0.525	0.754	864.300	3.667	0
3167	159	373	135	0.720	0.757	867.094	4.007	0	384	83	0.523	0.753	864.300	3.660	0
3187	160	302	57	0.721	0.757	867.094	3.938	0	290	76	0.524	0.753	864.300	3.568	0
3207	161	233	60	0.721	0.757	862.361	3.914	0	264	94	0.525	0.753	865.190	3.600	0
3227	162	307	42	0.721	0.757	862.361	3.910	0	334	55	0.525	0.753	865.190	3.634	0
3247	163	310	34	0.720	0.757	862.361	3.924	0	296	7	0.524	0.753	865.190	3.640	0
3267	164	302	77	0.721	0.757	862.361	3.920	0	314	48	0.524	0.753	865.190	3.616	0
3287	165	309	96	0.721	0.757	862.361	4.013	0	322	51	0.524	0.753	865.190	3.678	0
3306	166	305	90	0.722	0.757	869.375	4.060	0	329	38	0.525	0.754	865.034	3.679	0
3326	167	297	45	0.722	0.757	869.375	3.895	0	299	44	0.525	0.753	865.034	3.705	0
3346	168	298	18	0.721	0.757	869.375	4.047	0	324	64	0.524	0.753	865.034	3.785	0
3366	169	288	54	0.721	0.757	869.375	3.981	0	292	53	0.524	0.753	865.034	3.752	0
3386	170	292	67	0.721	0.757	869.375	4.009	0	319	59	0.524	0.753	865.034	3.707	0
3406	171	286	67	0.722	0.757	868.066	3.969	0	307	61	0.524	0.753	862.101	3.726	0
3426	172	318	29	0.721	0.757	868.066	4.061	0	314	54	0.524	0.753	862.101	3.697	0
3446	173	335	36	0.720	0.757	868.066	4.071	0	357	49	0.523	0.753	862.101	3.724	0
3466	174	349	39	0.720	0.757	868.066	4.039	0	324	67	0.523	0.754	862.101	3.760	0
3486	175	338	91	0.720	0.757	868.066	4.060	0	316	75	0.523	0.754	862.101	3.718	0
3506	176	344	102	0.721	0.757	867.337	4.053	0	308	78	0.524	0.754	861.969	3.727	0
3526	177	326	120	0.721	0.757	867.337	4.112	0	345	56	0.524	0.754	861.969	3.695	0
3546	178	345	63	0.720	0.757	867.337	4.000	0	341	71	0.523	0.754	861.969	3.645	0
3566	179	317	69	0.720	0.757	867.337	4.086	0	343	79	0.523	0.754	861.969	3.674	0
3586	180	342	81	0.720	0.757	867.337	3.996	0	314	56	0.523	0.754	861.969	3.753	0
3606	181	332	93	0.721	0.757	865.753	4.015	0	305	63	0.523	0.754	863.115	3.745	0
3625	182	223	77	0.721	0.757	865.753	4.120	0	197	48	0.524	0.754	863.115	3.628	0
3645	183	165	103	0.720	0.757	865.753	4.115	0	186	37	0.523	0.754	863.115	3.718	0
3665	184	184	68	0.720	0.758	865.753	3.986	0	161	56	0.523	0.754	863.115	3.732	0
3685	185	185	68	0.720	0.758	865.753	4.049	0	178	98	0.523	0.754	863.115	3.717	0
3705	186	188	77	0.721	0.758	862.444	3.994	0	168	103	0.524	0.754	862.401	3.718	0
3725	187	199	78	0.721	0.758	862.444	3.931	0	212	96	0.524	0.754	862.401	3.616	0
3745	188	224	80	0.720	0.758	862.444	4.037	0	192	52	0.523	0.754	862.401	3.669	0
3765	189	206	88	0.720	0.758	862.444	3.896	0	174	129	0.523	0.755	862.401	3.706	0
3785	190	218	97	0.720	0.758	862.444	3.965	0	175	98	0.522	0.755	862.401	3.661	0
3805	191	211	119	0.720	0.758	855.020	3.952	0	177	105	0.523	0.755	858.742	3.656	0
3825	192	238	88	0.721	0.758	855.020	3.973	0	170	98	0.523	0.755	858.742	3.564	0
3845	193	199	116	0.720	0.758	855.020	3.923	0	194	97	0.523	0.755	858.742	3.574	0
3865	194	224	83	0.720	0.758	855.020	3.926	0	170	74	0.523	0.755	858.742	3.532	0
3885	195	207	102	0.720	0.758	855.020	3.952	0	208	114	0.523	0.755	858.742	3.541	0
3905	196	216	90	0.721	0.758	862.979	3.962	0	204	104	0.524	0.755	860.653	3.541	0
3925	197	183	58	0.721	0.758	862.979	3.965	0	203	61	0.524	0.755	860.653	3.603	0
3944	198	198	85	0.720	0.758	862.979	3.999	0	160	93	0.523	0.755	860.653	3.589	0
3964	199	175	102	0.720	0.758	862.979	3.942	0	197	159	0.523	0.755	860.653	3.644	0
3984	200	195	146	0.720	0.758	862.979	3.902	0	207	160	0.523	0.755	860.653	3.638	0
4004	201	186	168	0.721	0.758	864.467	3.906	0	215	150	0.524	0.755	865.257	3.652	0
4024	202	197	200	0.721	0.758	864.467	4.042	0	157	144	0.524	0.755	865.257	3.581	0
4044	203	210	164	0.720	0.758	864.467	3.988	0	172	130	0.523	0.755	865.257	3.671	0
4064	204	187	107	0.720	0.758	864.467	3.984	0	185	159	0.523	0.755	865.257	3.613	0
4084	205	207	142	0.720	0.758	864.467	3.947	0	208	117	0.523	0.755	865.257	3.694	0
4104	206	198	113	0.721	0.758	865.346	3.937	0	225	130	0.524	0.755	861.476	3.666	0
4124	207	175	144	0.721	0.758	865.346	4.019	0	205	161	0.524	0.755	861.476	3.665	0
4144	208	183	144	0.720	0.758	865.346	3.977	0	171	162	0.523	0.755	861.476	3.615	0
4164	209	181	133	0.720	0.758	865.346	4.020	0	178	186	0.523	0.755	861.476	3.655	0
4184	210	199	83	0.720	0.757	865.346	4.038	0	209	37	0.523	0.754	861.476	3.588	0
4204	211	206	84	0.721	0.757	861.867	4.013	0	225	37	0.524	0.754	860.584	3.588	0
4224	212	205	57	0.721	0.757	861.867	4.045	0	171	58	0.524	0.754	860.584	3.613	0
4244	213	173	25	0.720	0.757	861.867	4.115	0	178	61	0.523	0.754	860.584	3.683	0
4263	214	199	25	0.720	0.757	861.867	4.023	0	178	33	0.523	0.754	860.584	3.768	0
4283	215	233	26	0.720	0.757	861.867	4.106	0	186	8	0.523	0.754	860.584	3.675	0
4303	216	261	30	0.722	0.757	861.077	4.069	0	189	0	0.524	0.754	859.872	3.697	0
4323	217	169	38	0.722	0.757	861.077	4.148	0	178	63	0.525	0.754	859.872	3.762	0
4343	218	217	95	0.721	0.757	861.077	4.069	0	204	98	0.524	0.754	859.872	3.741	0
4363	219	208	70	0.721	0.757	861.077	4.144	0	200	68	0.524	0.754	859.872	3.703	0
4383	220	181	110	0.721	0.757	861.077	4.123	0	188	67	0.524	0.754	859.872	3.677	0
4403	221	166	106	0.722	0.757	861.343	4.101	0	180	58	0.525	0.754	863.665	3.666	0
4423	222	204	50	0.723	0.757	861.343	4.199	0	184	60	0.525	0.753	863.665	3.695	0
4443	223	223	36	0.722	0.757	861.343	4.202	0	190	14	0.525	0.753	863.665	3.801	0
4463	224	236	85	0.722	0.757	861.343	4.167	0	184	33	0.525	0.753	863.665	3.839	0
4483	225	221	52	0.722	0.757	861.343	4.169	0	179	31	0.525	0.753	863.665	3.770	0
4503	226	225	58	0.723	0.757	860.912	4.168	0	177	47	0.526	0.753	856.087	3.739	0
4523	227	243	63	0.723	0.757	860.912	4.110	0	202	43	0.526	0.753	856.087	3.807	0
4543	228	217	39	0.722	0.757	860.912	4.096	0	201	47	0.525	0.753	856.087	3.732	0
4563	229	101	64	0.722	0.757	860.912	4.105	0	87	106	0.525	0.753	856.087	3.811	0
4582	230	49	108	0.723	0.757	860.912	4.223	0	40	88	0.526	0.753	856.087	3.861	0
4602	231	-2	116	0.724	0.757	856.636	4.206	0	-13	58	0.527	0.754	861.147	3.870	0
4622	232	58	132	0.724	0.757	856.636	4.110	0	21	87	0.527	0.753	861.147	3.794	0
4642	233	30	82	0.723	0.757	856.636	4.197	0	35	105	0.526	0.753	861.147	3.758	0
4662	234	40	86	0.723	0.757	856.636	4.206	0	25	109	0.526	0.753	861.147	3.845	0
4682	235	20	68	0.723	0.757	856.636	4.170	0	25	110	0.526	0.753	861.147	3.695	0
4702	236	23	74	0.724	0.757	852.901	4.146	0	28	124	0.527	0.753	855.756	3.681	0
4722	237	64	94	0.724	0.757	852.901	4.153	0	59	134	0.527	0.753	855.756	3.695	0
4742	238	36	127	0.724	0.758	852.901	4.171	0	36	142	0.528	0.754	855.756	3.720	0
4762	239	41	224	0.724	0.758	852.901	4.115	0	33	184	0.528	0.754	855.756	3.772	0
4782	240	21	195	0.725	0.758	852.901	4.125	0	21	175	0.528	0.754	855.756	3.783	0
4802	241	12	156	0.725	0.758	857.287	4.138	0	12	163	0.528	0.754	857.192	3.801	0
4822	242	54	198	0.725	0.758	857.287	4.117	0	19	168	0.528	0.754	857.192	3.710	0
4842	243	45	227	0.725	0.758	857.287	4.103	0	54	192	0.528	0.754	857.192	3.753	0
4862	244	5	178	0.725	0.758	857.287	4.137	0	23	191	0.528	0.754	857.192	3.701	0
4881	245	19	183	0.725	0.758	857.287	4.134	0	28	160	0.528	0.754	857.192	3.733	0
4901	246	27	191	0.726	0.758	855.972	4.124	0	31	168	0.529	0.754	858.335	3.748	0
4921	247	-1280	-1024	-1.000	-1.000	-1.000	-1.000	4	-1280	-1024	-1.000	-1.000	-1.000	-1.000	4
4941	248	-1280	-1024	-1.000	-1.000	-1.000	-1.000	4	-1280	-1024	-1.000	-1.000	-1.000	-1.000	4
4961	249	-1280	-1024	-1.000	-1.000	-1.000	-1.000	4	-1280	-1024	-1.000	-1.000	-1.000	-1.000	4
4981	250	259	198	0.723	0.758	855.972	4.215	0	226	156	0.527	0.754	858.335	3.785	0
5001	251	255	157	0.725	0.758	873.791	4.301	0	225	149	0.527	0.754	861.343	3.798	0
5021	252	280	187	0.725	0.758	873.791	4.272	0	231	208	0.527	0.754	861.343	3.785	0
5041	253	250	199	0.724	0.758	873.791	4.176	0	235	174	0.527	0.754	861.343	3.741	0
5061	254	254	214	0.724	0.758	873.791	4.214	0	259	166	0.527	0.754	861.343	3.772	0
5081	255	387	422	0.723	0.760	873.791	4.253	0	318	430	0.526	0.756	861.343	3.711	0
5101	256	289	448	0.723	0.761	875.221	4.220	0	243	419	0.527	0.757	866.108	3.733	0
5121	257	387	666	0.723	0.761	875.221	4.303	0	356	631	0.527	0.757	866.108	3.825	0
5141	258	382	677	0.722	0.761	875.221	4.319	0	353	626	0.525	0.757	866.108	3.817	0
5161	259	372	668	0.722	0.761	875.221	4.205	0	334	665	0.525	0.757	866.108	3.761	0
5181	260	384	676	0.722	0.761	875.221	4.204	0	349	649	0.525	0.757	866.108	3.787	0
5200	261	381	674	0.723	0.761	874.001	4.197	0	341	659	0.526	0.758	864.752	3.760	0
5220	262	370	676	0.723	0.761	874.001	4.191	0	330	654	0.526	0.758	864.752	3.763	0
5240	263	369	654	0.722	0.761	874.001	4.227	0	340	633	0.525	0.758	864.752	3.776	0
5260	264	374	654	0.722	0.761	874.001	4.378	0	368	655	0.524	0.758	864.752	3.794	0
5280	265	377	651	0.724	0.761	874.001	4.202	0	347	626	0.526	0.758	864.752	3.787	0
5300	266	311	650	0.723	0.761	873.162	4.255	0	298	634	0.525	0.758	860.896	3.780	0
5320	267	473	662	0.722	0.761	873.162	4.224	0	496	666	0.524	0.758	860.896	3.787	0
5340	268	695	662	0.719	0.761	873.162	4.147	0	710	648	0.521	0.758	860.896	3.782	0
5360	269	975	669	0.716	0.761	873.162	4.179	0	940	645	0.519	0.758	860.896	3.777	0
5380	270	1100	660	0.716	0.761	873.162	4.174	0	1005	678	0.519	0.758	860.896	3.940	0
5400	271	-1280	-1024	-1.000	-1.000	-1.000	-1.000	4	-1280	-1024	-1.000	-1.000	-1.000	-1.000	4
5420	272	-1280	-1024	-1.000	-1.000	-1.000	-1.000	4	-1280	-1024	-1.000	-1.000	-1.000	-1.000	4
5440	273	1122	703	0.717	0.761	873.162	4.541	0	995	688	0.520	0.758	860.896	3.818	0
5460	274	1121	706	0.716	0.761	870.426	4.527	0	996	685	0.519	0.758	864.107	3.832	0
5480	275	1048	634	0.716	0.761	870.426	4.476	0	1031	629	0.518	0.758	864.107	4.012	0
5500	276	1043	711	0.717	0.761	870.426	4.144	0	1028	656	0.519	0.758	864.107	3.713	0
5519	277	1055	696	0.717	0.761	870.426	4.215	0	992	676	0.519	0.759	864.107	3.796	0
5539	278	1064	631	0.717	0.761	870.426	4.333	0	994	671	0.519	0.759	864.107	3.775	0
5559	279	-1280	-1024	-1.000	-1.000	-1.000	-1.000	4	-1280	-1024	-1.000	-1.000	-1.000	-1.000	4
5579	280	-1280	-1024	-1.000	-1.000	-1.000	-1.000	4	-1280	-1024	-1.000	-1.000	-1.000	-1.000	4
5599	281	-1280	-1024	-1.000	-1.000	-1.000	-1.000	4	-1280	-1024	-1.000	-1.000	-1.000	-1.000	4
5619	282	-1280	-1024	-1.000	-1.000	-1.000	-1.000	4	-1280	-1024	-1.000	-1.000	-1.000	-1.000	4
5639	283	-1280	-1024	-1.000	-1.000	-1.000	-1.000	4	-1280	-1024	-1.000	-1.000	-1.000	-1.000	4
5659	284	-1280	-1024	-1.000	-1.000	-1.000	-1.000	4	-1280	-1024	-1.000	-1.000	-1.000	-1.000	4
5679	285	-1280	-1024	0.515	0.759	-1.000	-1.000	4	-1280	-1024	0.515	0.759	-1.000	-1.000	4
5699	286	1107	703	0.713	0.761	857.826	4.191	0	1050	659	0.515	0.759	857.826	3.931	0
5719	287	1058	583	0.713	0.761	857.826	4.331	0	1033	481	0.515	0.759	857.826	4.133	0
5739	288	1089	657	0.713	0.761	857.826	4.114	0	1051	677	0.515	0.759	857.826	3.652	0
5759	289	1050	729	0.712	0.761	857.826	4.091	0	1025	655	0.514	0.759	857.826	3.594	0
5779	290	1065	672	0.712	0.761	871.309	4.132	0	1036	605	0.514	0.760	866.265	3.610	0
5799	291	1072	409	0.712	0.761	871.309	5.128	0	-1280	-1024	0.712	0.761	-1.000	-1.000	4
5819	292	1120	678	0.713	0.761	871.309	4.096	0	1109	639	0.514	0.760	866.265	3.817	0
5838	293	1135	686	0.712	0.761	871.309	4.108	0	1118	620	0.514	0.760	866.265	3.757	0
5858	294	1126	678	0.712	0.761	871.309	4.147	0	1122	624	0.514	0.760	866.265	3.727	0
5878	295	1127	694	0.711	0.761	860.540	4.116	0	1124	635	0.513	0.760	860.358	3.672	0
5898	296	1137	691	0.711	0.761	860.540	4.045	0	1096	664	0.513	0.760	860.358	3.728	0
5918	297	1147	714	0.712	0.761	860.540	4.066	0	1120	656	0.514	0.760	860.358	3.741	0
5938	298	1127	708	0.712	0.761	860.540	4.103	0	1119	655	0.513	0.760	860.358	3.719	0
5958	299	857	677	0.713	0.761	860.540	4.100	0	920	654	0.515	0.760	860.358	3.763	0
5978	300	928	659	0.715	0.761	881.233	4.195	0	1008	641	0.517	0.760	868.383	3.798	0
5998	301	385	681	0.715	0.761	881.233	4.195	0	412	662	0.518	0.760	868.383	3.836	0
6018	302	405	642	0.716	0.761	881.233	4.228	0	436	655	0.519	0.761	868.383	3.853	0
6038	303	397	664	0.717	0.761	881.233	4.162	0	421	655	0.519	0.761	868.383	3.841	0
6058	304	426	671	0.717	0.761	881.233	4.060	0	412	650	0.519	0.761	868.383	3.808	0
6078	305	448	676	0.716	0.761	863.989	3.970	0	405	652	0.518	0.761	865.544	3.799	0
6098	306	441	707	0.716	0.761	863.989	4.108	0	425	650	0.518	0.761	865.544	3.803	0
6118	307	434	695	0.715	0.761	863.989	4.096	0	387	655	0.517	0.760	865.544	3.742	0
6138	308	449	727	0.716	0.761	863.989	4.040	0	-1280	-1024	0.716	0.761	-1.000	-1.000	4
6157	309	452	711	0.716	0.761	863.989	4.014	0	406	661	0.518	0.760	865.544	3.752	0
6178	310	401	708	0.716	0.761	869.083	4.010	0	405	658	0.518	0.760	867.717	3.761	0
6197	311	432	681	0.716	0.761	869.083	4.093	0	432	671	0.518	0.760	867.717	3.739	0
6217	312	449	694	0.716	0.761	869.083	4.074	0	409	668	0.517	0.760	867.717	3.760	0
6237	313	317	552	0.715	0.760	869.083	3.961	0	389	502	0.517	0.759	867.717	3.806	0
6257	314	226	304	0.716	0.758	869.083	3.983	0	226	224	0.518	0.757	867.717	3.699	0
6277	315	142	262	0.717	0.758	858.581	3.956	0	133	144	0.520	0.757	864.449	3.703	0
6297	316	202	236	0.717	0.758	858.581	3.912	0	204	141	0.520	0.757	864.449	3.797	0
6317	317	177	243	0.716	0.758	858.581	4.101	0	188	205	0.519	0.757	864.449	3.754	0
6337	318	200	233	0.717	0.758	858.581	4.011	0	179	218	0.519	0.757	864.449	3.689	0
6357	319	192	211	0.717	0.758	858.581	3.981	0	184	174	0.519	0.757	864.449	3.756	0
6377	320	182	199	0.718	0.758	863.447	4.082	0	180	214	0.520	0.757	863.197	3.729	0
6397	321	182	230	0.718	0.758	863.447	3.932	0	197	250	0.520	0.757	863.197	3.670	0
6417	322	227	232	0.717	0.758	863.447	4.018	0	164	201	0.520	0.757	863.197	3.602	0
6437	323	217	270	0.718	0.758	863.447	4.023	0	175	190	0.520	0.757	863.197	3.691	0
6457	324	206	258	0.718	0.758	863.447	3.999	0	191	219	0.520	0.757	863.197	3.663	0
6477	325	195	266	0.719	0.759	865.540	4.004	0	203	219	0.521	0.757	864.348	3.655	0
6497	326	189	615	0.718	0.761	865.540	3.953	0	191	605	0.521	0.760	864.348	3.701	0
6516	327	229	847	0.716	0.763	865.540	4.018	0	232	877	0.520	0.761	864.348	3.720	0
6536	328	269	915	0.717	0.763	865.540	3.970	0	231	863	0.520	0.761	864.348	3.634	0
6556	329	270	933	0.717	0.763	865.540	3.998	0	221	893	0.520	0.761	864.348	3.696	0
6576	330	271	949	0.718	0.763	869.668	3.994	0	217	894	0.521	0.761	863.974	3.683	0
6596	331	252	890	0.718	0.763	869.668	4.028	0	216	881	0.520	0.761	863.974	3.759	0
6616	332	255	885	0.717	0.763	869.668	4.063	0	234	858	0.520	0.761	863.974	3.694	0
6636	333	235	921	0.717	0.763	869.668	4.063	0	204	871	0.520	0.761	863.974	3.768	0
6656	334	235	766	0.717	0.761	869.668	4.108	0	268	703	0.520	0.760	863.974	3.865	0
6676	335	237	768	0.718	0.758	863.652	4.094	0	269	682	0.522	0.757	861.865	3.851	0
6696	336	114	157	0.719	0.758	863.652	4.107	0	178	201	0.522	0.756	861.865	3.726	0
6716	337	138	207	0.718	0.758	863.652	4.190	0	150	160	0.521	0.756	861.865	3.690	0
6736	338	151	165	0.718	0.758	863.652	4.170	0	132	166	0.521	0.756	861.865	3.826	0
6756	339	164	167	0.718	0.758	863.652	4.114	0	160	135	0.521	0.756	861.865	3.817	0
6776	340	177	174	0.719	0.758	861.602	4.142	0	161	142	0.522	0.756	855.908	3.781	0
6796	341	145	208	0.719	0.758	861.602	4.113	0	148	168	0.522	0.756	855.908	3.705	0
6815	342	133	175	0.719	0.758	861.602	4.113	0	174	200	0.521	0.756	855.908	3.813	0
6835	343	146	215	0.719	0.758	861.602	4.128	0	152	167	0.522	0.756	855.908	3.762	0
6855	344	171	200	0.719	0.758	861.602	4.190	0	141	175	0.522	0.756	855.908	3.736	0
6875	345	187	193	0.720	0.759	861.423	4.200	0	127	172	0.523	0.757	860.659	3.801	0
6895	346	155	178	0.720	0.759	861.423	4.091	0	169	183	0.523	0.757	860.659	3.817	0
6915	347	171	173	0.720	0.759	861.423	4.156	0	171	167	0.522	0.757	860.659	3.750	0
6935	348	156	131	0.720	0.759	861.423	4.187	0	163	196	0.522	0.757	860.659	3.723	0
6955	349	135	178	0.720	0.759	861.423	4.156	0	150	200	0.522	0.757	860.659	3.722	0
6975	350	117	167	0.721	0.759	860.197	4.161	0	140	205	0.523	0.757	860.600	3.720	0
6995	351	139	176	0.721	0.759	860.197	4.086	0	165	162	0.523	0.756	860.600	3.723	0
7015	352	211	211	0.719	0.759	860.197	4.131	0	217	192	0.522	0.756	860.600	3.758	0
7035	353	245	187	0.719	0.758	860.197	4.155	0	238	167	0.522	0.756	860.600	3.768	0
7055	354	225	207	0.719	0.758	860.197	4.099	0	249	187	0.522	0.756	860.600	3.684	0
7075	355	241	194	0.720	0.758	861.641	4.136	0	260	174	0.522	0.756	861.675	3.705	0
7095	356	253	266	0.719	0.758	861.641	4.172	0	230	172	0.522	0.756	861.675	3.710	0
7115	357	220	192	0.718	0.758	861.641	4.097	0	206	128	0.521	0.756	861.675	3.676	0
7134	358	228	208	0.718	0.758	861.641	3.965	0	233	201	0.521	0.756	861.675	3.691	0
7154	359	220	175	0.718	0.758	861.641	4.091	0	228	120	0.521	0.756	861.675	3.771	0
7174	360	221	166	0.719	0.758	865.238	4.062	0	222	139	0.522	0.756	862.280	3.766	0
7194	361	250	181	0.719	0.758	865.238	4.070	0	217	196	0.522	0.756	862.280	3.697	0
7214	362	234	193	0.718	0.758	865.238	4.135	0	223	165	0.521	0.756	862.280	3.671	0
7234	363	237	229	0.718	0.758	865.238	4.095	0	210	163	0.521	0.756	862.280	3.641	0
7254	364	214	177	0.718	0.758	865.238	4.073	0	213	143	0.521	0.756	862.280	3.700	0
7274	365	209	192	0.719	0.758	865.033	4.095	0	216	136	0.522	0.756	862.334	3.680	0
7294	366	228	203	0.719	0.758	865.033	4.054	0	200	144	0.522	0.756	862.334	3.663	0
7314	367	217	157	0.719	0.758	865.033	4.023	0	217	192	0.521	0.756	862.334	3.680	0
7334	368	229	181	0.719	0.758	865.033	4.001	0	249	167	0.521	0.756	862.334	3.719	0
7354	369	229	147	0.719	0.758	865.033	3.986	0	214	145	0.521	0.756	862.334	3.542	0
7374	370	231	156	0.720	0.758	863.246	3.963	0	223	165	0.522	0.756	860.806	3.544	0
7394	371	242	159	0.719	0.758	863.246	3.980	0	222	157	0.522	0.756	860.806	3.693	0
7414	372	234	206	0.719	0.758	863.246	3.964	0	193	134	0.521	0.756	860.806	3.611	0
7434	373	227	202	0.719	0.758	863.246	4.031	0	206	188	0.521	0.756	860.806	3.580	0
7453	374	228	193	0.718	0.758	863.246	4.083	0	221	185	0.521	0.756	860.806	3.593	0
7473	375	228	184	0.719	0.758	864.610	4.106	0	233	176	0.522	0.756	863.553	3.588	0
7493	376	231	190	0.719	0.758	864.610	4.046	0	219	132	0.522	0.756	863.553	3.702	0
7513	377	218	184	0.718	0.758	864.610	4.078	0	217	128	0.521	0.756	863.553	3.660	0
7533	378	211	165	0.718	0.758	864.610	4.073	0	220	185	0.521	0.756	863.553	3.641	0
7553	379	236	170	0.718	0.758	864.610	4.121	0	209	147	0.521	0.756	863.553	3.688	0
7573	380	240	177	0.719	0.758	863.695	4.129	0	207	162	0.522	0.756	863.133	3.660	0
7593	381	229	154	0.719	0.758	863.695	4.183	0	232	192	0.522	0.756	863.133	3.713	0
7613	382	238	174	0.718	0.758	863.695	4.039	0	235	157	0.521	0.756	863.133	3.684	0
7633	383	229	171	0.718	0.758	863.695	4.168	0	247	122	0.521	0.756	863.133	3.692	0
7653	384	234	178	0.718	0.758	863.695	4.008	0	246	188	0.521	0.756	863.133	3.579	0
7673	385	229	174	0.719	0.758	865.225	4.048	0	246	164	0.521	0.756	861.870	3.551	0
7693	386	205	189	0.719	0.758	865.225	4.027	0	205	183	0.521	0.756	861.870	3.671	0
7713	387	227	181	0.718	0.758	865.225	4.059	0	242	176	0.520	0.756	861.870	3.698	0
7733	388	237	197	0.718	0.758	865.225	4.033	0	236	174	0.520	0.756	861.870	3.567	0
7752	389	279	76	0.717	0.758	865.225	4.035	0	277	46	0.520	0.756	861.870	3.600	0
7772	390	208	79	0.718	0.758	859.515	4.011	0	286	36	0.521	0.756	859.367	3.565	0
7792	391	317	35	0.718	0.758	859.515	3.981	0	261	72	0.520	0.756	859.367	3.623	0
7812	392	303	85	0.717	0.758	859.515	3.935	0	270	48	0.519	0.756	859.367	3.580	0
7832	393	291	63	0.717	0.757	859.515	4.049	0	290	91	0.519	0.755	859.367	3.617	0
7852	394	296	22	0.716	0.757	859.515	4.058	0	295	81	0.519	0.755	859.367	3.637	0
7872	395	290	22	0.717	0.757	866.490	4.099	0	300	80	0.520	0.755	859.656	3.626	0
7892	396	307	41	0.717	0.757	866.490	4.029	0	276	17	0.520	0.755	859.656	3.643	0
7912	397	296	59	0.716	0.757	866.490	3.975	0	314	83	0.519	0.755	859.656	3.694	0
7932	398	317	34	0.716	0.757	866.490	4.018	0	296	80	0.519	0.755	859.656	3.644	0
7952	399	310	42	0.716	0.757	866.490	4.027	0	288	23	0.519	0.755	859.656	3.534	0
7972	400	303	51	0.717	0.757	864.098	4.000	0	279	47	0.519	0.755	862.853	3.551	0
7992	401	335	56	0.716	0.757	864.098	4.008	0	325	43	0.519	0.755	862.853	3.621	0
8012	402	330	63	0.716	0.757	864.098	4.003	0	305	66	0.518	0.755	862.853	3.616	0
8032	403	310	28	0.716	0.757	864.098	3.989	0	307	12	0.518	0.755	862.853	3.645	0
8052	404	326	19	0.716	0.757	864.098	4.042	0	321	9	0.518	0.755	862.853	3.643	0
8072	405	318	19	0.717	0.757	860.895	4.024	0	327	11	0.520	0.755	860.341	3.631	0
8091	406	321	68	0.717	0.757	860.895	4.068	0	326	64	0.520	0.755	860.341	3.741	0
8111	407	318	61	0.717	0.757	860.895	4.006	0	318	51	0.519	0.755	860.341	3.535	0
8131	408	328	64	0.717	0.757	860.895	4.003	0	297	64	0.519	0.755	860.341	3.691	0
8151	409	341	15	0.718	0.757	860.895	4.106	0	296	-3	0.520	0.755	860.341	3.625	0
8171	410	352	16	0.720	0.757	858.121	4.065	0	296	2	0.522	0.755	855.215	3.530	0
8191	411	166	43	0.720	0.757	858.121	4.018	0	166	66	0.522	0.755	855.215	3.578	0
8211	412	181	72	0.719	0.757	858.121	3.945	0	171	66	0.522	0.754	855.215	3.628	0
8231	413	174	60	0.720	0.757	858.121	3.907	0	168	68	0.522	0.754	855.215	3.497	0
8251	414	195	87	0.720	0.757	858.121	3.951	0	166	45	0.522	0.754	855.215	3.488	0
8271	415	197	84	0.721	0.757	859.834	3.948	0	161	30	0.523	0.755	861.157	3.502	0
8291	416	182	24	0.721	0.757	859.834	3.930	0	168	56	0.523	0.754	861.157	3.648	0
8311	417	170	60	0.720	0.757	859.834	3.852	0	161	72	0.523	0.754	861.157	3.570	0
8331	418	188	31	0.720	0.757	859.834	3.951	0	172	81	0.523	0.754	861.157	3.532	0
8351	419	207	58	0.720	0.757	859.834	3.979	0	181	89	0.523	0.754	861.157	3.525	0
8371	420	227	62	0.721	0.757	854.184	3.943	0	190	101	0.524	0.754	859.375	3.512	0
8391	421	187	55	0.721	0.757	854.184	3.894	0	169	48	0.524	0.754	859.375	3.526	0
8410	422	164	76	0.720	0.757	854.184	3.814	0	174	55	0.523	0.754	859.375	3.554	0
8430	423	204	53	0.720	0.757	854.184	3.846	0	165	70	0.523	0.754	859.375	3.469	0
8450	424	265	76	0.720	0.757	854.184	4.052	0	254	25	0.522	0.754	859.375	3.605	0
8470	425	175	44	0.720	0.757	861.700	4.068	0	169	17	0.523	0.754	862.438	3.606	0
8490	426	358	57	0.720	0.757	861.700	3.878	0	312	6	0.522	0.754	862.438	3.553	0
8510	427	355	29	0.719	0.757	861.700	3.910	0	314	18	0.522	0.754	862.438	3.560	0
8530	428	354	37	0.719	0.757	861.700	3.821	0	348	-19	0.522	0.754	862.438	3.616	0
8550	429	350	23	0.719	0.757	861.700	3.779	0	347	27	0.521	0.754	862.438	3.589	0
8570	430	348	16	0.720	0.757	864.692	3.778	0	347	34	0.522	0.754	855.221	3.580	0
8590	431	344	29	0.719	0.757	864.692	3.876	0	315	23	0.522	0.754	855.221	3.529	0
8610	432	320	45	0.718	0.757	864.692	3.925	0	307	91	0.521	0.754	855.221	3.549	0
8630	433	327	12	0.718	0.757	864.692	3.882	0	316	15	0.521	0.754	855.221	3.609	0
8650	434	302	-26	0.718	0.757	864.692	3.899	0	302	87	0.521	0.754	855.221	3.529	0
8670	435	299	-36	0.719	0.757	866.785	3.924	0	302	52	0.522	0.755	858.665	3.569	0
8690	436	347	47	0.719	0.757	866.785	3.818	0	308	51	0.522	0.754	858.665	3.568	0
8709	437	342	32	0.719	0.757	866.785	3.962	0	304	79	0.521	0.754	858.665	3.579	0
8729	438	344	23	0.719	0.757	866.785	3.936	0	331	63	0.521	0.754	858.665	3.586	0
8749	439	338	48	0.719	0.757	866.785	3.905	0	340	97	0.521	0.754	858.665	3.522	0
8769	440	337	49	0.720	0.757	863.056	3.860	0	350	93	0.522	0.755	860.484	3.533	0
8789	441	354	14	0.719	0.757	863.056	3.992	0	308	53	0.522	0.754	860.484	3.597	0
8809	442	325	36	0.719	0.757	863.056	4.073	0	323	45	0.521	0.754	860.484	3.571	0
8829	443	187	0	0.719	0.757	863.056	4.065	0	174	24	0.522	0.754	860.484	3.669	0
8849	444	161	50	0.719	0.757	863.056	3.898	0	175	61	0.522	0.754	860.484	3.680	0
8869	445	136	56	0.720	0.757	858.508	3.908	0	174	48	0.523	0.754	863.367	3.703	0
8889	446	168	67	0.720	0.757	858.508	3.943	0	161	48	0.523	0.754	863.367	3.783	0
8909	447	173	70	0.719	0.757	858.508	3.993	0	170	86	0.522	0.754	863.367	3.713	0
8929	448	167	55	0.719	0.757	858.508	3.955	0	197	37	0.522	0.754	863.367	3.693	0
8949	449	181	48	0.719	0.757	858.508	3.924	0	197	68	0.522	0.754	863.367	3.612	0
8969	450	182	48	0.720	0.757	857.161	3.932	0	198	85	0.523	0.754	859.506	3.555	0
8989	451	187	56	0.720	0.757	857.161	4.024	0	189	75	0.523	0.754	859.506	3.619	0
9009	452	185	66	0.719	0.757	857.161	3.978	0	161	60	0.522	0.754	859.506	3.530	0
9028	453	190	20	0.720	0.757	857.161	3.946	0	149	50	0.522	0.754	859.506	3.605	0
9048	454	198	54	0.720	0.757	857.161	3.982	0	156	72	0.522	0.754	859.506	3.660	0
9068	455	204	47	0.721	0.757	857.477	3.974	0	151	63	0.523	0.754	859.239	3.636	0
9088	456	347	211	0.719	0.758	857.477	3.920	0	396	250	0.522	0.755	859.239	3.611	0
9108	457	552	486	0.717	0.759	857.477	3.974	0	537	405	0.520	0.757	859.239	3.618	0
9128	458	685	583	0.716	0.760	857.477	3.997	0	654	590	0.519	0.758	859.239	3.492	0
9148	459	671	622	0.716	0.760	857.477	3.920	0	697	546	0.519	0.758	859.239	3.533	0
9168	460	671	636	0.717	0.760	877.973	4.046	0	747	489	0.520	0.758	868.242	3.535	0
9188	461	687	639	0.717	0.760	877.973	4.087	0	667	596	0.520	0.758	868.242	3.597	0
9208	462	712	560	0.716	0.760	877.973	4.040	0	695	548	0.519	0.758	868.242	3.567	0
9228	463	736	574	0.716	0.760	877.973	4.012	0	677	587	0.519	0.758	868.242	3.620	0
9248	464	718	576	0.716	0.760	877.973	4.022	0	687	581	0.518	0.758	868.242	3.634	0
9268	465	726	578	0.717	0.760	876.681	4.001	0	676	570	0.519	0.758	864.295	3.619	0
9288	466	645	604	0.717	0.760	876.681	4.057	0	595	567	0.520	0.758	864.295	3.537	0
9308	467	379	679	0.719	0.760	876.681	4.004	0	400	646	0.522	0.758	864.295	3.592	0
9328	468	376	649	0.720	0.760	876.681	3.958	0	396	662	0.523	0.758	864.295	3.727	0
9347	469	380	679	0.720	0.760	876.681	4.087	0	350	655	0.522	0.758	864.295	3.639	0
9367	470	384	673	0.719	0.760	873.336	4.036	0	334	665	0.521	0.758	863.387	3.696	0
9387	471	374	688	0.719	0.760	873.336	3.993	0	355	678	0.521	0.758	863.387	3.596	0
9407	472	378	704	0.719	0.760	873.336	4.060	0	-1280	-1024	0.719	0.760	-1.000	-1.000	4
9427	473	385	688	0.719	0.760	873.336	3.948	0	365	688	0.521	0.758	863.387	3.675	0
9447	474	372	660	0.719	0.760	873.336	4.103	0	348	677	0.521	0.758	863.387	3.766	0
9467	475	385	661	0.719	0.760	874.760	4.087	0	348	675	0.521	0.758	865.460	3.775	0
9487	476	408	626	0.719	0.760	874.760	4.436	0	-1280	-1024	0.719	0.760	-1.000	-1.000	4
9507	477	391	650	0.718	0.760	874.760	3.951	0	369	672	0.520	0.758	865.460	3.639	0
9527	478	411	678	0.717	0.760	874.760	4.149	0	431	686	0.519	0.758	865.460	3.727	0
9547	479	-1280	-1024	0.517	0.758	-1.000	-1.000	4	753	671	0.517	0.758	865.460	3.631	0
9567	480	-1280	-1024	0.715	0.760	-1.000	-1.000	4	902	673	0.517	0.758	865.422	3.658	0
9587	481	864	679	0.715	0.760	874.221	4.000	0	857	649	0.517	0.758	865.422	3.579	0
9607	482	843	667	0.714	0.760	874.221	4.189	0	812	635	0.517	0.759	865.422	3.688	0
9627	483	877	699	0.715	0.761	874.221	4.038	0	862	552	0.518	0.759	865.422	3.590	0
9647	484	841	722	0.715	0.761	874.221	4.180	0	872	594	0.518	0.759	865.422	3.603	0
9666	485	799	729	0.715	0.761	874.467	4.128	0	879	563	0.518	0.759	865.059	3.633	0
9686	486	-1280	-1024	0.518	0.758	-1.000	-1.000	4	3518	848	0.518	0.758	865.059	10.385	0
9706	487	-1280	-1024	-1.000	-1.000	-1.000	-1.000	4	-1280	-1024	-1.000	-1.000	-1.000	-1.000	4
9726	488	871	659	0.716	0.760	874.467	4.051	0	872	657	0.519	0.758	865.059	3.785	0
9746	489	885	664	0.716	0.760	874.467	4.083	0	-1280	-1024	0.716	0.760	-1.000	-1.000	4
9766	490	885	665	0.715	0.760	874.298	4.083	0	-1280	-1024	0.517	0.758	-1.000	-1.000	4
9786	491	-1280	-1024	0.517	0.758	-1.000	-1.000	4	854	645	0.517	0.758	863.853	3.565	0
9806	492	-1280	-1024	0.518	0.758	-1.000	-1.000	4	870	650	0.518	0.758	863.853	3.680	0
9826	493	-1280	-1024	0.518	0.758	-1.000	-1.000	4	851	671	0.518	0.758	863.853	3.632	0
9846	494	-1280	-1024	0.518	0.758	-1.000	-1.000	4	863	665	0.518	0.758	863.853	3.659	0
9866	495	-1280	-1024	0.714	0.760	-1.000	-1.000	4	854	660	0.517	0.759	864.583	3.639	0
9886	496	1005	658	0.713	0.760	874.364	3.996	0	972	684	0.516	0.759	864.583	3.716	0
9906	497	1077	712	0.713	0.760	874.364	3.961	0	1046	671	0.515	0.759	864.583	3.631	0
9926	498	1113	673	0.713	0.760	874.364	3.981	0	1036	680	0.515	0.759	864.583	3.677	0
9946	499	1097	651	0.713	0.760	874.364	3.885	0	1033	671	0.516	0.759	864.583	3.743	0
9966	500	1110	679	0.713	0.760	865.752	3.826	0	1031	671	0.516	0.759	866.568	3.722	0
9985	501	1069	700	0.713	0.760	865.752	3.875	0	1039	651	0.516	0.759	866.568	3.602	0
10005	502	1105	669	0.713	0.760	865.752	3.832	0	1013	668	0.516	0.759	866.568	3.669	0
10025	503	1113	683	0.713	0.760	865.752	3.853	0	1060	639	0.516	0.759	866.568	3.600	0
10045	504	1116	659	0.714	0.760	865.752	3.866	0	1041	653	0.516	0.759	866.568	3.596	0
10065	505	1115	673	0.713	0.761	854.905	3.802	0	1037	659	0.516	0.759	862.270	3.595	0
10085	506	-400	868	0.714	0.761	854.905	9.441	0	3308	903	0.516	0.759	862.270	9.336	0
10105	507	-1280	-1024	-1.000	-1.000	-1.000	-1.000	4	-1280	-1024	-1.000	-1.000	-1.000	-1.000	4
10125	508	-1280	-1024	0.517	0.759	-1.000	-1.000	4	1073	656	0.517	0.759	862.270	3.622	0
10145	509	1059	684	0.714	0.761	854.905	3.884	0	1058	637	0.517	0.759	862.270	3.606	0
