20	1	-1280	-1024	0.602	0.773	-1.000	-1.000	4	-1280	-1024	0.384	0.769	-1.000	-1.000	4
40	2	-1280	-1024	-1.000	-1.000	-1.000	-1.000	4	-1280	-1024	-1.000	-1.000	-1.000	-1.000	4
60	3	549	420	0.603	0.772	822.225	4.334	0	539	436	0.385	0.768	821.896	4.601	0
80	4	544	428	0.603	0.772	822.225	4.245	0	537	431	0.385	0.768	821.896	4.598	0
99	5	551	420	0.603	0.772	822.225	4.286	0	547	420	0.385	0.768	821.896	4.508	0
119	6	551	423	0.602	0.772	822.206	4.240	0	549	411	0.384	0.768	822.688	4.481	0
139	7	567	430	0.602	0.772	822.206	4.250	0	544	429	0.384	0.768	822.688	4.534	0
159	8	563	414	0.603	0.772	822.206	4.311	0	526	445	0.385	0.768	822.688	4.562	0
179	9	528	447	0.601	0.772	822.206	4.359	0	550	420	0.384	0.768	822.688	4.576	0
199	10	539	430	0.602	0.772	822.206	4.342	0	551	444	0.384	0.768	822.688	4.612	0
219	11	525	429	0.602	0.772	823.480	4.375	0	549	435	0.384	0.768	822.498	4.633	0
239	12	545	432	0.602	0.772	823.480	4.363	0	549	449	0.384	0.768	822.498	4.568	0
259	13	546	447	0.602	0.772	823.480	4.371	0	557	440	0.384	0.768	822.498	4.579	0
279	14	549	444	0.601	0.772	823.480	4.312	0	549	431	0.383	0.768	822.498	4.622	0
299	15	548	446	0.601	0.772	823.480	4.348	0	545	440	0.383	0.768	822.498	4.579	0
319	16	546	448	0.602	0.772	821.351	4.324	0	541	439	0.384	0.768	821.381	4.587	0
339	17	534	441	0.602	0.772	821.351	4.372	0	548	447	0.384	0.768	821.381	4.472	0
359	18	541	472	0.602	0.773	821.351	4.201	0	531	436	0.384	0.769	821.381	4.389	0
379	19	518	567	0.603	0.774	821.351	4.165	0	-1280	-1024	0.603	0.774	-1.000	-1.000	4
398	20	500	568	0.603	0.774	821.351	4.173	0	496	564	0.385	0.770	821.381	4.331	0
418	21	467	573	0.602	0.774	817.746	4.163	0	497	565	0.384	0.770	820.300	4.325	0
438	22	769	634	0.600	0.774	817.746	4.135	0	758	600	0.382	0.770	820.300	4.213	0
458	23	775	594	0.600	0.774	817.746	3.995	0	763	595	0.382	0.770	820.300	4.153	0
498	24	748	603	0.599	0.774	817.746	4.010	0	-1280	-1024	0.599	0.774	-1.000	-1.000	4
518	25	759	583	0.599	0.774	817.746	3.895	0	757	587	0.381	0.771	820.300	4.038	0
538	26	752	576	0.599	0.774	822.699	3.891	0	751	594	0.381	0.771	814.367	4.009	0
558	27	756	592	0.599	0.774	822.699	3.907	0	741	577	0.381	0.771	814.367	3.971	0
578	28	867	586	0.599	0.775	822.699	3.946	0	847	625	0.381	0.771	814.367	3.984	0
598	29	926	618	0.598	0.775	822.699	3.831	0	906	633	0.381	0.771	814.367	3.965	0
618	30	937	620	0.599	0.775	822.699	3.819	0	924	626	0.381	0.771	814.367	3.944	0
638	31	948	619	0.598	0.775	824.573	3.816	0	943	624	0.380	0.771	818.457	3.963	0
658	32	926	620	0.598	0.775	824.573	3.855	0	915	644	0.380	0.771	818.457	3.970	0
678	33	-1280	-1024	0.380	0.771	-1.000	-1.000	4	931	620	0.380	0.771	818.457	3.860	0
698	34	943	628	0.598	0.775	824.573	3.748	0	921	631	0.380	0.771	818.457	3.908	0
718	35	725	615	0.599	0.775	824.573	3.869	0	748	630	0.381	0.771	818.457	3.926	0
737	36	724	619	0.600	0.775	820.519	3.851	0	740	628	0.383	0.771	817.545	3.875	0
757	37	636	628	0.600	0.774	820.519	3.744	0	604	636	0.382	0.771	817.545	3.944	0
777	38	619	578	0.600	0.774	820.519	3.795	0	616	638	0.382	0.771	817.545	3.896	0
797	39	625	577	0.601	0.774	820.519	3.760	0	615	629	0.383	0.771	817.545	3.907	0
817	40	644	589	0.601	0.774	820.519	3.673	0	602	623	0.383	0.771	817.545	3.924	0
837	41	661	590	0.600	0.774	821.918	3.690	0	589	617	0.382	0.771	819.544	3.910	0
857	42	628	608	0.600	0.774	821.918	3.704	0	615	633	0.382	0.771	819.544	3.926	0
877	43	404	537	0.603	0.773	821.918	3.731	0	436	496	0.385	0.770	819.544	3.909	0
897	44	313	305	0.602	0.771	821.918	3.797	0	328	275	0.385	0.768	819.544	3.920	0
917	45	177	172	0.603	0.770	821.918	3.710	0	231	115	0.387	0.767	819.544	3.979	0
937	46	45	54	0.604	0.769	813.456	3.702	0	137	-15	0.387	0.767	805.350	3.910	0
957	47	135	143	0.604	0.770	813.456	3.679	0	188	152	0.387	0.767	805.350	3.811	0
977	48	168	173	0.605	0.769	813.456	3.667	0	166	157	0.387	0.767	805.350	3.756	0
997	49	191	191	0.604	0.769	813.456	3.631	0	177	132	0.387	0.767	805.350	3.884	0
1017	50	166	200	0.604	0.769	813.456	3.610	0	175	130	0.387	0.767	805.350	3.814	0
1037	51	140	210	0.605	0.769	812.779	3.587	0	172	119	0.388	0.766	808.945	3.835	0
1056	52	164	163	0.605	0.769	812.779	3.714	0	180	148	0.388	0.766	808.945	3.879	0
1076	53	171	172	0.605	0.769	812.779	3.676	0	180	179	0.387	0.766	808.945	3.903	0
1096	54	193	207	0.605	0.769	812.779	3.593	0	182	165	0.387	0.766	808.945	3.871	0
1116	55	185	202	0.605	0.769	812.779	3.711	0	188	180	0.387	0.766	808.945	3.754	0
1136	56	194	189	0.606	0.769	816.578	3.688	0	191	171	0.388	0.766	810.986	3.757	0
1156	57	171	167	0.606	0.769	816.578	3.759	0	203	174	0.388	0.766	810.986	3.943	0
1176	58	164	164	0.605	0.769	816.578	3.753	0	185	138	0.387	0.766	810.986	3.919	0
1196	59	149	166	0.605	0.769	816.578	3.782	0	170	150	0.387	0.766	810.986	3.905	0
1216	60	176	165	0.605	0.770	816.578	3.780	0	187	148	0.388	0.767	810.986	3.958	0
1236	61	175	166	0.606	0.770	816.358	3.776	0	184	150	0.389	0.767	808.339	3.932	0
1256	62	155	148	0.607	0.769	816.358	3.864	0	173	138	0.389	0.766	808.339	3.995	0
1276	63	103	39	0.606	0.768	816.358	3.896	0	156	22	0.389	0.765	808.339	4.040	0
1296	64	89	22	0.606	0.768	816.358	3.943	0	133	24	0.389	0.765	808.339	4.095	0
1316	65	126	56	0.607	0.768	816.358	3.915	0	157	-18	0.390	0.765	808.339	4.109	0
1336	66	134	69	0.608	0.768	810.893	3.911	0	150	-29	0.391	0.765	807.886	4.120	0
1356	67	114	49	0.608	0.768	810.893	3.987	0	143	30	0.391	0.764	807.886	4.059	0
1375	68	134	60	0.607	0.768	810.893	3.944	0	151	41	0.390	0.764	807.886	4.081	0
1395	69	102	49	0.608	0.768	810.893	3.946	0	137	15	0.391	0.764	807.886	4.159	0
1415	70	91	29	0.608	0.768	810.893	3.990	0	150	30	0.391	0.764	807.886	4.150	0
1435	71	64	29	0.608	0.768	810.697	3.969	0	127	35	0.391	0.764	804.538	4.123	0
1455	72	50	84	0.608	0.768	810.697	3.948	0	93	41	0.391	0.765	804.538	4.146	0
1475	73	42	91	0.608	0.768	810.697	3.979	0	86	28	0.391	0.765	804.538	4.148	0
1495	74	48	90	0.608	0.768	810.697	3.991	0	109	47	0.391	0.765	804.538	4.107	0
1515	75	56	88	0.608	0.768	810.697	4.017	0	113	44	0.391	0.765	804.538	4.110	0
1535	76	45	85	0.608	0.768	813.075	4.046	0	113	39	0.390	0.765	805.920	4.120	0
1555	77	69	87	0.608	0.768	813.075	3.962	0	79	37	0.390	0.765	805.920	4.102	0
1575	78	66	89	0.608	0.768	813.075	3.968	0	92	31	0.390	0.765	805.920	4.104	0
1595	79	49	84	0.608	0.768	813.075	4.017	0	105	44	0.390	0.765	805.920	4.146	0
1615	80	46	86	0.608	0.768	813.075	4.077	0	112	43	0.390	0.765	805.920	4.151	0
1635	81	47	93	0.608	0.768	809.866	4.086	0	121	49	0.390	0.765	803.354	4.142	0
1655	82	51	89	0.608	0.768	809.866	4.074	0	108	75	0.390	0.764	803.354	4.165	0
1674	83	43	98	0.608	0.768	809.866	4.035	0	94	70	0.390	0.764	803.354	4.135	0
1694	84	46	86	0.608	0.768	809.866	4.100	0	95	53	0.390	0.764	803.354	4.121	0
1714	85	47	85	0.608	0.768	809.866	4.081	0	98	50	0.390	0.764	803.354	4.226	0
1734	86	45	81	0.608	0.768	811.853	4.088	0	99	50	0.390	0.765	802.249	4.207	0
1754	87	53	80	0.608	0.768	811.853	4.184	0	87	49	0.390	0.765	802.249	4.207	0
1774	88	49	76	0.608	0.768	811.853	4.137	0	93	55	0.390	0.764	802.249	4.224	0
1794	89	88	138	0.607	0.769	811.853	4.179	0	140	136	0.390	0.765	802.249	4.244	0
1814	90	216	514	0.606	0.772	811.853	4.177	0	245	505	0.389	0.768	802.249	4.413	0
1834	91	229	550	0.606	0.772	821.216	4.224	0	260	539	0.389	0.769	822.319	4.553	0
1854	92	231	581	0.606	0.773	821.216	4.270	0	244	583	0.389	0.769	822.319	4.450	0
1874	93	223	584	0.606	0.773	821.216	4.251	0	223	582	0.389	0.769	822.319	4.473	0
1894	94	235	595	0.606	0.773	821.216	4.255	0	235	593	0.389	0.769	822.319	4.451	0
1914	95	250	612	0.606	0.773	821.216	4.275	0	237	599	0.389	0.769	822.319	4.425	0
1934	96	253	623	0.606	0.773	817.720	4.249	0	237	605	0.389	0.769	821.407	4.424	0
1954	97	245	606	0.607	0.773	817.720	4.219	0	237	587	0.389	0.769	821.407	4.455	0
1974	98	264	605	0.607	0.773	817.720	4.325	0	226	561	0.389	0.769	821.407	4.464	0
1993	99	255	592	0.607	0.773	817.720	4.290	0	219	573	0.389	0.769	821.407	4.488	0
2013	100	251	598	0.607	0.773	817.720	4.305	0	217	582	0.389	0.769	821.407	4.496	0
2033	101	247	592	0.607	0.773	819.696	4.297	0	217	572	0.389	0.769	821.915	4.506	0
2053	102	269	607	0.607	0.773	819.696	4.237	0	218	580	0.389	0.769	821.915	4.513	0
2073	103	252	609	0.606	0.773	819.696	4.315	0	252	581	0.389	0.769	821.915	4.504	0
2093	104	366	621	0.606	0.773	819.696	4.298	0	349	633	0.388	0.769	821.915	4.510	0
2113	105	375	642	0.606	0.773	819.696	4.300	0	356	642	0.388	0.769	821.915	4.439	0
2133	106	383	647	0.605	0.773	821.681	4.313	0	370	648	0.388	0.769	823.772	4.439	0
2153	107	381	644	0.605	0.773	821.681	4.236	0	350	616	0.388	0.769	823.772	4.450	0
2173	108	365	650	0.605	0.773	821.681	4.240	0	343	607	0.388	0.769	823.772	4.448	0
2193	109	366	653	0.605	0.773	821.681	4.205	0	357	628	0.388	0.769	823.772	4.438	0
2213	110	364	650	0.605	0.773	821.681	4.205	0	351	616	0.388	0.769	823.772	4.394	0
2233	111	363	650	0.605	0.773	821.458	4.203	0	352	617	0.388	0.769	823.103	4.382	0
2253	112	366	653	0.605	0.773	821.458	4.181	0	351	622	0.388	0.769	823.103	4.355	0
2273	113	379	654	0.606	0.773	821.458	4.167	0	345	613	0.388	0.769	823.103	4.310	0
2293	114	363	623	0.606	0.773	821.458	4.085	0	346	623	0.388	0.769	823.103	4.327	0
2312	115	356	636	0.606	0.773	821.458	4.070	0	353	610	0.388	0.769	823.103	4.312	0
2333	116	358	631	0.606	0.773	817.833	4.037	0	354	618	0.388	0.769	818.423	4.293	0
2352	117	373	653	0.606	0.773	817.833	4.097	0	355	618	0.388	0.768	818.423	4.274	0
2372	118	363	643	0.606	0.773	817.833	4.049	0	345	623	0.389	0.768	818.423	4.292	0
2392	119	366	649	0.606	0.773	817.833	4.004	0	347	631	0.389	0.768	818.423	4.262	0
2412	120	370	644	0.606	0.773	817.833	4.034	0	347	622	0.389	0.768	818.423	4.169	0
2432	121	371	642	0.606	0.773	822.000	4.034	0	344	622	0.389	0.768	820.668	4.173	0
2452	122	358	629	0.606	0.773	822.000	4.008	0	352	610	0.388	0.768	820.668	4.242	0
2472	123	360	613	0.606	0.773	822.000	3.994	0	353	616	0.388	0.768	820.668	4.174	0
2492	124	355	626	0.606	0.773	822.000	3.968	0	361	616	0.388	0.768	820.668	4.206	0
2512	125	361	631	0.606	0.773	822.000	3.987	0	349	616	0.388	0.768	820.668	4.142	0
2532	126	362	631	0.606	0.773	817.481	3.955	0	350	615	0.388	0.768	821.022	4.144	0
2552	127	434	640	0.606	0.773	817.481	3.863	0	402	630	0.388	0.768	821.022	4.188	0
2572	128	449	632	0.605	0.772	817.481	3.963	0	431	633	0.387	0.768	821.022	4.168	0
2592	129	456	635	0.605	0.772	817.481	3.875	0	433	621	0.387	0.768	821.022	4.205	0
2612	130	448	652	0.605	0.772	817.481	3.920	0	434	637	0.387	0.768	821.022	4.080	0
2632	131	449	645	0.606	0.772	822.154	3.975	0	435	636	0.388	0.768	820.049	4.065	0
2652	132	430	640	0.606	0.773	822.154	3.919	0	421	622	0.388	0.768	820.049	4.106	0
2671	133	-1280	-1024	-1.000	-1.000	-1.000	-1.000	4	-1280	-1024	-1.000	-1.000	-1.000	-1.000	4
2691	134	427	618	0.606	0.773	822.154	3.916	0	424	610	0.388	0.769	820.049	4.083	0
2711	135	452	624	0.606	0.773	822.154	3.954	0	431	633	0.388	0.769	820.049	4.086	0
2731	136	452	625	0.603	0.774	824.803	3.970	0	431	632	0.386	0.769	818.132	4.080	0
2751	137	1019	592	0.601	0.774	824.803	3.932	0	1013	626	0.384	0.769	818.132	4.170	0
2771	138	1012	629	0.600	0.774	824.803	4.019	0	983	636	0.383	0.769	818.132	4.156	0
2791	139	1019	616	0.600	0.774	824.803	3.901	0	977	636	0.382	0.769	818.132	4.077	0
2811	140	1014	615	0.600	0.774	824.803	3.974	0	970	640	0.382	0.768	818.132	4.123	0
2831	141	1015	615	0.600	0.773	822.487	3.981	0	962	643	0.383	0.768	816.355	4.084	0
2851	142	983	619	0.600	0.773	822.487	4.037	0	969	673	0.382	0.768	816.355	4.081	0
2871	143	975	649	0.601	0.773	822.487	4.019	0	954	654	0.383	0.768	816.355	4.084	0
2891	144	-1280	-1024	0.382	0.768	-1.000	-1.000	4	976	645	0.382	0.768	816.355	4.128	0
2911	145	973	655	0.600	0.773	822.487	4.079	0	969	667	0.382	0.768	816.355	4.196	0
2931	146	975	653	0.599	0.773	824.363	4.088	0	998	652	0.382	0.768	819.796	4.235	0
2951	147	990	647	0.599	0.773	824.363	4.043	0	971	659	0.381	0.768	819.796	4.198	0
2970	148	997	640	0.599	0.773	824.363	4.037	0	982	647	0.381	0.768	819.796	4.171	0
2990	149	980	638	0.599	0.773	824.363	4.097	0	969	642	0.381	0.768	819.796	4.186	0
3010	150	964	666	0.599	0.773	824.363	4.101	0	957	635	0.381	0.769	819.796	4.175	0
3030	151	962	664	0.599	0.773	823.771	4.102	0	949	633	0.381	0.769	818.020	4.172	0
3050	152	989	636	0.599	0.773	823.771	4.016	0	954	657	0.381	0.769	818.020	4.164	0
3070	153	992	621	0.600	0.773	823.771	3.986	0	958	651	0.381	0.769	818.020	4.164	0
3090	154	989	629	0.599	0.773	823.771	3.982	0	969	679	0.381	0.769	818.020	4.139	0
3110	155	983	637	0.599	0.773	823.771	4.017	0	973	664	0.381	0.769	818.020	4.136	0
3130	156	978	631	0.598	0.773	824.519	4.005	0	977	668	0.380	0.769	818.248	4.134	0
3150	157	1040	605	0.598	0.773	824.519	3.933	0	1048	633	0.380	0.769	818.248	4.049	0
3170	158	1043	627	0.598	0.773	824.519	3.968	0	1030	630	0.380	0.769	818.248	4.066	0
3190	159	1045	616	0.597	0.773	824.519	3.965	0	1023	632	0.379	0.769	818.248	4.005	0
3210	160	1059	603	0.597	0.773	824.519	3.947	0	1021	643	0.379	0.769	818.248	3.988	0
3230	161	1061	613	0.597	0.773	822.663	3.956	0	1023	641	0.379	0.769	819.352	3.984	0
3250	162	1043	634	0.597	0.773	822.663	3.888	0	1016	639	0.379	0.769	819.352	4.050	0
3270	163	1043	625	0.598	0.773	822.663	3.879	0	1027	643	0.380	0.769	819.352	3.983	0
3289	164	1056	622	0.598	0.773	822.663	3.875	0	1025	639	0.380	0.769	819.352	4.007	0
3309	165	1048	629	0.598	0.773	822.663	3.875	0	1036	636	0.380	0.769	819.352	3.998	0
3329	166	1052	629	0.597	0.773	817.272	3.851	0	1038	639	0.379	0.769	817.723	4.004	0
3349	167	1049	633	0.598	0.773	817.272	3.891	0	1020	638	0.379	0.769	817.723	3.951	0
3369	168	-1280	-1024	-1.000	-1.000	-1.000	-1.000	4	-1280	-1024	-1.000	-1.000	-1.000	-1.000	4
3389	169	-1280	-1024	-1.000	-1.000	-1.000	-1.000	4	-1280	-1024	-1.000	-1.000	-1.000	-1.000	4
3409	170	-1280	-1024	-1.000	-1.000	-1.000	-1.000	4	-1280	-1024	-1.000	-1.000	-1.000	-1.000	4
3429	171	-1280	-1024	-1.000	-1.000	-1.000	-1.000	4	-1280	-1024	-1.000	-1.000	-1.000	-1.000	4
3449	172	-1280	-1024	-1.000	-1.000	-1.000	-1.000	4	-1280	-1024	-1.000	-1.000	-1.000	-1.000	4
3469	173	-1280	-1024	-1.000	-1.000	-1.000	-1.000	4	-1280	-1024	-1.000	-1.000	-1.000	-1.000	4
3489	174	-1280	-1024	-1.000	-1.000	-1.000	-1.000	4	-1280	-1024	-1.000	-1.000	-1.000	-1.000	4
3509	175	-1280	-1024	-1.000	-1.000	-1.000	-1.000	4	-1280	-1024	-1.000	-1.000	-1.000	-1.000	4
3529	176	-1280	-1024	-1.000	-1.000	-1.000	-1.000	4	-1280	-1024	-1.000	-1.000	-1.000	-1.000	4
3549	177	-1280	-1024	-1.000	-1.000	-1.000	-1.000	4	-1280	-1024	-1.000	-1.000	-1.000	-1.000	4
3569	178	983	497	0.599	0.772	817.272	4.259	0	1004	503	0.381	0.768	817.723	4.293	0
3589	179	-1280	-1024	-1.000	-1.000	-1.000	-1.000	4	-1280	-1024	-1.000	-1.000	-1.000	-1.000	4
3609	180	-1280	-1024	0.598	0.772	-1.000	-1.000	4	-1280	-1024	0.379	0.768	-1.000	-1.000	4
3628	181	1010	563	0.598	0.772	830.559	3.867	0	1002	567	0.379	0.768	814.133	3.872	0
3648	182	1018	557	0.597	0.772	830.559	3.827	0	1000	576	0.379	0.769	814.133	3.827	0
3668	183	999	575	0.597	0.773	830.559	3.871	0	979	585	0.379	0.769	814.133	3.855	0
3688	184	1002	570	0.597	0.773	830.559	3.830	0	975	571	0.379	0.769	814.133	3.910	0
3708	185	1000	586	0.597	0.773	818.416	3.790	0	966	577	0.378	0.769	815.823	3.906	0
3728	186	1014	573	0.597	0.773	818.416	3.825	0	998	598	0.378	0.769	815.823	3.911	0
3748	187	1012	575	0.597	0.773	818.416	3.819	0	965	586	0.379	0.769	815.823	3.946	0
3768	188	1014	583	0.597	0.773	818.416	3.818	0	970	602	0.379	0.769	815.823	3.931	0
3788	189	1006	612	0.597	0.773	818.416	3.821	0	982	616	0.379	0.769	815.823	3.939	0
3808	190	1004	611	0.596	0.773	825.043	3.852	0	990	616	0.378	0.769	815.495	3.930	0
3828	191	1000	601	0.596	0.773	825.043	3.948	0	996	584	0.378	0.769	815.495	4.014	0
3848	192	1005	604	0.596	0.773	825.043	4.002	0	999	578	0.378	0.769	815.495	4.057	0
3868	193	1012	583	0.596	0.773	825.043	3.993	0	1002	587	0.378	0.769	815.495	4.042	0
3888	194	870	496	0.597	0.772	825.043	4.142	0	902	560	0.379	0.769	815.495	4.146	0
3908	195	861	487	0.600	0.770	821.781	4.167	0	892	553	0.382	0.767	818.932	4.191	0
3927	196	242	257	0.601	0.769	821.781	4.097	0	326	246	0.385	0.766	818.932	4.190	0
3947	197	205	200	0.603	0.769	821.781	4.084	0	246	184	0.386	0.766	818.932	4.294	0
3967	198	208	203	0.603	0.769	821.781	4.105	0	242	170	0.386	0.766	818.932	4.243	0
3987	199	204	210	0.603	0.769	821.781	4.059	0	226	180	0.385	0.766	818.932	4.218	0
4007	200	216	228	0.602	0.769	815.360	4.027	0	244	181	0.384	0.766	816.725	4.248	0
4027	201	246	220	0.602	0.769	815.360	4.016	0	248	190	0.384	0.766	816.725	4.258	0
4047	202	246	210	0.601	0.769	815.360	4.058	0	240	192	0.383	0.766	816.725	4.223	0
4067	203	247	211	0.601	0.769	815.360	4.026	0	220	174	0.383	0.766	816.725	4.248	0
4087	204	248	218	0.601	0.769	815.360	4.065	0	244	166	0.383	0.766	816.725	4.305	0
4107	205	251	224	0.602	0.769	810.158	4.031	0	239	167	0.384	0.766	813.755	4.282	0
4127	206	135	159	0.602	0.769	810.158	3.946	0	168	174	0.385	0.766	813.755	4.274	0
4147	207	132	189	0.602	0.769	810.158	4.052	0	139	165	0.384	0.766	813.755	4.214	0
4167	208	143	187	0.602	0.769	810.158	3.962	0	144	149	0.384	0.767	813.755	4.198	0
4187	209	137	210	0.602	0.769	810.158	4.001	0	163	143	0.384	0.767	813.755	4.229	0
4207	210	142	216	0.602	0.769	810.738	4.039	0	173	141	0.384	0.767	811.923	4.219	0
4227	211	138	187	0.602	0.769	810.738	3.987	0	143	135	0.384	0.767	811.923	4.177	0
4246	212	165	204	0.601	0.769	810.738	3.933	0	147	153	0.383	0.767	811.923	4.126	0
4266	213	147	176	0.602	0.769	810.738	3.940	0	151	119	0.384	0.767	811.923	4.136	0
4286	214	124	169	0.602	0.768	810.738	3.967	0	140	119	0.384	0.766	811.923	4.121	0
4306	215	98	161	0.601	0.767	813.659	3.954	0	114	122	0.384	0.765	809.197	4.108	0
4326	216	122	44	0.601	0.767	813.659	3.961	0	164	49	0.384	0.765	809.197	4.055	0
4346	217	125	49	0.601	0.767	813.659	3.940	0	184	30	0.383	0.765	809.197	4.083	0
4366	218	128	41	0.601	0.767	813.659	4.002	0	167	22	0.383	0.765	809.197	4.071	0
4386	219	125	27	0.601	0.767	813.659	4.010	0	158	16	0.383	0.765	809.197	4.078	0
4406	220	129	34	0.601	0.767	811.045	4.005	0	161	25	0.383	0.765	804.313	4.049	0
4426	221	106	74	0.601	0.766	811.045	3.936	0	152	24	0.383	0.764	804.313	4.083	0
4446	222	107	79	0.601	0.766	811.045	3.920	0	162	40	0.383	0.765	804.313	4.042	0
4466	223	122	58	0.601	0.766	811.045	3.979	0	181	52	0.383	0.765	804.313	4.062	0
4486	224	124	62	0.601	0.766	811.045	3.977	0	169	39	0.383	0.765	804.313	4.071	0
4506	225	124	63	0.601	0.767	812.556	3.982	0	170	34	0.383	0.765	807.200	4.068	0
4526	226	95	57	0.601	0.767	812.556	3.970	0	115	32	0.383	0.765	807.200	4.114	0
4546	227	53	74	0.601	0.767	812.556	3.992	0	100	42	0.384	0.765	807.200	4.081	0
4565	228	59	63	0.602	0.767	812.556	3.961	0	81	47	0.384	0.765	807.200	4.046	0
4585	229	75	68	0.602	0.767	812.556	3.966	0	95	35	0.384	0.765	807.200	4.065	0
4605	230	57	69	0.602	0.767	809.459	3.955	0	87	46	0.384	0.764	805.518	4.040	0
4625	231	70	79	0.602	0.767	809.459	3.987	0	103	55	0.384	0.764	805.518	4.059	0
4645	232	56	76	0.602	0.767	809.459	3.994	0	104	74	0.384	0.764	805.518	4.087	0
4665	233	49	77	0.602	0.767	809.459	4.024	0	106	69	0.384	0.764	805.518	4.096	0
4685	234	61	70	0.602	0.767	809.459	4.002	0	82	60	0.384	0.764	805.518	4.075	0
4705	235	53	68	0.602	0.767	809.627	4.016	0	86	77	0.385	0.764	802.352	4.077	0
4725	236	81	92	0.603	0.766	809.627	3.974	0	112	64	0.385	0.764	802.352	4.068	0
4745	237	30	60	0.603	0.766	809.627	4.058	0	67	24	0.385	0.764	802.352	4.076	0
4765	238	23	51	0.603	0.766	809.627	3.980	0	53	27	0.385	0.764	802.352	4.091	0
4785	239	44	51	0.603	0.766	809.627	4.019	0	80	44	0.385	0.763	802.352	4.115	0
4805	240	45	46	0.603	0.766	811.331	4.054	0	76	22	0.386	0.763	804.085	4.135	0
4825	241	33	48	0.603	0.766	811.331	4.034	0	68	33	0.386	0.763	804.085	4.106	0
4845	242	25	32	0.604	0.766	811.331	4.050	0	76	51	0.386	0.763	804.085	4.124	0
4865	243	41	59	0.604	0.766	811.331	4.090	0	98	35	0.386	0.764	804.085	4.139	0
4884	244	38	67	0.604	0.766	811.331	4.010	0	77	28	0.387	0.764	804.085	4.156	0
4904	245	42	76	0.605	0.767	808.093	4.010	0	86	31	0.387	0.764	805.021	4.177	0
4924	246	39	42	0.605	0.767	808.093	4.031	0	83	21	0.387	0.764	805.021	4.164	0
4944	247	45	47	0.605	0.767	808.093	4.016	0	95	39	0.387	0.764	805.021	4.053	0
4964	248	30	54	0.605	0.767	808.093	3.979	0	64	9	0.387	0.764	805.021	4.151	0
4984	249	44	50	0.605	0.767	808.093	4.045	0	59	30	0.387	0.763	805.021	4.145	0
5004	250	40	52	0.605	0.766	808.582	4.032	0	52	15	0.388	0.763	806.920	4.149	0
5024	251	40	63	0.605	0.766	808.582	4.024	0	87	23	0.388	0.763	806.920	4.165	0
5044	252	63	71	0.605	0.766	808.582	4.091	0	87	13	0.388	0.763	806.920	4.203	0
5064	253	59	67	0.606	0.766	808.582	4.080	0	83	1	0.388	0.763	806.920	4.132	0
5084	254	48	70	0.606	0.766	808.582	4.106	0	78	4	0.388	0.763	806.920	4.172	0
5104	255	54	62	0.606	0.766	811.654	4.122	0	80	10	0.388	0.763	805.869	4.169	0
5124	256	34	70	0.606	0.766	811.654	4.079	0	78	21	0.388	0.763	805.869	4.171	0
5144	257	37	57	0.606	0.766	811.654	4.083	0	63	14	0.388	0.763	805.869	4.174	0
5164	258	35	66	0.606	0.766	811.654	4.083	0	62	16	0.388	0.763	805.869	4.179	0
5183	259	39	73	0.606	0.766	811.654	4.091	0	52	20	0.388	0.763	805.869	4.169	0
5203	260	41	75	0.606	0.766	809.172	4.082	0	55	31	0.388	0.763	801.588	4.150	0
5223	261	35	63	0.606	0.766	809.172	4.078	0	77	34	0.388	0.763	801.588	4.167	0
5243	262	35	59	0.606	0.766	809.172	4.111	0	112	51	0.388	0.763	801.588	4.154	0
5263	263	55	66	0.606	0.766	809.172	4.059	0	102	26	0.388	0.763	801.588	4.144	0
5283	264	64	60	0.606	0.766	809.172	4.169	0	104	30	0.388	0.763	801.588	4.184	0
5303	265	70	55	0.606	0.766	812.070	4.186	0	94	13	0.388	0.762	807.521	4.207	0
5323	266	86	53	0.606	0.766	812.070	4.084	0	100	31	0.389	0.762	807.521	4.171	0
5343	267	64	51	0.606	0.766	812.070	4.122	0	95	30	0.389	0.762	807.521	4.216	0
5363	268	65	61	0.606	0.766	812.070	4.151	0	94	28	0.389	0.762	807.521	4.235	0
5383	269	71	65	0.606	0.766	812.070	4.118	0	91	23	0.389	0.762	807.521	4.167	0
5403	270	75	72	0.606	0.766	810.669	4.119	0	90	23	0.388	0.762	807.058	4.192	0
5423	271	64	48	0.606	0.766	810.669	4.131	0	102	44	0.388	0.762	807.058	4.165	0
5443	272	65	116	0.606	0.767	810.669	4.162	0	90	107	0.389	0.763	807.058	4.223	0
5463	273	69	184	0.606	0.767	810.669	4.092	0	92	167	0.389	0.764	807.058	4.203	0
5483	274	75	188	0.606	0.767	810.669	4.139	0	89	158	0.388	0.764	807.058	4.190	0
5503	275	77	189	0.606	0.767	811.643	4.143	0	87	147	0.388	0.764	808.217	4.221	0
5522	276	69	190	0.606	0.768	811.643	4.070	0	96	154	0.388	0.764	808.217	4.203	0
5542	277	58	183	0.606	0.768	811.643	4.147	0	92	161	0.389	0.764	808.217	4.180	0
5562	278	55	191	0.607	0.768	811.643	4.123	0	79	175	0.389	0.764	808.217	4.210	0
5582	279	64	197	0.607	0.768	811.643	4.150	0	86	178	0.389	0.764	808.217	4.266	0
5602	280	57	194	0.607	0.768	812.797	4.148	0	82	180	0.389	0.764	808.382	4.268	0
5622	281	78	183	0.607	0.768	812.797	4.172	0	90	181	0.389	0.764	808.382	4.225	0
5642	282	76	189	0.607	0.769	812.797	4.136	0	81	165	0.389	0.764	808.382	4.220	0
5662	283	70	176	0.607	0.768	812.797	4.132	0	75	151	0.389	0.764	808.382	4.254	0
5682	284	77	201	0.607	0.768	812.797	4.146	0	101	210	0.389	0.764	808.382	4.245	0
5702	285	71	199	0.607	0.768	813.728	4.153	0	93	196	0.389	0.764	810.259	4.262	0
5722	286	70	189	0.607	0.768	813.728	4.144	0	91	165	0.389	0.764	810.259	4.261	0
5742	287	58	211	0.607	0.768	813.728	4.176	0	82	171	0.389	0.764	810.259	4.306	0
5762	288	75	203	0.607	0.768	813.728	4.092	0	71	150	0.389	0.764	810.259	4.276	0
5782	289	42	189	0.607	0.768	813.728	4.179	0	65	157	0.389	0.764	810.259	4.303	0
5802	290	49	206	0.607	0.768	810.431	4.136	0	57	152	0.389	0.764	811.360	4.297	0
5821	291	58	202	0.607	0.768	810.431	4.100	0	77	173	0.389	0.764	811.360	4.259	0
5841	292	50	193	0.607	0.768	810.431	4.129	0	80	162	0.389	0.764	811.360	4.255	0
5861	293	55	200	0.607	0.768	810.431	4.130	0	64	134	0.389	0.764	811.360	4.315	0
5881	294	23	87	0.607	0.767	810.431	4.079	0	55	22	0.389	0.763	811.360	4.247	0
5901	295	20	79	0.606	0.767	808.728	4.084	0	55	10	0.389	0.763	806.277	4.238	0
5921	296	56	82	0.607	0.766	808.728	4.133	0	81	31	0.389	0.763	806.277	4.276	0
5941	297	47	70	0.607	0.766	808.728	4.120	0	77	42	0.389	0.762	806.277	4.268	0
5961	298	51	91	0.607	0.766	808.728	4.117	0	81	63	0.389	0.762	806.277	4.182	0
5981	299	44	89	0.607	0.766	808.728	4.129	0	78	57	0.390	0.762	806.277	4.273	0
6001	300	44	87	0.607	0.766	809.155	4.123	0	88	68	0.390	0.763	800.167	4.215	0
6021	301	44	77	0.607	0.767	809.155	4.103	0	82	41	0.390	0.763	800.167	4.213	0
6041	302	32	56	0.607	0.767	809.155	4.104	0	77	47	0.390	0.763	800.167	4.143	0
6061	303	24	79	0.607	0.767	809.155	4.090	0	81	38	0.390	0.763	800.167	4.224	0
6081	304	30	72	0.607	0.767	809.155	4.135	0	78	45	0.390	0.763	800.167	4.145	0
6101	305	28	71	0.607	0.767	807.956	4.128	0	76	38	0.390	0.763	801.335	4.178	0
6121	306	38	76	0.607	0.767	807.956	4.046	0	80	35	0.390	0.763	801.335	4.189	0
6141	307	41	77	0.607	0.767	807.956	4.112	0	68	40	0.389	0.763	801.335	4.166	0
6160	308	22	71	0.607	0.767	807.956	4.139	0	80	35	0.389	0.763	801.335	4.235	0
6180	309	23	82	0.607	0.766	807.956	4.100	0	82	36	0.389	0.763	801.335	4.257	0
6200	310	26	80	0.607	0.766	808.633	4.109	0	71	20	0.389	0.763	807.452	4.311	0
6220	311	69	78	0.607	0.766	808.633	4.123	0	90	24	0.389	0.763	807.452	4.231	0
6240	312	44	60	0.607	0.766	808.633	4.106	0	91	9	0.389	0.763	807.452	4.308	0
6260	313	59	57	0.607	0.767	808.633	4.166	0	94	11	0.390	0.763	807.452	4.300	0
6280	314	82	56	0.608	0.767	808.633	4.107	0	124	22	0.390	0.763	807.452	4.253	0
6300	315	71	45	0.608	0.767	812.355	4.147	0	130	20	0.390	0.763	805.644	4.282	0
6320	316	64	73	0.608	0.767	812.355	4.206	0	128	51	0.390	0.763	805.644	4.255	0
6340	317	61	58	0.608	0.767	812.355	4.181	0	111	39	0.390	0.763	805.644	4.279	0
6360	318	175	93	0.607	0.767	812.355	4.189	0	232	42	0.389	0.763	805.644	4.306	0
6380	319	174	79	0.606	0.767	812.355	4.168	0	216	27	0.389	0.763	805.644	4.238	0
6400	320	174	78	0.606	0.767	812.887	4.170	0	206	2	0.389	0.763	810.944	4.283	0
6420	321	186	46	0.606	0.767	812.887	4.207	0	225	18	0.389	0.763	810.944	4.293	0
6440	322	211	64	0.606	0.767	812.887	4.185	0	226	52	0.389	0.762	810.944	4.288	0
6459	323	199	53	0.606	0.767	812.887	4.188	0	228	57	0.388	0.762	810.944	4.263	0
6479	324	201	55	0.606	0.767	812.887	4.161	0	223	49	0.388	0.762	810.944	4.304	0
6499	325	200	61	0.606	0.767	811.768	4.148	0	228	64	0.388	0.763	805.279	4.267	0
6519	326	172	49	0.606	0.767	811.768	4.154	0	208	54	0.388	0.763	805.279	4.251	0
6539	327	182	54	0.606	0.767	811.768	4.203	0	227	28	0.388	0.763	805.279	4.270	0
6559	328	187	49	0.606	0.767	811.768	4.184	0	226	27	0.388	0.763	805.279	4.274	0
6579	329	43	78	0.606	0.767	811.768	4.227	0	113	54	0.389	0.763	805.279	4.309	0
6599	330	43	90	0.607	0.767	808.484	4.212	0	114	38	0.389	0.763	805.933	4.327	0
6619	331	40	95	0.607	0.767	808.484	4.140	0	85	57	0.389	0.763	805.933	4.317	0
6639	332	58	92	0.607	0.767	808.484	4.176	0	80	52	0.389	0.763	805.933	4.248	0
6659	333	62	96	0.607	0.767	808.484	4.193	0	78	58	0.389	0.763	805.933	4.243	0
6679	334	41	83	0.607	0.767	808.484	4.168	0	79	48	0.389	0.763	805.933	4.281	0
6699	335	47	76	0.607	0.767	810.566	4.181	0	85	59	0.390	0.763	801.526	4.219	0
6719	336	36	83	0.607	0.767	810.566	4.235	0	86	55	0.390	0.763	801.526	4.225	0
6739	337	43	88	0.607	0.767	810.566	4.212	0	85	58	0.390	0.763	801.526	4.250	0
6759	338	42	85	0.607	0.767	810.566	4.197	0	85	62	0.390	0.763	801.526	4.302	0
6778	339	34	85	0.607	0.767	810.566	4.222	0	113	76	0.390	0.762	801.526	4.290	0
6798	340	41	91	0.607	0.767	808.570	4.195	0	110	77	0.390	0.762	802.653	4.284	0
6818	341	51	99	0.607	0.766	808.570	4.188	0	91	75	0.390	0.762	802.653	4.252	0
6838	342	44	89	0.607	0.766	808.570	4.189	0	95	80	0.390	0.762	802.653	4.308	0
6858	343	54	106	0.608	0.766	808.570	4.218	0	67	86	0.390	0.762	802.653	4.271	0
6878	344	50	100	0.608	0.766	808.570	4.223	0	71	65	0.390	0.762	802.653	4.288	0
6898	345	46	95	0.608	0.766	810.482	4.237	0	67	61	0.390	0.762	805.806	4.286	0
6918	346	44	86	0.608	0.767	810.482	4.197	0	66	51	0.390	0.762	805.806	4.297	0
6938	347	19	77	0.608	0.767	810.482	4.298	0	73	49	0.390	0.763	805.806	4.293	0
6958	348	12	85	0.608	0.767	810.482	4.279	0	54	44	0.390	0.763	805.806	4.279	0
6978	349	40	95	0.608	0.767	810.482	4.175	0	84	64	0.391	0.763	805.806	4.330	0
6998	350	29	97	0.608	0.767	809.301	4.213	0	82	61	0.391	0.763	806.278	4.329	0
7018	351	48	83	0.608	0.768	809.301	4.203	0	73	79	0.391	0.763	806.278	4.280	0
7038	352	46	76	0.608	0.767	809.301	4.183	0	70	46	0.391	0.763	806.278	4.250	0
7058	353	33	102	0.608	0.767	809.301	4.164	0	76	49	0.391	0.763	806.278	4.289	0
7078	354	33	99	0.608	0.767	809.301	4.131	0	66	41	0.390	0.763	806.278	4.304	0
7097	355	27	90	0.608	0.767	812.172	4.125	0	65	41	0.390	0.762	805.520	4.297	0
7118	356	48	77	0.608	0.766	812.172	4.094	0	68	62	0.390	0.762	805.520	4.299	0
7137	357	40	104	0.608	0.766	812.172	4.146	0	87	65	0.390	0.762	805.520	4.275	0
7157	358	31	112	0.607	0.766	812.172	4.177	0	73	51	0.390	0.762	805.520	4.234	0
7177	359	43	101	0.607	0.766	812.172	4.069	0	63	37	0.389	0.762	805.520	4.222	0
7197	360	42	105	0.607	0.766	811.240	4.096	0	63	33	0.389	0.762	805.600	4.210	0
7217	361	27	100	0.607	0.766	811.240	4.149	0	66	63	0.389	0.762	805.600	4.231	0
7237	362	26	98	0.606	0.766	811.240	4.074	0	49	59	0.389	0.762	805.600	4.245	0
7257	363	38	95	0.606	0.767	811.240	4.089	0	65	54	0.389	0.763	805.600	4.232	0
7277	364	55	86	0.606	0.767	811.240	4.075	0	77	27	0.388	0.763	805.600	4.220	0
7297	365	54	80	0.606	0.767	812.404	4.086	0	74	19	0.388	0.763	806.525	4.228	0
7317	366	79	79	0.606	0.767	812.404	4.097	0	122	49	0.388	0.763	806.525	4.195	0
7337	367	93	83	0.606	0.766	812.404	4.099	0	120	52	0.388	0.763	806.525	4.190	0
7357	368	95	85	0.606	0.766	812.404	4.072	0	128	59	0.388	0.763	806.525	4.181	0
7377	369	85	90	0.606	0.766	812.404	4.062	0	123	65	0.388	0.763	806.525	4.134	0
7397	370	93	94	0.606	0.766	812.188	4.051	0	122	67	0.388	0.763	807.120	4.127	0
7417	371	80	93	0.606	0.766	812.188	4.052	0	103	53	0.388	0.762	807.120	4.177	0
7437	372	100	115	0.606	0.766	812.188	4.027	0	114	82	0.388	0.762	807.120	4.152	0
7456	373	-1280	-1024	0.389	0.762	-1.000	-1.000	4	76	87	0.389	0.762	807.120	4.185	0
7476	374	-1280	-1024	-1.000	-1.000	-1.000	-1.000	4	-1280	-1024	-1.000	-1.000	-1.000	-1.000	4
7496	375	-1280	-1024	-1.000	-1.000	-1.000	-1.000	4	-1280	-1024	-1.000	-1.000	-1.000	-1.000	4
7516	376	-1280	-1024	-1.000	-1.000	-1.000	-1.000	4	-1280	-1024	-1.000	-1.000	-1.000	-1.000	4
7536	377	-1280	-1024	-1.000	-1.000	-1.000	-1.000	4	-1280	-1024	-1.000	-1.000	-1.000	-1.000	4
7556	378	-1280	-1024	-1.000	-1.000	-1.000	-1.000	4	-1280	-1024	-1.000	-1.000	-1.000	-1.000	4
7576	379	-1280	-1024	0.388	0.760	-1.000	-1.000	4	161	148	0.388	0.760	807.120	4.099	0
7596	380	43	55	0.606	0.764	812.188	4.274	0	164	40	0.389	0.761	807.310	4.177	0
7616	381	37	47	0.605	0.765	815.119	4.289	0	163	38	0.388	0.762	807.960	4.180	0
7636	382	159	113	0.606	0.765	815.119	4.082	0	172	63	0.388	0.762	807.960	4.153	0
7656	383	146	88	0.606	0.766	815.119	4.035	0	161	50	0.388	0.762	807.960	4.033	0
7676	384	235	97	0.605	0.766	815.119	4.129	0	259	45	0.387	0.763	807.960	4.151	0
7696	385	260	99	0.605	0.766	815.119	4.044	0	266	43	0.387	0.763	807.960	4.173	0
7716	386	254	106	0.606	0.767	812.786	4.067	0	261	32	0.388	0.763	810.978	4.160	0
7736	387	249	81	0.606	0.767	812.786	4.106	0	275	33	0.388	0.763	810.978	4.149	0
7755	388	254	83	0.605	0.767	812.786	4.068	0	256	28	0.387	0.763	810.978	4.207	0
7775	389	242	79	0.605	0.767	812.786	4.018	0	248	28	0.387	0.763	810.978	4.217	0
7795	390	234	40	0.605	0.767	812.786	4.119	0	236	55	0.387	0.762	810.978	4.164	0
7815	391	227	34	0.606	0.766	813.395	4.092	0	226	53	0.389	0.762	811.457	4.200	0
7835	392	208	100	0.606	0.766	813.395	4.085	0	212	73	0.389	0.762	811.457	4.230	0
7855	393	187	107	0.606	0.766	813.395	4.118	0	204	54	0.388	0.762	811.457	4.200	0
7875	394	203	96	0.606	0.766	813.395	4.101	0	212	59	0.388	0.762	811.457	4.250	0
7895	395	206	97	0.606	0.766	813.395	4.121	0	224	18	0.388	0.762	811.457	4.289	0
7915	396	208	97	0.606	0.766	813.598	4.117	0	234	12	0.388	0.762	809.416	4.280	0
7935	397	178	101	0.606	0.766	813.598	4.086	0	206	62	0.388	0.762	809.416	4.189	0
7955	398	180	67	0.605	0.766	813.598	4.094	0	220	27	0.387	0.763	809.416	4.187	0
7975	399	185	58	0.606	0.767	813.598	4.076	0	218	39	0.388	0.763	809.416	4.126	0
7995	400	184	70	0.605	0.767	813.598	4.102	0	219	63	0.387	0.763	809.416	4.123	0
8015	401	183	69	0.604	0.766	813.487	4.099	0	220	46	0.386	0.763	810.458	4.125	0
8035	402	298	59	0.604	0.766	813.487	4.084	0	337	46	0.386	0.763	810.458	4.123	0
8055	403	316	82	0.603	0.766	813.487	4.039	0	343	43	0.386	0.763	810.458	4.184	0
8074	404	313	90	0.603	0.766	813.487	4.014	0	360	29	0.386	0.763	810.458	4.127	0
8094	405	316	81	0.603	0.766	813.487	4.027	0	338	47	0.385	0.763	810.458	4.083	0
8114	406	317	88	0.603	0.766	811.491	4.005	0	342	37	0.385	0.763	812.750	4.108	0
8134	407	319	96	0.603	0.766	811.491	4.022	0	341	27	0.385	0.763	812.750	4.154	0
8154	408	322	88	0.603	0.766	811.491	3.930	0	335	7	0.385	0.763	812.750	4.125	0
8174	409	330	89	0.603	0.766	811.491	4.016	0	333	16	0.385	0.763	812.750	4.135	0
8194	410	319	86	0.602	0.766	811.491	3.988	0	337	20	0.385	0.763	812.750	4.085	0
8214	411	322	85	0.602	0.766	812.200	3.964	0	334	25	0.385	0.763	807.826	4.050	0
8234	412	322	76	0.603	0.766	812.200	3.979	0	342	54	0.385	0.762	807.826	4.123	0
8254	413	321	78	0.603	0.766	812.200	3.966	0	343	59	0.385	0.762	807.826	4.056	0
8274	414	322	70	0.602	0.766	812.200	3.996	0	335	58	0.384	0.762	807.826	4.086	0
8294	415	306	76	0.603	0.766	812.200	3.980	0	328	78	0.385	0.762	807.826	4.141	0
8314	416	306	73	0.604	0.766	813.398	3.987	0	333	85	0.386	0.762	806.878	4.111	0
8334	417	103	30	0.604	0.766	813.398	4.002	0	162	-17	0.386	0.762	806.878	4.112	0
8354	418	112	47	0.604	0.766	813.398	3.983	0	175	-3	0.386	0.763	806.878	4.135	0
8374	419	109	47	0.604	0.766	813.398	4.027	0	157	-9	0.386	0.763	806.878	4.081	0
8393	420	125	32	0.604	0.766	813.398	3.964	0	141	-4	0.386	0.763	806.878	4.109	0
8413	421	131	50	0.604	0.766	809.484	3.953	0	144	8	0.386	0.763	802.120	4.083	0
8433	422	103	44	0.604	0.766	809.484	3.971	0	170	-11	0.386	0.763	802.120	4.113	0
8453	423	127	50	0.604	0.766	809.484	3.942	0	161	-1	0.386	0.762	802.120	4.094	0
8473	424	118	51	0.604	0.766	809.484	3.983	0	140	32	0.387	0.762	802.120	4.074	0
8493	425	115	54	0.605	0.766	809.484	3.998	0	145	25	0.387	0.762	802.120	4.081	0
8513	426	120	55	0.605	0.766	810.084	3.999	0	143	14	0.388	0.762	803.541	4.077	0
8533	427	51	52	0.606	0.766	810.084	3.930	0	62	-8	0.388	0.762	803.541	4.062	0
8553	428	52	49	0.606	0.766	810.084	3.974	0	71	0	0.388	0.762	803.541	4.073	0
8573	429	45	50	0.606	0.766	810.084	3.978	0	63	-4	0.388	0.762	803.541	4.091	0
8593	430	42	51	0.606	0.766	810.084	3.940	0	69	-12	0.388	0.762	803.541	4.080	0
8613	431	40	47	0.606	0.766	811.253	3.970	0	71	-2	0.388	0.762	800.607	4.074	0
8633	432	59	49	0.606	0.766	811.253	4.007	0	98	29	0.388	0.761	800.607	4.036	0
8653	433	54	38	0.606	0.766	811.253	4.009	0	73	32	0.389	0.761	800.607	4.065	0
8673	434	31	39	0.606	0.766	811.253	3.998	0	82	33	0.389	0.761	800.607	4.059	0
8693	435	66	47	0.607	0.766	811.253	4.004	0	106	33	0.389	0.761	800.607	4.030	0
8712	436	60	46	0.607	0.766	809.305	3.993	0	89	19	0.389	0.761	805.191	4.065	0
8732	437	47	71	0.607	0.766	809.305	4.062	0	82	21	0.390	0.761	805.191	4.116	0
8752	438	64	56	0.608	0.766	809.305	4.030	0	94	24	0.390	0.761	805.191	4.103	0
8772	439	58	67	0.608	0.766	809.305	4.045	0	83	12	0.390	0.761	805.191	4.164	0
8792	440	41	37	0.608	0.766	809.305	4.086	0	74	10	0.390	0.761	805.191	4.201	0
8812	441	44	32	0.608	0.766	810.566	4.081	0	78	8	0.390	0.761	805.211	4.216	0
8832	442	66	43	0.608	0.766	810.566	4.068	0	104	14	0.390	0.761	805.211	4.212	0
8852	443	69	45	0.608	0.766	810.566	4.139	0	130	11	0.391	0.761	805.211	4.209	0
8872	444	80	48	0.608	0.766	810.566	4.155	0	115	-19	0.391	0.761	805.211	4.218	0
8892	445	66	29	0.608	0.766	810.566	4.116	0	104	-2	0.391	0.761	805.211	4.223	0
8912	446	75	34	0.609	0.766	809.371	4.108	0	117	-6	0.391	0.761	802.842	4.212	0
8932	447	93	55	0.609	0.766	809.371	4.189	0	139	31	0.391	0.761	802.842	4.266	0
8952	448	80	37	0.609	0.767	809.371	4.188	0	126	-2	0.391	0.761	802.842	4.281	0
8972	449	70	41	0.609	0.767	809.371	4.243	0	117	25	0.391	0.761	802.842	4.317	0
8992	450	58	76	0.609	0.768	809.371	4.240	0	103	69	0.392	0.762	802.842	4.320	0
9012	451	42	56	0.609	0.769	814.500	4.264	0	89	45	0.392	0.763	810.065	4.361	0
9031	452	62	163	0.609	0.769	814.500	4.314	0	76	169	0.392	0.763	810.065	4.412	0
9051	453	71	167	0.609	0.769	814.500	4.331	0	91	156	0.391	0.763	810.065	4.457	0
9071	454	75	170	0.609	0.769	814.500	4.297	0	100	159	0.391	0.763	810.065	4.453	0
9091	455	70	199	0.609	0.768	814.500	4.344	0	91	186	0.391	0.763	810.065	4.502	0
9111	456	72	209	0.609	0.768	812.632	4.327	0	91	182	0.391	0.763	809.372	4.511	0
9131	457	100	206	0.609	0.768	812.632	4.319	0	107	190	0.391	0.762	809.372	4.515	0
9151	458	78	203	0.607	0.768	812.632	4.302	0	93	183	0.390	0.762	809.372	4.487	0
9171	459	82	193	0.607	0.768	812.632	4.318	0	80	177	0.389	0.762	809.372	4.460	0
9191	460	87	194	0.607	0.768	812.632	4.357	0	109	182	0.389	0.762	809.372	4.467	0
9211	461	93	197	0.607	0.768	811.109	4.348	0	109	177	0.390	0.762	810.615	4.481	0
9231	462	68	196	0.607	0.767	811.109	4.310	0	110	179	0.389	0.762	810.615	4.489	0
9251	463	94	187	0.607	0.767	811.109	4.314	0	105	183	0.389	0.762	810.615	4.519	0
9271	464	68	192	0.607	0.767	811.109	4.298	0	97	180	0.389	0.762	810.615	4.465	0
9291	465	157	205	0.606	0.767	811.109	4.303	0	188	176	0.388	0.762	810.615	4.493	0
9311	466	173	204	0.605	0.767	810.780	4.299	0	194	171	0.388	0.762	813.944	4.513	0
9331	467	177	207	0.605	0.767	810.780	4.310	0	207	202	0.387	0.762	813.944	4.453	0
9350	468	191	214	0.605	0.767	810.780	4.266	0	214	198	0.387	0.762	813.944	4.470	0
9370	469	201	229	0.605	0.767	810.780	4.234	0	213	197	0.387	0.762	813.944	4.469	0
9390	470	199	216	0.605	0.767	810.780	4.247	0	210	181	0.387	0.762	813.944	4.446	0
9410	471	201	214	0.605	0.767	814.472	4.250	0	211	180	0.387	0.762	811.842	4.443	0
9430	472	172	218	0.605	0.767	814.472	4.202	0	207	185	0.387	0.762	811.842	4.458	0
9450	473	190	211	0.604	0.767	814.472	4.199	0	186	194	0.386	0.762	811.842	4.494	0
9470	474	187	216	0.604	0.767	814.472	4.216	0	208	171	0.386	0.762	811.842	4.377	0
9490	475	190	211	0.604	0.767	814.472	4.189	0	193	190	0.386	0.762	811.842	4.385	0
9510	476	192	222	0.604	0.767	809.768	4.167	0	201	177	0.387	0.762	813.934	4.404	0
9530	477	196	213	0.604	0.767	809.768	4.075	0	184	146	0.387	0.762	813.934	4.327	0
9550	478	198	225	0.605	0.767	809.768	4.093	0	190	172	0.387	0.762	813.934	4.341	0
9570	479	197	221	0.605	0.767	809.768	4.093	0	193	170	0.387	0.762	813.934	4.353	0
9590	480	194	224	0.605	0.767	809.768	4.092	0	213	177	0.387	0.762	813.934	4.311	0
9610	481	192	217	0.605	0.767	812.481	4.105	0	221	176	0.387	0.762	814.755	4.324	0
9630	482	180	189	0.605	0.768	812.481	4.097	0	-1280	-1024	0.605	0.768	-1.000	-1.000	4
9650	483	177	181	0.605	0.768	812.481	3.971	0	190	204	0.387	0.762	814.755	4.301	0
9669	484	201	219	0.605	0.768	812.481	4.076	0	204	192	0.387	0.762	814.755	4.258	0
9689	485	220	229	0.605	0.768	812.481	3.969	0	220	187	0.387	0.762	814.755	4.220	0
9709	486	238	233	0.605	0.768	815.543	4.018	0	234	185	0.388	0.762	813.333	4.175	0
9729	487	195	188	0.605	0.768	815.543	4.019	0	191	197	0.388	0.762	813.333	4.205	0
9749	488	188	188	0.604	0.768	815.543	4.066	0	210	181	0.387	0.762	813.333	4.225	0
9769	489	244	202	0.604	0.767	815.543	4.031	0	252	168	0.386	0.762	813.333	4.136	0
9789	490	243	231	0.604	0.767	815.543	3.991	0	229	184	0.386	0.762	813.333	4.183	0
9809	491	241	237	0.605	0.767	815.767	4.004	0	250	182	0.387	0.762	812.626	4.165	0
9829	492	212	203	0.604	0.767	815.767	3.973	0	233	194	0.387	0.762	812.626	4.102	0
9849	493	224	215	0.604	0.767	815.767	3.964	0	207	164	0.386	0.762	812.626	4.096	0
9869	494	233	210	0.603	0.767	815.767	3.993	0	237	187	0.386	0.762	812.626	4.118	0
9889	495	236	187	0.603	0.767	815.767	3.978	0	236	183	0.386	0.762	812.626	4.070	0
9909	496	240	188	0.604	0.767	816.765	3.987	0	235	171	0.386	0.762	813.934	4.077	0
9929	497	236	191	0.604	0.767	816.765	3.956	0	246	150	0.386	0.762	813.934	4.093	0
9949	498	311	294	0.603	0.768	816.765	3.905	0	270	235	0.385	0.763	813.934	4.132	0
9969	499	373	554	0.602	0.770	816.765	3.942	0	373	538	0.385	0.765	813.934	4.210	0
9988	500	383	553	0.602	0.770	816.765	3.977	0	345	551	0.385	0.765	813.934	4.163	0
10008	501	379	549	0.603	0.770	819.190	3.974	0	333	559	0.385	0.765	818.421	4.222	0
10028	502	380	546	0.603	0.770	819.190	4.017	0	369	512	0.385	0.765	818.421	4.152	0
10048	503	385	566	0.602	0.770	819.190	3.947	0	349	547	0.385	0.765	818.421	4.072	0
10068	504	377	558	0.603	0.770	819.190	3.953	0	-1280	-1024	0.603	0.770	-1.000	-1.000	4
