[16, 34.2588125]
[16, 34.0346875]
[16, 31.0148125]
[16, 32.2051875]
[16, 29.791625]
[16, 31.9078125]
[16, 27.9080625]
[15, 27.106266666666667]
[15, 30.0172]
[15, 28.29746666666667]
[14, 29.739285714285714]
[14, 27.915142857142857]
[15, 27.933866666666663]
[15, 29.720266666666667]
[14, 32.308]
[14, 31.55985714285714]
[13, 30.931538461538462]
[13, 27.48669230769231]
[13, 26.69746153846154]
[13, 28.11023076923077]
[13, 29.18723076923077]
[12, 31.666833333333333]
[12, 26.263916666666667]
[11, 24.963272727272727]
[11, 28.31281818181818]
[11, 25.676727272727273]
[11, 28.90381818181818]
[10, 29.3165]
[8, 30.520625]
[8, 33.418375]
[8, 29.886375]
[9, 24.188444444444446]
[9, 21.92988888888889]
[9, 21.140222222222224]
[8, 25.248625]
[8, 27.584]
[8, 27.69175]
[8, 28.570875]
[7, 27.255714285714287]
[6, 27.801]
[5, 29.979]
[5, 28.6842]
[5, 24.9614]
[4, 31.9625]
[4, 28.75475]
[4, 33.9565]
[4, 32.927]
[4, 34.812]
[4, 32.7385]
[3, 33.010333333333335]
[3, 17.26]
[2, 25.037]
[2, 23.9615]
[2, 27.882]
[2, 33.7375]
[2, 37.018]
[2, 36.3705]
[2, 25.938]
[2, 27.717]
[1, 45.813]
[1, 46.8]
[1, 46.089]
[1, 38.32]
[1, 46.217]
[1, 34.612]
[1, 27.648]
[1, 33.651]
[1, 39.743]
[1, 44.106]
[1, 36.615]
[1, 45.946]
[1, 45.426]
[1, 6.354]
