5	1	-1280	-1024	-1.000	-1.000	-1.000	-1.000	4	-1280	-1024	-1.000	-1.000	-1.000	-1.000	4
25	2	-1280	-1024	0.767	0.480	-1.000	-1.000	4	-1280	-1024	0.517	0.496	-1.000	-1.000	4
45	3	-1280	-1024	-1.000	-1.000	-1.000	-1.000	4	-1280	-1024	-1.000	-1.000	-1.000	-1.000	4
65	4	615	373	0.768	0.479	671.847	2.754	0	611	402	0.518	0.495	676.443	2.712	0
85	5	619	369	0.769	0.479	671.847	2.773	0	615	394	0.518	0.495	676.443	2.711	0
105	6	615	385	0.770	0.479	671.847	2.671	0	609	401	0.519	0.495	676.443	2.663	0
125	7	624	384	0.770	0.478	673.161	2.671	0	614	397	0.519	0.495	676.667	2.647	0
145	8	619	376	0.771	0.478	673.161	2.736	0	598	399	0.519	0.494	676.667	2.562	0
165	9	603	372	0.771	0.478	673.161	2.708	0	595	415	0.520	0.494	676.667	2.611	0
185	10	603	362	0.772	0.478	673.161	2.692	0	622	399	0.520	0.494	676.667	2.524	0
205	11	606	374	0.772	0.478	673.161	2.698	0	595	401	0.521	0.494	676.667	2.548	0
258	12	602	375	0.773	0.478	671.387	2.683	0	605	403	0.521	0.494	677.736	2.554	0
260	13	612	373	0.773	0.478	671.387	2.551	0	589	402	0.522	0.494	677.736	2.424	0
285	14	606	363	0.774	0.478	671.387	2.503	0	607	379	0.522	0.494	677.736	2.412	0
305	15	-1280	-1024	-1.000	-1.000	-1.000	-1.000	4	-1280	-1024	-1.000	-1.000	-1.000	-1.000	4
324	16	-1280	-1024	-1.000	-1.000	-1.000	-1.000	4	-1280	-1024	-1.000	-1.000	-1.000	-1.000	4
344	17	-1280	-1024	0.775	0.477	-1.000	-1.000	4	-1280	-1024	0.523	0.493	-1.000	-1.000	4
364	18	-1280	-1024	-1.000	-1.000	-1.000	-1.000	4	-1280	-1024	-1.000	-1.000	-1.000	-1.000	4
384	19	-1280	-1024	-1.000	-1.000	-1.000	-1.000	4	-1280	-1024	-1.000	-1.000	-1.000	-1.000	4
404	20	-1280	-1024	-1.000	-1.000	-1.000	-1.000	4	-1280	-1024	-1.000	-1.000	-1.000	-1.000	4
424	21	618	357	0.776	0.476	673.455	2.462	0	608	384	0.525	0.492	676.962	2.382	0
444	22	619	358	0.777	0.475	672.753	2.460	0	607	382	0.525	0.492	678.290	2.386	0
464	23	619	359	0.777	0.475	672.753	2.400	0	603	373	0.525	0.492	678.290	2.376	0
484	24	634	347	0.777	0.475	672.753	2.396	0	-1280	-1024	0.777	0.475	-1.000	-1.000	4
504	25	621	342	0.777	0.475	672.753	2.399	0	603	365	0.525	0.492	678.290	2.319	0
524	26	614	349	0.777	0.474	672.753	2.393	0	609	384	0.526	0.491	678.290	2.345	0
544	27	614	353	0.778	0.475	670.587	2.386	0	609	392	0.527	0.492	674.841	2.333	0
564	28	443	467	0.779	0.476	670.587	2.424	0	422	507	0.529	0.493	674.841	2.286	0
584	29	427	508	0.780	0.476	670.587	2.412	0	412	542	0.529	0.493	674.841	2.254	0
604	30	425	514	0.780	0.476	670.587	2.404	0	425	557	0.529	0.493	674.841	2.250	0
624	31	426	500	0.781	0.476	670.587	2.271	0	421	542	0.530	0.493	674.841	2.232	0
643	32	418	494	0.781	0.476	673.342	2.259	0	421	535	0.530	0.493	681.625	2.246	0
663	33	423	531	0.782	0.476	673.342	2.212	0	434	501	0.531	0.493	681.625	2.325	0
683	34	342	597	0.783	0.477	673.342	2.300	0	348	561	0.532	0.494	681.625	2.213	0
703	35	328	621	0.784	0.477	673.342	2.279	0	322	562	0.532	0.494	681.625	2.202	0
723	36	341	603	0.784	0.476	673.342	2.241	0	311	561	0.533	0.494	681.625	2.245	0
743	37	336	616	0.785	0.476	670.966	2.273	0	299	562	0.533	0.493	681.149	2.250	0
763	38	324	588	0.785	0.476	670.966	2.179	0	323	614	0.534	0.493	681.149	2.246	0
783	39	322	584	0.786	0.476	670.966	2.202	0	314	574	0.534	0.493	681.149	2.176	0
803	40	324	589	0.786	0.476	670.966	2.159	0	322	597	0.534	0.493	681.149	2.213	0
823	41	327	564	0.786	0.476	670.966	2.230	0	-1280	-1024	0.786	0.476	-1.000	-1.000	4
843	42	330	561	0.787	0.476	671.246	2.227	0	-1280	-1024	0.535	0.493	-1.000	-1.000	4
863	43	326	575	0.788	0.476	671.246	2.127	0	-1280	-1024	0.788	0.476	-1.000	-1.000	4
883	44	341	584	0.787	0.476	671.246	2.132	0	338	610	0.535	0.493	680.580	2.101	0
903	45	424	605	0.787	0.476	671.246	2.172	0	409	622	0.535	0.493	680.580	2.141	0
923	46	424	577	0.787	0.476	671.246	2.191	0	402	593	0.535	0.493	680.580	2.117	0
943	47	426	587	0.787	0.476	671.731	2.212	0	395	587	0.535	0.493	681.908	2.140	0
963	48	416	563	0.787	0.476	671.731	2.152	0	419	610	0.535	0.493	681.908	2.122	0
982	49	434	564	0.787	0.476	671.731	2.117	0	420	603	0.535	0.493	681.908	2.103	0
1002	50	422	583	0.787	0.475	671.731	2.073	0	412	588	0.535	0.493	681.908	2.044	0
1022	51	427	568	0.787	0.475	671.731	2.192	0	417	599	0.535	0.493	681.908	2.038	0
1042	52	420	574	0.787	0.475	671.420	2.166	0	413	595	0.535	0.493	680.198	2.027	0
1062	53	330	472	0.788	0.474	671.420	2.113	0	363	483	0.537	0.491	680.198	2.149	0
1082	54	243	252	0.788	0.471	671.420	2.116	0	268	253	0.538	0.488	680.198	2.055	0
1102	55	269	222	0.789	0.469	671.420	2.025	0	-1280	-1024	0.789	0.469	-1.000	-1.000	4
1122	56	260	229	0.789	0.469	671.420	2.025	0	247	148	0.539	0.487	680.198	2.106	0
1142	57	266	192	0.790	0.468	688.718	2.077	0	248	164	0.539	0.487	674.654	2.089	0
1162	58	259	237	0.791	0.468	688.718	2.103	0	244	170	0.539	0.487	674.654	2.023	0
1182	59	259	200	0.790	0.468	688.718	2.100	0	268	176	0.539	0.487	674.654	2.082	0
1202	60	282	224	0.791	0.468	688.718	2.116	0	-1280	-1024	0.791	0.468	-1.000	-1.000	4
1222	61	273	214	0.791	0.468	688.718	2.139	0	256	171	0.539	0.487	674.654	2.019	0
1242	62	284	226	0.791	0.468	689.187	2.147	0	257	178	0.539	0.487	672.000	2.011	0
1262	63	281	215	0.791	0.468	689.187	2.075	0	-1280	-1024	0.791	0.468	-1.000	-1.000	4
1281	64	278	206	0.791	0.468	689.187	2.164	0	246	162	0.539	0.487	672.000	2.026	0
1301	65	-1280	-1024	0.539	0.487	-1.000	-1.000	4	242	173	0.539	0.487	672.000	2.036	0
1321	66	288	216	0.791	0.467	689.187	2.144	0	-1280	-1024	0.791	0.467	-1.000	-1.000	4
1341	67	289	217	0.791	0.467	689.009	2.143	0	-1280	-1024	0.538	0.487	-1.000	-1.000	4
1361	68	-1280	-1024	-1.000	-1.000	-1.000	-1.000	4	-1280	-1024	-1.000	-1.000	-1.000	-1.000	4
1381	69	-1280	-1024	-1.000	-1.000	-1.000	-1.000	4	-1280	-1024	-1.000	-1.000	-1.000	-1.000	4
1401	70	-1280	-1024	-1.000	-1.000	-1.000	-1.000	4	-1280	-1024	-1.000	-1.000	-1.000	-1.000	4
1421	71	278	214	0.791	0.464	689.009	2.064	0	-1280	-1024	0.791	0.464	-1.000	-1.000	4
1441	72	278	215	0.792	0.464	688.764	2.063	0	-1280	-1024	0.539	0.483	-1.000	-1.000	4
1461	73	-1280	-1024	-1.000	-1.000	-1.000	-1.000	4	-1280	-1024	-1.000	-1.000	-1.000	-1.000	4
1481	74	-1280	-1024	-1.000	-1.000	-1.000	-1.000	4	-1280	-1024	-1.000	-1.000	-1.000	-1.000	4
1501	75	-1280	-1024	-1.000	-1.000	-1.000	-1.000	4	-1280	-1024	-1.000	-1.000	-1.000	-1.000	4
1521	76	242	110	0.793	0.467	688.764	2.098	0	-1280	-1024	0.793	0.467	-1.000	-1.000	4
1541	77	242	109	0.793	0.469	688.878	2.098	0	-1280	-1024	0.541	0.487	-1.000	-1.000	4
1561	78	238	118	0.794	0.470	688.878	2.059	0	-1280	-1024	0.794	0.470	-1.000	-1.000	4
1580	79	-1280	-1024	-1.000	-1.000	-1.000	-1.000	4	-1280	-1024	-1.000	-1.000	-1.000	-1.000	4
1601	80	-1280	-1024	-1.000	-1.000	-1.000	-1.000	4	-1280	-1024	-1.000	-1.000	-1.000	-1.000	4
1620	81	-1280	-1024	-1.000	-1.000	-1.000	-1.000	4	-1280	-1024	-1.000	-1.000	-1.000	-1.000	4
1640	82	-1280	-1024	0.794	0.467	-1.000	-1.000	4	-1280	-1024	0.542	0.486	-1.000	-1.000	4
1660	83	-1280	-1024	-1.000	-1.000	-1.000	-1.000	4	-1280	-1024	-1.000	-1.000	-1.000	-1.000	4
1680	84	-1280	-1024	-1.000	-1.000	-1.000	-1.000	4	-1280	-1024	-1.000	-1.000	-1.000	-1.000	4
1700	85	354	63	0.794	0.460	687.698	2.060	0	-1280	-1024	0.794	0.460	-1.000	-1.000	4
1720	86	-1280	-1024	-1.000	-1.000	-1.000	-1.000	4	-1280	-1024	-1.000	-1.000	-1.000	-1.000	4
1740	87	-1280	-1024	0.795	0.459	-1.000	-1.000	4	-1280	-1024	0.543	0.478	-1.000	-1.000	4
1760	88	-1280	-1024	-1.000	-1.000	-1.000	-1.000	4	-1280	-1024	-1.000	-1.000	-1.000	-1.000	4
1780	89	-1280	-1024	-1.000	-1.000	-1.000	-1.000	4	-1280	-1024	-1.000	-1.000	-1.000	-1.000	4
1800	90	-1280	-1024	-1.000	-1.000	-1.000	-1.000	4	-1280	-1024	-1.000	-1.000	-1.000	-1.000	4
1820	91	-1280	-1024	-1.000	-1.000	-1.000	-1.000	4	-1280	-1024	-1.000	-1.000	-1.000	-1.000	4
1840	92	-1280	-1024	0.784	0.470	-1.000	-1.000	4	-1280	-1024	0.535	0.489	-1.000	-1.000	4
1860	93	1013	650	0.784	0.468	673.809	2.060	0	-1280	-1024	0.784	0.468	-1.000	-1.000	4
1880	94	1027	609	0.783	0.467	673.809	2.039	0	-1280	-1024	0.783	0.467	-1.000	-1.000	4
1900	95	1025	621	0.783	0.465	673.809	2.114	0	-1280	-1024	0.783	0.465	-1.000	-1.000	4
1920	96	-1280	-1024	-1.000	-1.000	-1.000	-1.000	4	-1280	-1024	-1.000	-1.000	-1.000	-1.000	4
1939	97	-1280	-1024	0.781	0.462	-1.000	-1.000	4	-1280	-1024	0.529	0.484	-1.000	-1.000	4
1959	98	1025	628	0.780	0.461	672.854	2.109	0	981	648	0.528	0.483	674.608	2.016	0
1979	99	1028	625	0.780	0.460	672.854	2.132	0	-1280	-1024	0.780	0.460	-1.000	-1.000	4
1999	100	1029	591	0.779	0.460	672.854	2.102	0	-1280	-1024	0.779	0.460	-1.000	-1.000	4
2019	101	1014	613	0.778	0.459	672.854	2.192	0	982	650	0.526	0.483	674.608	2.045	0
2039	102	1031	602	0.778	0.459	672.029	2.200	0	982	650	0.526	0.483	674.691	2.045	0
2059	103	1008	597	0.777	0.459	672.029	2.212	0	-1280	-1024	0.777	0.459	-1.000	-1.000	4
2079	104	974	581	0.777	0.458	672.029	2.119	0	937	637	0.525	0.481	674.691	2.042	0
2099	105	967	576	0.777	0.457	672.029	2.171	0	-1280	-1024	0.777	0.457	-1.000	-1.000	4
2119	106	955	598	0.777	0.457	672.029	2.141	0	-1280	-1024	0.777	0.457	-1.000	-1.000	4
2139	107	948	594	0.776	0.456	668.555	2.155	0	-1280	-1024	0.523	0.479	-1.000	-1.000	4
2159	108	982	588	0.776	0.456	668.555	2.071	0	-1280	-1024	0.776	0.456	-1.000	-1.000	4
2179	109	964	606	0.776	0.456	668.555	2.153	0	952	646	0.523	0.479	673.272	2.051	0
2199	110	968	559	0.775	0.455	668.555	2.219	0	949	616	0.522	0.478	673.272	2.136	0
2219	111	974	593	0.775	0.455	668.555	2.218	0	947	631	0.522	0.479	673.272	2.116	0
2239	112	976	590	0.775	0.455	668.293	2.216	0	945	617	0.522	0.479	672.215	2.092	0
2258	113	-1280	-1024	0.521	0.479	-1.000	-1.000	4	949	631	0.521	0.479	672.215	2.128	0
2278	114	983	577	0.775	0.456	668.293	2.274	0	949	617	0.521	0.479	672.215	2.019	0
2298	115	998	583	0.775	0.456	668.293	2.200	0	957	625	0.521	0.479	672.215	2.053	0
2318	116	-1280	-1024	0.521	0.479	-1.000	-1.000	4	948	613	0.521	0.479	672.215	2.025	0
2338	117	-1280	-1024	0.775	0.456	-1.000	-1.000	4	950	614	0.521	0.480	672.312	2.038	0
2358	118	989	574	0.775	0.456	666.930	2.123	0	957	634	0.521	0.479	672.312	2.020	0
2378	119	981	577	0.775	0.456	666.930	2.084	0	957	599	0.521	0.479	672.312	2.012	0
2398	120	929	570	0.775	0.456	666.930	2.074	0	905	595	0.522	0.479	672.312	2.072	0
2418	121	-1280	-1024	0.523	0.478	-1.000	-1.000	4	802	625	0.523	0.478	672.312	2.031	0
2438	122	-1280	-1024	0.777	0.456	-1.000	-1.000	4	776	606	0.523	0.478	672.098	2.042	0
2458	123	-1280	-1024	-1.000	-1.000	-1.000	-1.000	4	-1280	-1024	-1.000	-1.000	-1.000	-1.000	4
2478	124	797	616	0.777	0.455	665.648	2.214	0	-1280	-1024	0.777	0.455	-1.000	-1.000	4
2498	125	-1280	-1024	-1.000	-1.000	-1.000	-1.000	4	-1280	-1024	-1.000	-1.000	-1.000	-1.000	4
2518	126	802	623	0.777	0.455	665.648	2.259	0	759	596	0.523	0.478	672.098	2.067	0
2538	127	802	625	0.777	0.455	663.786	2.253	0	760	597	0.523	0.477	671.533	2.065	0
2558	128	-1280	-1024	0.522	0.478	-1.000	-1.000	4	767	581	0.522	0.478	671.533	2.110	0
2577	129	802	601	0.776	0.455	663.786	2.200	0	779	579	0.522	0.478	671.533	2.113	0
2597	130	-1280	-1024	-1.000	-1.000	-1.000	-1.000	4	-1280	-1024	-1.000	-1.000	-1.000	-1.000	4
2617	131	802	571	0.776	0.454	663.786	2.220	0	773	589	0.521	0.477	671.533	2.095	0
2637	132	802	571	0.776	0.454	663.581	2.219	0	770	591	0.521	0.476	671.124	2.091	0
2657	133	-1280	-1024	0.521	0.476	-1.000	-1.000	4	766	615	0.521	0.476	671.124	2.076	0
2677	134	580	578	0.778	0.453	663.581	2.392	0	573	614	0.523	0.476	671.124	2.231	0
2697	135	412	601	0.780	0.452	663.581	2.141	0	371	596	0.526	0.475	671.124	2.014	0
2717	136	397	600	0.780	0.452	663.581	2.210	0	393	619	0.525	0.474	671.124	2.124	0
2737	137	385	603	0.780	0.452	661.321	2.271	0	412	611	0.525	0.474	673.941	2.160	0
2757	138	400	596	0.780	0.452	661.321	2.152	0	368	610	0.525	0.474	673.941	2.073	0
2777	139	-1280	-1024	0.525	0.473	-1.000	-1.000	4	377	640	0.525	0.473	673.941	2.027	0
2797	140	-1280	-1024	-1.000	-1.000	-1.000	-1.000	4	-1280	-1024	-1.000	-1.000	-1.000	-1.000	4
2817	141	-1280	-1024	-1.000	-1.000	-1.000	-1.000	4	-1280	-1024	-1.000	-1.000	-1.000	-1.000	4
2837	142	-1280	-1024	-1.000	-1.000	-1.000	-1.000	4	-1280	-1024	-1.000	-1.000	-1.000	-1.000	4
2857	143	-1280	-1024	-1.000	-1.000	-1.000	-1.000	4	-1280	-1024	-1.000	-1.000	-1.000	-1.000	4
2876	144	-1280	-1024	-1.000	-1.000	-1.000	-1.000	4	-1280	-1024	-1.000	-1.000	-1.000	-1.000	4
2896	145	-1280	-1024	0.781	0.449	-1.000	-1.000	4	-1280	-1024	0.526	0.471	-1.000	-1.000	4
2916	146	338	565	0.781	0.450	665.160	2.079	0	347	559	0.526	0.472	669.145	2.136	0
2936	147	352	583	0.781	0.450	665.160	2.137	0	-1280	-1024	0.781	0.450	-1.000	-1.000	4
2956	148	339	570	0.781	0.450	665.160	2.069	0	354	591	0.525	0.472	669.145	2.040	0
2976	149	332	544	0.781	0.450	665.160	2.137	0	353	566	0.525	0.472	669.145	2.115	0
2996	150	326	551	0.781	0.450	663.120	2.108	0	353	566	0.525	0.472	669.432	2.116	0
3016	151	334	565	0.782	0.450	663.120	2.097	0	339	586	0.525	0.472	669.432	2.017	0
3036	152	330	556	0.781	0.450	663.120	2.097	0	346	570	0.525	0.472	669.432	2.040	0
3056	153	341	570	0.781	0.450	663.120	2.010	0	349	593	0.525	0.472	669.432	2.099	0
3076	154	341	566	0.781	0.450	663.120	2.153	0	346	578	0.525	0.472	669.432	2.088	0
3096	155	342	568	0.781	0.450	661.152	2.130	0	348	575	0.525	0.472	669.388	2.078	0
3116	156	260	482	0.782	0.448	661.152	2.094	0	286	494	0.526	0.470	669.388	2.124	0
3136	157	242	327	0.782	0.444	661.152	2.108	0	232	233	0.528	0.467	669.388	2.150	0
3156	158	242	255	0.783	0.443	661.152	2.080	0	216	195	0.528	0.466	669.388	2.162	0
3176	159	249	265	0.783	0.443	661.152	2.145	0	223	177	0.528	0.466	669.388	2.144	0
3195	160	235	197	0.784	0.443	691.797	2.248	0	211	136	0.529	0.465	676.568	2.169	0
3215	161	216	195	0.784	0.443	691.797	2.228	0	211	176	0.529	0.465	676.568	2.145	0
3235	162	225	184	0.784	0.443	691.797	2.272	0	-1280	-1024	0.784	0.443	-1.000	-1.000	4
3255	163	227	187	0.785	0.443	691.797	2.241	0	216	191	0.529	0.465	676.568	2.084	0
3275	164	225	173	0.785	0.443	691.797	2.211	0	214	199	0.529	0.465	676.568	2.135	0
3295	165	224	172	0.785	0.443	691.186	2.222	0	215	202	0.529	0.465	675.689	2.132	0
3315	166	235	167	0.785	0.443	691.186	2.339	0	215	176	0.529	0.465	675.689	2.175	0
3335	167	236	197	0.785	0.443	691.186	2.265	0	223	192	0.529	0.465	675.689	2.129	0
3355	168	243	208	0.785	0.443	691.186	2.283	0	212	190	0.529	0.465	675.689	2.142	0
3375	169	242	207	0.785	0.443	691.186	2.290	0	216	185	0.529	0.465	675.689	2.119	0
3395	170	240	209	0.785	0.442	690.480	2.295	0	220	188	0.529	0.465	673.870	2.113	0
3415	171	234	185	0.785	0.442	690.480	2.318	0	221	193	0.529	0.465	673.870	2.125	0
3435	172	233	220	0.785	0.442	690.480	2.399	0	224	180	0.529	0.465	673.870	2.073	0
3455	173	231	185	0.785	0.442	690.480	2.470	0	221	184	0.530	0.465	673.870	2.169	0
3475	174	220	188	0.786	0.442	690.480	2.409	0	222	194	0.530	0.465	673.870	2.073	0
3495	175	214	187	0.786	0.443	694.481	2.450	0	226	192	0.530	0.465	672.761	2.101	0
3514	176	232	174	0.786	0.443	694.481	2.331	0	217	187	0.530	0.465	672.761	2.125	0
3534	177	250	180	0.786	0.443	694.481	2.274	0	212	180	0.530	0.465	672.761	2.110	0
3554	178	250	180	0.786	0.443	694.481	2.292	0	217	189	0.530	0.465	672.761	2.119	0
3574	179	245	168	0.786	0.443	694.481	2.285	0	223	182	0.530	0.466	672.761	2.088	0
3594	180	271	251	0.784	0.446	664.182	2.197	0	232	201	0.529	0.467	667.087	2.067	0
3614	181	-1280	-1024	0.528	0.468	-1.000	-1.000	4	398	394	0.528	0.468	667.087	2.157	0
3634	182	398	357	0.782	0.446	664.182	2.235	0	392	379	0.528	0.468	667.087	2.153	0
3654	183	376	371	0.782	0.446	664.182	2.307	0	394	388	0.528	0.468	667.087	2.111	0
3674	184	398	364	0.782	0.446	664.182	2.261	0	403	394	0.527	0.468	667.087	2.155	0
3694	185	396	375	0.783	0.446	662.498	2.288	0	403	382	0.527	0.468	670.716	2.154	0
3714	186	-1280	-1024	0.528	0.468	-1.000	-1.000	4	397	422	0.528	0.468	670.716	2.121	0
3734	187	399	380	0.783	0.446	662.498	2.275	0	393	388	0.528	0.468	670.716	2.107	0
3754	188	397	361	0.783	0.446	662.498	2.305	0	389	383	0.528	0.468	670.716	2.138	0
3774	189	394	371	0.783	0.446	662.498	2.327	0	400	378	0.528	0.468	670.716	2.181	0
3794	190	390	365	0.784	0.446	661.401	2.344	0	395	374	0.528	0.468	670.052	2.185	0
3814	191	401	347	0.784	0.446	661.401	2.383	0	391	388	0.528	0.468	670.052	2.207	0
3833	192	-1280	-1024	0.528	0.468	-1.000	-1.000	4	392	387	0.528	0.468	670.052	2.144	0
3853	193	427	347	0.784	0.445	661.401	2.347	0	406	356	0.529	0.467	670.052	2.176	0
3873	194	402	208	0.783	0.441	661.401	2.374	0	412	113	0.530	0.464	670.052	2.204	0
3893	195	399	157	0.783	0.440	679.756	2.439	0	418	71	0.529	0.463	673.419	2.191	0
3913	196	413	63	0.783	0.440	679.756	2.373	0	394	82	0.529	0.463	673.419	2.139	0
3933	197	392	127	0.783	0.440	679.756	2.651	0	406	77	0.529	0.463	673.419	2.193	0
3953	198	418	70	0.784	0.440	679.756	2.446	0	399	85	0.529	0.463	673.419	2.171	0
3973	199	414	76	0.783	0.440	679.756	2.504	0	403	75	0.529	0.463	673.419	2.246	0
3993	200	411	97	0.783	0.440	679.071	2.600	0	409	84	0.528	0.463	671.311	2.249	0
4013	201	409	77	0.783	0.439	679.071	2.421	0	409	88	0.528	0.463	671.311	2.216	0
4033	202	411	75	0.783	0.439	679.071	2.395	0	407	88	0.528	0.462	671.311	2.286	0
4053	203	-1280	-1024	0.528	0.462	-1.000	-1.000	4	423	80	0.528	0.462	671.311	2.180	0
4073	204	-1280	-1024	0.526	0.462	-1.000	-1.000	4	567	79	0.526	0.462	671.311	2.250	0
4093	205	-1280	-1024	0.780	0.438	-1.000	-1.000	4	582	79	0.525	0.462	670.282	2.258	0
4113	206	605	100	0.779	0.438	679.982	2.559	0	602	72	0.525	0.462	670.282	2.278	0
4133	207	-1280	-1024	0.524	0.462	-1.000	-1.000	4	600	83	0.524	0.462	670.282	2.255	0
4152	208	614	52	0.779	0.438	679.982	2.454	0	609	82	0.524	0.462	670.282	2.164	0
4172	209	-1280	-1024	0.524	0.462	-1.000	-1.000	4	605	75	0.524	0.462	670.282	2.241	0
4192	210	-1280	-1024	0.779	0.438	-1.000	-1.000	4	608	74	0.524	0.462	672.579	2.214	0
4212	211	612	85	0.779	0.438	678.489	2.380	0	607	68	0.523	0.462	672.579	2.244	0
4232	212	625	58	0.778	0.438	678.489	2.432	0	606	68	0.523	0.462	672.579	2.243	0
4252	213	619	82	0.778	0.438	678.489	2.390	0	612	72	0.523	0.462	672.579	2.219	0
4272	214	672	82	0.777	0.438	678.489	2.379	0	667	69	0.522	0.462	672.579	2.220	0
4292	215	678	80	0.777	0.438	676.696	2.388	0	671	78	0.522	0.462	670.082	2.213	0
4312	216	692	65	0.777	0.438	676.696	2.448	0	675	86	0.522	0.462	670.082	2.284	0
4332	217	695	57	0.777	0.437	676.696	2.419	0	678	74	0.521	0.462	670.082	2.235	0
4352	218	680	69	0.776	0.437	676.696	2.446	0	681	80	0.521	0.462	670.082	2.226	0
4372	219	689	68	0.776	0.437	676.696	2.486	0	677	80	0.521	0.461	670.082	2.266	0
4392	220	688	64	0.776	0.437	677.720	2.485	0	681	73	0.521	0.461	672.448	2.246	0
4412	221	629	80	0.778	0.437	677.720	2.502	0	610	67	0.522	0.462	672.448	2.298	0
4432	222	350	90	0.781	0.438	677.720	2.553	0	339	69	0.526	0.462	672.448	2.357	0
4452	223	219	108	0.783	0.438	677.720	2.503	0	211	97	0.529	0.462	672.448	2.345	0
4471	224	210	107	0.784	0.438	677.720	2.443	0	218	106	0.529	0.462	672.448	2.258	0
4491	225	195	72	0.785	0.439	689.320	2.492	0	224	115	0.530	0.462	672.301	2.281	0
4511	226	234	93	0.785	0.439	689.320	2.543	0	214	85	0.530	0.462	672.301	2.274	0
4531	227	212	80	0.786	0.439	689.320	2.503	0	206	102	0.530	0.462	672.301	2.240	0
4551	228	214	72	0.786	0.439	689.320	2.466	0	211	90	0.531	0.462	672.301	2.281	0
4571	229	205	70	0.786	0.438	689.320	2.435	0	214	103	0.531	0.461	672.301	2.252	0
4591	230	205	67	0.787	0.438	689.903	2.405	0	212	100	0.531	0.461	672.097	2.269	0
4611	231	208	62	0.787	0.438	689.903	2.504	0	219	99	0.532	0.461	672.097	2.278	0
4631	232	208	65	0.788	0.438	689.903	2.507	0	209	99	0.532	0.461	672.097	2.254	0
4651	233	209	68	0.788	0.438	689.903	2.434	0	206	99	0.533	0.461	672.097	2.294	0
4671	234	214	90	0.789	0.438	689.903	2.382	0	217	90	0.533	0.461	672.097	2.192	0
4691	235	215	94	0.789	0.438	689.907	2.356	0	214	93	0.534	0.460	670.829	2.178	0
4711	236	218	71	0.790	0.438	689.907	2.450	0	226	102	0.534	0.460	670.829	2.216	0
4731	237	-1280	-1024	0.536	0.460	-1.000	-1.000	4	147	78	0.536	0.460	670.829	2.270	0
4751	238	-1280	-1024	0.536	0.460	-1.000	-1.000	4	113	82	0.536	0.460	670.829	2.235	0
4771	239	115	37	0.792	0.438	689.907	2.464	0	112	64	0.536	0.459	670.829	2.232	0
4790	240	114	35	0.792	0.438	690.424	2.466	0	111	62	0.536	0.459	671.171	2.231	0
4810	241	85	52	0.792	0.438	690.424	2.548	0	111	67	0.536	0.459	671.171	2.281	0
4830	242	91	55	0.792	0.437	690.424	2.565	0	120	71	0.536	0.459	671.171	2.264	0
4850	243	102	29	0.792	0.437	690.424	2.473	0	115	78	0.536	0.459	671.171	2.258	0
4870	244	101	52	0.792	0.437	690.424	2.493	0	120	67	0.536	0.459	671.171	2.233	0
4890	245	105	43	0.792	0.436	691.570	2.478	0	118	69	0.536	0.458	671.288	2.221	0
4910	246	95	38	0.792	0.436	691.570	2.434	0	113	66	0.536	0.458	671.288	2.333	0
4930	247	-1280	-1024	0.537	0.458	-1.000	-1.000	4	114	79	0.537	0.458	671.288	2.297	0
4950	248	99	42	0.792	0.436	691.570	2.466	0	119	57	0.537	0.458	671.288	2.274	0
4970	249	204	28	0.791	0.436	691.570	2.520	0	233	62	0.536	0.457	671.288	2.318	0
4990	250	212	45	0.791	0.435	686.323	2.501	0	246	65	0.536	0.457	670.414	2.290	0
5010	251	-1280	-1024	0.536	0.457	-1.000	-1.000	4	229	70	0.536	0.457	670.414	2.319	0
5030	252	225	92	0.791	0.435	686.323	2.784	0	230	73	0.536	0.457	670.414	2.388	0
5050	253	-1280	-1024	0.536	0.457	-1.000	-1.000	4	231	79	0.536	0.457	670.414	2.353	0
5070	254	229	54	0.791	0.434	686.323	2.528	0	241	79	0.536	0.457	670.414	2.373	0
5089	255	230	57	0.791	0.434	685.204	2.524	0	241	79	0.536	0.457	669.955	2.355	0
5109	256	234	49	0.791	0.434	685.204	2.610	0	232	79	0.536	0.457	669.955	2.351	0
5129	257	270	63	0.791	0.434	685.204	2.567	0	265	88	0.536	0.457	669.955	2.366	0
5149	258	-1280	-1024	0.534	0.457	-1.000	-1.000	4	407	88	0.534	0.457	669.955	2.449	0
5169	259	-1280	-1024	-1.000	-1.000	-1.000	-1.000	4	-1280	-1024	-1.000	-1.000	-1.000	-1.000	4
5189	260	-1280	-1024	-1.000	-1.000	-1.000	-1.000	4	-1280	-1024	-1.000	-1.000	-1.000	-1.000	4
5209	261	-1280	-1024	0.535	0.455	-1.000	-1.000	4	388	173	0.535	0.455	669.955	2.394	0
5229	262	-1280	-1024	0.536	0.456	-1.000	-1.000	4	387	110	0.536	0.456	669.955	2.453	0
5249	263	-1280	-1024	0.792	0.434	-1.000	-1.000	4	387	108	0.536	0.456	670.492	2.455	0
5269	264	363	83	0.792	0.434	681.304	2.785	0	381	77	0.536	0.456	670.492	2.472	0
5289	265	-1280	-1024	0.537	0.456	-1.000	-1.000	4	386	74	0.537	0.456	670.492	2.516	0
5309	266	382	76	0.793	0.434	681.304	2.635	0	391	78	0.537	0.457	670.492	2.497	0
5329	267	374	67	0.793	0.434	681.304	2.730	0	391	87	0.537	0.457	670.492	2.579	0
5349	268	375	70	0.793	0.435	680.209	2.726	0	392	90	0.537	0.457	669.834	2.592	0
5369	269	388	70	0.793	0.435	680.209	2.634	0	381	88	0.537	0.457	669.834	2.492	0
5389	270	374	66	0.793	0.435	680.209	2.687	0	-1280	-1024	0.793	0.435	-1.000	-1.000	4
5408	271	371	79	0.793	0.435	680.209	2.735	0	379	81	0.537	0.457	669.834	2.456	0
5428	272	370	68	0.793	0.435	680.209	2.717	0	380	82	0.537	0.457	669.834	2.485	0
5448	273	370	71	0.793	0.435	679.681	2.741	0	380	79	0.538	0.457	670.948	2.489	0
5468	274	348	85	0.793	0.435	679.681	2.709	0	355	88	0.538	0.457	670.948	2.445	0
5488	275	351	87	0.793	0.435	679.681	2.754	0	347	82	0.538	0.457	670.948	2.507	0
5508	276	347	98	0.793	0.435	679.681	2.693	0	337	90	0.538	0.457	670.948	2.480	0
5528	277	347	115	0.793	0.435	679.681	2.665	0	340	87	0.538	0.457	670.948	2.476	0
5548	278	347	119	0.793	0.434	680.116	2.671	0	342	91	0.538	0.457	669.648	2.467	0
5568	279	348	103	0.793	0.434	680.116	2.705	0	349	88	0.538	0.457	669.648	2.462	0
5588	280	341	115	0.793	0.434	680.116	2.703	0	346	90	0.538	0.457	669.648	2.471	0
5608	281	341	101	0.793	0.434	680.116	2.757	0	346	98	0.537	0.457	669.648	2.545	0
5628	282	-1280	-1024	0.537	0.457	-1.000	-1.000	4	345	91	0.537	0.457	669.648	2.464	0
5648	283	-1280	-1024	0.793	0.434	-1.000	-1.000	4	345	89	0.537	0.457	671.305	2.493	0
5668	284	-1280	-1024	0.536	0.457	-1.000	-1.000	4	339	99	0.536	0.457	671.305	2.518	0
5688	285	345	133	0.792	0.434	679.970	2.784	0	343	103	0.536	0.457	671.305	2.512	0
5708	286	350	109	0.792	0.434	679.970	2.671	0	336	93	0.536	0.458	671.305	2.522	0
5727	287	335	130	0.791	0.434	679.970	2.758	0	338	105	0.536	0.458	671.305	2.577	0
5747	288	336	120	0.791	0.434	680.743	2.715	0	339	105	0.535	0.458	670.504	2.579	0
5767	289	350	99	0.791	0.434	680.743	2.738	0	338	112	0.535	0.458	670.504	2.537	0
5787	290	333	104	0.790	0.434	680.743	2.720	0	335	105	0.534	0.458	670.504	2.576	0
5807	291	-1280	-1024	0.534	0.458	-1.000	-1.000	4	346	106	0.534	0.458	670.504	2.502	0
5827	292	339	102	0.790	0.434	680.743	2.788	0	350	115	0.534	0.458	670.504	2.523	0
5847	293	339	105	0.789	0.434	679.713	2.783	0	353	114	0.534	0.458	669.715	2.520	0
5867	294	345	138	0.789	0.434	679.713	2.814	0	346	112	0.533	0.458	669.715	2.549	0
5887	295	-1280	-1024	0.533	0.458	-1.000	-1.000	4	347	103	0.533	0.458	669.715	2.571	0
5907	296	345	141	0.789	0.435	679.713	2.755	0	345	120	0.533	0.459	669.715	2.521	0
5927	297	348	136	0.789	0.435	679.713	2.791	0	343	116	0.533	0.459	669.715	2.495	0
5947	298	348	137	0.789	0.435	679.468	2.790	0	340	112	0.533	0.459	670.948	2.494	0
5967	299	358	121	0.789	0.435	679.468	2.682	0	348	101	0.533	0.459	670.948	2.488	0
5987	300	338	119	0.789	0.436	679.468	2.625	0	337	102	0.533	0.459	670.948	2.504	0
6007	301	340	116	0.789	0.436	679.468	2.661	0	335	101	0.533	0.460	670.948	2.521	0
6027	302	334	103	0.789	0.436	679.468	2.660	0	339	110	0.533	0.460	670.948	2.515	0
6046	303	332	98	0.789	0.436	679.925	2.660	0	338	109	0.533	0.460	671.831	2.513	0
6066	304	340	131	0.788	0.436	679.925	2.614	0	334	110	0.533	0.460	671.831	2.461	0
6086	305	-1280	-1024	0.533	0.460	-1.000	-1.000	4	325	106	0.533	0.460	671.831	2.452	0
6106	306	346	134	0.788	0.436	679.925	2.607	0	326	105	0.533	0.460	671.831	2.437	0
6126	307	350	109	0.788	0.436	679.925	2.672	0	327	107	0.533	0.460	671.831	2.447	0
6146	308	350	110	0.788	0.436	679.399	2.670	0	329	107	0.533	0.460	671.861	2.441	0
6166	309	333	106	0.788	0.436	679.399	2.669	0	339	115	0.533	0.460	671.861	2.458	0
6186	310	348	132	0.788	0.436	679.399	2.621	0	334	106	0.533	0.460	671.861	2.425	0
6206	311	341	105	0.788	0.436	679.399	2.651	0	329	111	0.533	0.460	671.861	2.408	0
6226	312	350	116	0.788	0.436	679.399	2.638	0	337	104	0.533	0.460	671.861	2.433	0
6246	313	352	123	0.788	0.435	679.491	2.654	0	336	103	0.533	0.460	672.692	2.432	0
6266	314	346	110	0.788	0.435	679.491	2.612	0	332	115	0.533	0.459	672.692	2.439	0
6286	315	323	194	0.789	0.436	679.491	2.607	0	276	161	0.534	0.461	672.692	2.413	0
6306	316	-1280	-1024	0.534	0.461	-1.000	-1.000	4	275	188	0.534	0.461	672.692	2.398	0
6326	317	304	232	0.789	0.437	679.491	2.598	0	264	196	0.534	0.461	672.692	2.430	0
6346	318	307	236	0.790	0.437	677.962	2.592	0	275	227	0.534	0.461	664.545	2.384	0
6366	319	308	240	0.790	0.437	677.962	2.613	0	277	206	0.534	0.461	664.545	2.427	0
6386	320	305	238	0.790	0.437	677.962	2.675	0	284	207	0.534	0.461	664.545	2.373	0
6405	321	307	245	0.790	0.437	677.962	2.615	0	283	208	0.534	0.461	664.545	2.369	0
6425	322	310	240	0.790	0.436	677.962	2.606	0	278	218	0.534	0.461	664.545	2.403	0
6445	323	305	236	0.790	0.435	679.669	2.627	0	280	217	0.534	0.460	665.564	2.377	0
6465	324	285	183	0.790	0.435	679.669	2.569	0	269	176	0.535	0.459	665.855	2.490	0
6485	325	296	203	0.790	0.435	679.669	2.674	0	277	185	0.534	0.459	665.853	2.415	0
6505	326	301	180	0.790	0.435	679.669	2.667	0	274	175	0.534	0.459	667.231	2.405	0
6525	327	285	188	0.790	0.434	679.669	2.617	0	283	176	0.534	0.459	668.268	2.411	0
6545	328	293	192	0.790	0.434	679.639	2.672	0	285	179	0.534	0.459	667.989	2.414	0
6565	329	285	183	0.790	0.435	679.639	2.618	0	280	164	0.534	0.459	667.989	2.429	0
6585	330	281	182	0.790	0.435	679.639	2.614	0	284	170	0.534	0.459	667.989	2.420	0
6605	331	274	209	0.790	0.435	679.639	2.638	0	267	156	0.534	0.459	667.989	2.461	0
6625	332	295	169	0.789	0.435	679.639	2.580	0	249	162	0.534	0.459	667.989	2.432	0
6645	333	288	171	0.790	0.434	680.733	2.585	0	236	144	0.534	0.458	674.006	2.459	0
6665	334	-1280	-1024	-1.000	-1.000	-1.000	-1.000	4	-1280	-1024	-1.000	-1.000	-1.000	-1.000	4
6685	335	-1280	-1024	-1.000	-1.000	-1.000	-1.000	4	-1280	-1024	-1.000	-1.000	-1.000	-1.000	4
6704	336	-1280	-1024	-1.000	-1.000	-1.000	-1.000	4	-1280	-1024	-1.000	-1.000	-1.000	-1.000	4
6724	337	-1280	-1024	-1.000	-1.000	-1.000	-1.000	4	-1280	-1024	-1.000	-1.000	-1.000	-1.000	4
6744	338	-1280	-1024	0.789	0.433	-1.000	-1.000	4	-1280	-1024	0.533	0.457	-1.000	-1.000	4
6764	339	208	148	0.788	0.434	687.196	2.629	0	242	169	0.532	0.458	676.191	2.589	0
6784	340	235	159	0.788	0.434	687.196	2.687	0	-1280	-1024	0.788	0.434	-1.000	-1.000	4
6804	341	241	153	0.788	0.434	687.196	2.776	0	234	256	0.532	0.458	676.191	2.697	0
6824	342	234	163	0.788	0.434	687.196	2.635	0	240	200	0.532	0.458	676.191	2.518	0
6844	343	220	92	0.788	0.434	712.113	2.783	0	240	198	0.531	0.459	676.959	2.521	0
6864	344	226	64	0.788	0.434	712.113	2.867	0	226	180	0.531	0.459	676.959	2.535	0
6884	345	218	71	0.788	0.434	712.113	2.829	0	227	173	0.531	0.459	676.959	2.555	0
6904	346	218	77	0.788	0.434	712.113	2.760	0	229	184	0.531	0.459	676.959	2.498	0
6924	347	231	73	0.788	0.434	712.113	2.741	0	223	178	0.532	0.459	676.959	2.531	0
6944	348	242	140	0.788	0.434	689.574	2.636	0	224	175	0.532	0.459	677.863	2.530	0
6964	349	227	146	0.788	0.435	689.574	2.810	0	231	177	0.532	0.459	677.863	2.494	0
6984	350	-1280	-1024	0.532	0.459	-1.000	-1.000	4	242	183	0.532	0.459	677.863	2.464	0
7004	351	226	182	0.789	0.435	689.574	2.892	0	215	190	0.533	0.459	677.863	2.498	0
7024	352	-1280	-1024	0.533	0.459	-1.000	-1.000	4	231	195	0.533	0.459	677.863	2.578	0
7043	353	-1280	-1024	0.790	0.436	-1.000	-1.000	4	231	207	0.533	0.460	674.287	2.565	0
7063	354	-1280	-1024	0.534	0.460	-1.000	-1.000	4	227	208	0.534	0.460	674.287	2.578	0
7083	355	239	223	0.790	0.436	688.638	2.739	0	225	199	0.534	0.460	674.287	2.535	0
7103	356	-1280	-1024	0.534	0.460	-1.000	-1.000	4	221	197	0.534	0.460	674.287	2.572	0
7123	357	214	152	0.791	0.436	688.638	2.831	0	233	205	0.535	0.460	674.287	2.500	0
7143	358	214	151	0.792	0.436	689.090	2.833	0	235	204	0.535	0.459	672.651	2.495	0
7163	359	219	174	0.792	0.436	689.090	2.690	0	228	224	0.536	0.459	672.651	2.477	0
7183	360	210	198	0.793	0.437	689.090	2.704	0	196	196	0.537	0.459	672.651	2.508	0
7203	361	123	191	0.794	0.437	689.090	2.645	0	127	210	0.538	0.459	672.651	2.582	0
7223	362	126	179	0.795	0.437	689.090	2.680	0	136	210	0.538	0.459	672.651	2.567	0
7243	363	128	181	0.795	0.437	692.839	2.686	0	147	208	0.539	0.459	673.363	2.556	0
7263	364	119	159	0.795	0.437	692.839	2.798	0	138	221	0.539	0.459	673.363	2.428	0
7283	365	-1280	-1024	0.539	0.459	-1.000	-1.000	4	126	211	0.539	0.459	673.363	2.504	0
7303	366	119	159	0.796	0.437	692.839	2.652	0	138	200	0.539	0.459	673.363	2.479	0
7323	367	117	145	0.796	0.438	692.839	2.676	0	131	199	0.540	0.459	673.363	2.509	0
7342	368	120	154	0.796	0.437	689.488	2.664	0	137	200	0.540	0.459	672.524	2.499	0
7362	369	146	181	0.796	0.438	689.488	2.640	0	126	204	0.540	0.459	672.524	2.467	0
7382	370	-1280	-1024	0.540	0.459	-1.000	-1.000	4	116	202	0.540	0.459	672.524	2.475	0
7402	371	174	163	0.796	0.437	689.488	2.632	0	166	190	0.540	0.459	672.524	2.466	0
7422	372	227	181	0.795	0.437	689.488	2.722	0	220	178	0.539	0.459	672.524	2.416	0
7442	373	228	188	0.795	0.437	687.015	2.712	0	240	177	0.539	0.459	670.554	2.406	0
7462	374	247	167	0.796	0.437	687.015	2.685	0	225	175	0.539	0.459	670.554	2.485	0
7482	375	220	192	0.796	0.437	687.015	2.653	0	229	191	0.539	0.459	670.554	2.375	0
7502	376	228	191	0.796	0.437	687.015	2.606	0	224	174	0.540	0.459	670.554	2.380	0
7522	377	226	189	0.796	0.437	687.015	2.614	0	220	169	0.540	0.459	670.554	2.484	0
7542	378	232	188	0.796	0.437	687.151	2.623	0	222	174	0.540	0.459	669.875	2.428	0
7562	379	216	181	0.796	0.437	687.151	2.866	0	228	171	0.540	0.459	669.875	2.464	0
7582	380	-1280	-1024	0.540	0.459	-1.000	-1.000	4	219	166	0.540	0.459	669.875	2.428	0
7602	381	242	169	0.797	0.437	687.151	2.693	0	216	172	0.541	0.459	669.875	2.422	0
7622	382	233	194	0.797	0.437	687.151	2.690	0	218	172	0.541	0.459	669.875	2.429	0
7642	383	233	192	0.797	0.437	687.781	2.693	0	217	175	0.541	0.459	668.766	2.423	0
7662	384	243	197	0.798	0.438	687.781	2.639	0	228	171	0.541	0.459	668.766	2.490	0
7681	385	-1280	-1024	0.541	0.459	-1.000	-1.000	4	227	178	0.541	0.459	668.766	2.414	0
7701	386	229	192	0.798	0.438	687.781	2.579	0	226	179	0.542	0.459	668.766	2.492	0
7721	387	251	201	0.798	0.438	687.781	2.598	0	223	176	0.542	0.459	668.766	2.505	0
7741	388	258	236	0.798	0.438	674.238	2.548	0	225	178	0.542	0.459	667.667	2.483	0
7761	389	253	222	0.799	0.438	673.499	2.642	0	237	179	0.542	0.459	667.667	2.418	0
7781	390	-1280	-1024	0.542	0.459	-1.000	-1.000	4	228	181	0.542	0.459	667.667	2.502	0
7801	391	247	223	0.799	0.438	672.688	2.633	0	223	180	0.542	0.459	667.667	2.530	0
7821	392	252	235	0.799	0.438	673.593	2.640	0	232	185	0.543	0.459	667.667	2.500	0
7841	393	249	222	0.799	0.438	678.546	2.659	0	231	193	0.543	0.460	665.267	2.499	0
7861	394	314	212	0.799	0.439	678.546	2.802	0	277	184	0.543	0.460	665.267	2.527	0
7881	395	292	232	0.799	0.439	678.546	2.752	0	274	189	0.543	0.460	665.267	2.506	0
7901	396	309	230	0.799	0.439	678.546	2.667	0	275	189	0.543	0.460	665.267	2.508	0
7921	397	-1280	-1024	0.543	0.461	-1.000	-1.000	4	270	203	0.543	0.461	665.267	2.510	0
7941	398	-1280	-1024	0.799	0.439	-1.000	-1.000	4	272	212	0.543	0.461	663.485	2.505	0
7961	399	-1280	-1024	0.543	0.461	-1.000	-1.000	4	277	213	0.543	0.461	663.485	2.486	0
7980	400	298	241	0.799	0.439	677.389	2.673	0	276	206	0.543	0.461	663.485	2.479	0
8000	401	305	247	0.799	0.439	677.389	2.721	0	269	214	0.543	0.461	663.485	2.510	0
8020	402	-1280	-1024	0.542	0.462	-1.000	-1.000	4	291	346	0.542	0.462	663.485	2.543	0
8040	403	-1280	-1024	0.796	0.444	-1.000	-1.000	4	287	349	0.542	0.464	666.449	2.564	0
8060	404	328	554	0.796	0.444	663.026	2.813	0	336	510	0.542	0.464	666.449	2.510	0
8080	405	-1280	-1024	0.542	0.464	-1.000	-1.000	4	323	536	0.542	0.464	666.449	2.533	0
8100	406	-1280	-1024	0.541	0.464	-1.000	-1.000	4	324	543	0.541	0.464	666.449	2.546	0
8120	407	338	554	0.797	0.445	663.026	2.620	0	317	576	0.541	0.465	666.449	2.527	0
8140	408	339	556	0.797	0.445	661.812	2.615	0	317	590	0.541	0.465	667.669	2.535	0
8160	409	329	566	0.797	0.445	661.812	2.728	0	340	550	0.541	0.465	667.669	2.717	0
8180	410	354	574	0.796	0.445	661.812	2.708	0	352	596	0.541	0.465	667.669	2.613	0
8200	411	367	607	0.796	0.445	661.812	2.628	0	360	596	0.541	0.465	667.669	2.663	0
8220	412	365	611	0.797	0.445	661.812	2.628	0	353	617	0.541	0.465	667.669	2.695	0
8240	413	362	616	0.797	0.445	660.844	2.625	0	355	621	0.541	0.465	669.468	2.661	0
8260	414	357	619	0.797	0.445	660.844	2.548	0	366	618	0.541	0.465	669.468	2.632	0
8280	415	359	605	0.797	0.445	660.844	2.571	0	363	618	0.541	0.466	669.468	2.649	0
8299	416	341	595	0.797	0.446	660.844	2.641	0	360	602	0.542	0.466	669.468	2.628	0
8319	417	357	587	0.798	0.446	660.844	2.684	0	370	592	0.542	0.466	669.468	2.719	0
8339	418	351	581	0.798	0.446	659.971	2.723	0	372	587	0.542	0.466	668.538	2.727	0
8359	419	413	608	0.797	0.446	659.971	2.622	0	411	585	0.541	0.466	668.538	2.667	0
8379	420	413	606	0.797	0.446	659.971	2.680	0	-1280	-1024	0.797	0.446	-1.000	-1.000	4
8399	421	416	604	0.796	0.446	659.971	2.599	0	433	629	0.540	0.466	668.538	2.627	0
8419	422	421	612	0.796	0.446	659.971	2.615	0	415	600	0.540	0.466	668.538	2.607	0
8439	423	414	611	0.796	0.446	659.601	2.622	0	415	602	0.540	0.466	667.048	2.601	0
8459	424	418	586	0.796	0.445	659.601	2.620	0	431	612	0.540	0.466	667.048	2.600	0
8479	425	419	625	0.796	0.446	659.601	2.571	0	428	599	0.540	0.466	667.048	2.574	0
8499	426	422	583	0.796	0.446	659.601	2.581	0	410	611	0.539	0.467	667.048	2.564	0
8519	427	420	597	0.796	0.446	659.601	2.500	0	411	605	0.539	0.467	667.048	2.592	0
8539	428	423	608	0.796	0.446	658.659	2.476	0	412	604	0.539	0.467	665.543	2.570	0
8559	429	429	605	0.796	0.446	658.659	2.482	0	424	576	0.540	0.467	665.543	2.534	0
8579	430	418	608	0.796	0.446	658.659	2.518	0	414	623	0.540	0.467	665.543	2.465	0
8599	431	419	641	0.796	0.446	658.659	2.537	0	416	599	0.540	0.467	665.543	2.414	0
8618	432	420	614	0.797	0.446	658.659	2.508	0	409	578	0.540	0.467	665.543	2.398	0
8638	433	421	623	0.796	0.446	661.305	2.520	0	406	595	0.540	0.467	665.955	2.383	0
8658	434	428	611	0.797	0.446	661.305	2.467	0	436	608	0.540	0.467	665.955	2.410	0
8678	435	445	613	0.797	0.446	661.305	2.530	0	437	598	0.540	0.467	665.955	2.431	0
8698	436	448	604	0.797	0.446	661.305	2.465	0	433	601	0.540	0.467	665.955	2.416	0
8718	437	450	635	0.797	0.446	661.305	2.438	0	442	581	0.540	0.467	665.955	2.426	0
8738	438	451	637	0.797	0.447	660.331	2.448	0	442	577	0.540	0.467	665.892	2.420	0
8758	439	446	602	0.797	0.446	660.331	2.441	0	443	581	0.541	0.467	665.892	2.448	0
8778	440	445	581	0.797	0.446	660.331	2.500	0	446	591	0.540	0.467	665.892	2.461	0
8798	441	445	606	0.797	0.446	660.331	2.443	0	448	616	0.540	0.467	665.892	2.405	0
8818	442	420	594	0.797	0.447	660.331	2.440	0	440	659	0.540	0.467	665.892	2.405	0
8838	443	404	587	0.797	0.447	661.805	2.461	0	435	676	0.540	0.468	666.395	2.407	0
8858	444	426	596	0.797	0.447	661.805	2.562	0	429	625	0.540	0.468	666.395	2.321	0
8878	445	-1280	-1024	0.541	0.468	-1.000	-1.000	4	389	598	0.541	0.468	666.395	2.397	0
8898	446	-1280	-1024	-1.000	-1.000	-1.000	-1.000	4	-1280	-1024	-1.000	-1.000	-1.000	-1.000	4
8918	447	-1280	-1024	-1.000	-1.000	-1.000	-1.000	4	-1280	-1024	-1.000	-1.000	-1.000	-1.000	4
8937	448	-1280	-1024	-1.000	-1.000	-1.000	-1.000	4	-1280	-1024	-1.000	-1.000	-1.000	-1.000	4
8957	449	-1280	-1024	-1.000	-1.000	-1.000	-1.000	4	-1280	-1024	-1.000	-1.000	-1.000	-1.000	4
8977	450	-1280	-1024	-1.000	-1.000	-1.000	-1.000	4	-1280	-1024	-1.000	-1.000	-1.000	-1.000	4
8997	451	-1280	-1024	-1.000	-1.000	-1.000	-1.000	4	-1280	-1024	-1.000	-1.000	-1.000	-1.000	4
9017	452	-1280	-1024	-1.000	-1.000	-1.000	-1.000	4	-1280	-1024	-1.000	-1.000	-1.000	-1.000	4
9037	453	261	592	0.801	0.446	661.805	2.471	0	286	611	0.544	0.466	666.395	2.211	0
9057	454	261	591	0.801	0.446	662.918	2.475	0	286	612	0.544	0.467	665.744	2.209	0
9077	455	291	544	0.801	0.447	662.918	2.279	0	317	573	0.544	0.467	665.744	2.221	0
9097	456	316	568	0.801	0.447	662.918	2.260	0	307	598	0.544	0.467	665.744	2.295	0
9117	457	287	574	0.801	0.447	662.918	2.346	0	304	581	0.544	0.467	665.744	2.281	0
9137	458	290	562	0.802	0.447	662.918	2.286	0	-1280	-1024	0.802	0.447	-1.000	-1.000	4
9157	459	292	560	0.802	0.447	664.510	2.304	0	-1280	-1024	0.545	0.468	-1.000	-1.000	4
9177	460	298	564	0.802	0.448	664.510	2.281	0	296	571	0.545	0.468	667.689	2.316	0
9197	461	293	585	0.802	0.448	664.510	2.249	0	-1280	-1024	0.802	0.448	-1.000	-1.000	4
9217	462	464	607	0.799	0.448	664.510	2.419	0	486	587	0.543	0.469	667.689	2.352	0
9236	463	796	585	0.795	0.448	664.510	2.270	0	811	619	0.540	0.469	667.689	2.143	0
9256	464	863	599	0.793	0.449	660.068	2.280	0	808	622	0.538	0.469	665.433	2.136	0
9276	465	959	612	0.794	0.449	660.068	2.201	0	927	666	0.538	0.469	665.433	2.267	0
9296	466	957	623	0.793	0.448	660.068	2.191	0	942	637	0.537	0.469	665.433	2.176	0
9316	467	962	616	0.793	0.448	660.068	2.286	0	935	644	0.537	0.470	665.433	2.294	0
9336	468	963	614	0.793	0.448	660.068	2.219	0	918	655	0.537	0.470	665.433	2.138	0
9356	469	964	619	0.793	0.449	659.248	2.237	0	911	643	0.537	0.470	664.848	2.164	0
9376	470	948	599	0.793	0.449	659.248	2.384	0	930	615	0.536	0.470	664.848	2.058	0
9396	471	947	602	0.793	0.449	659.248	2.456	0	929	608	0.536	0.470	664.848	2.122	0
9416	472	-1280	-1024	0.536	0.470	-1.000	-1.000	4	939	619	0.536	0.470	664.848	2.203	0
9436	473	-1280	-1024	0.536	0.470	-1.000	-1.000	4	923	642	0.536	0.470	664.848	2.231	0
9456	474	-1280	-1024	0.793	0.449	-1.000	-1.000	4	934	644	0.536	0.470	664.677	2.258	0
9476	475	-1280	-1024	0.536	0.470	-1.000	-1.000	4	942	624	0.536	0.470	664.677	2.078	0
9496	476	964	583	0.793	0.449	658.937	2.478	0	943	613	0.536	0.470	664.677	2.087	0
9516	477	946	613	0.793	0.449	658.937	2.402	0	929	624	0.536	0.470	664.677	2.070	0
9536	478	-1280	-1024	0.536	0.470	-1.000	-1.000	4	942	629	0.536	0.470	664.677	2.164	0
9556	479	-1280	-1024	0.793	0.449	-1.000	-1.000	4	937	625	0.536	0.470	665.272	2.173	0
9575	480	948	619	0.793	0.449	658.535	2.395	0	932	599	0.536	0.470	665.272	2.155	0
9595	481	1022	594	0.792	0.449	658.535	2.635	0	983	651	0.536	0.470	665.272	2.202	0
9615	482	-1280	-1024	0.535	0.470	-1.000	-1.000	4	1052	633	0.535	0.470	665.272	2.153	0
9635	483	1070	573	0.791	0.448	658.535	2.347	0	1073	583	0.535	0.470	665.272	2.089	0
9655	484	1070	572	0.792	0.448	659.082	2.349	0	1105	587	0.535	0.470	676.598	2.129	0
9675	485	1078	574	0.792	0.448	659.082	2.326	0	1065	630	0.535	0.470	676.598	2.133	0
9695	486	1071	576	0.792	0.448	659.082	2.429	0	1073	614	0.536	0.470	676.598	2.144	0
9715	487	1082	581	0.792	0.448	659.082	2.364	0	1077	601	0.536	0.470	676.598	2.171	0
9735	488	1084	587	0.792	0.448	659.082	2.318	0	1084	622	0.535	0.470	676.598	2.107	0
9755	489	1087	589	0.792	0.448	659.818	2.354	0	1087	614	0.535	0.469	674.226	2.110	0
9775	490	1088	606	0.792	0.448	659.818	2.336	0	1080	628	0.535	0.469	674.226	2.143	0
9795	491	1114	584	0.792	0.448	659.818	2.310	0	1104	614	0.535	0.470	674.226	2.177	0
9815	492	1129	563	0.791	0.448	659.818	2.272	0	1130	621	0.535	0.470	674.226	2.089	0
9835	493	1121	577	0.791	0.448	659.818	2.351	0	1121	598	0.535	0.470	674.226	2.100	0
9855	494	1128	569	0.792	0.448	658.593	2.326	0	1144	578	0.534	0.470	684.299	2.141	0
9875	495	-1280	-1024	-1.000	-1.000	-1.000	-1.000	4	-1280	-1024	-1.000	-1.000	-1.000	-1.000	4
9894	496	-1280	-1024	-1.000	-1.000	-1.000	-1.000	4	-1280	-1024	-1.000	-1.000	-1.000	-1.000	4
9914	497	-1280	-1024	-1.000	-1.000	-1.000	-1.000	4	-1280	-1024	-1.000	-1.000	-1.000	-1.000	4
9934	498	-1280	-1024	-1.000	-1.000	-1.000	-1.000	4	-1280	-1024	-1.000	-1.000	-1.000	-1.000	4
9954	499	-1280	-1024	0.791	0.449	-1.000	-1.000	4	-1280	-1024	0.534	0.470	-1.000	-1.000	4
9974	500	1113	608	0.791	0.449	659.517	2.267	0	1106	635	0.534	0.470	678.555	2.159	0
9994	501	1099	626	0.791	0.449	659.517	2.330	0	1109	630	0.534	0.470	678.555	2.181	0
10014	502	1118	586	0.791	0.449	659.517	2.241	0	1124	600	0.534	0.470	678.555	2.119	0
10034	503	1115	590	0.791	0.449	659.517	2.253	0	-1280	-1024	0.791	0.449	-1.000	-1.000	4
10054	504	1089	596	0.791	0.449	659.963	2.262	0	-1280	-1024	0.534	0.470	-1.000	-1.000	4
10074	505	1111	589	0.791	0.449	659.963	2.204	0	1102	634	0.534	0.470	677.070	2.090	0
10094	506	1078	630	0.791	0.449	659.963	2.318	0	1078	653	0.534	0.470	677.070	2.186	0
10114	507	1081	620	0.791	0.449	659.963	2.366	0	1083	648	0.534	0.470	677.070	2.115	0
10134	508	1078	658	0.791	0.449	659.963	2.399	0	1086	631	0.534	0.470	677.070	2.137	0
10154	509	1076	668	0.792	0.449	657.296	2.423	0	1094	634	0.534	0.470	678.967	2.177	0
10174	510	1104	598	0.792	0.449	657.296	2.260	0	1092	636	0.534	0.470	678.967	2.146	0
10194	511	1108	618	0.792	0.449	657.296	2.288	0	1100	642	0.535	0.470	678.967	2.161	0
