15	1	-1280	-1024	-1.000	-1.000	-1.000	-1.000	4	-1280	-1024	-1.000	-1.000	-1.000	-1.000	4
35	2	-1280	-1024	0.692	0.585	-1.000	-1.000	4	-1280	-1024	0.466	0.597	-1.000	-1.000	4
55	3	-1280	-1024	-1.000	-1.000	-1.000	-1.000	4	-1280	-1024	-1.000	-1.000	-1.000	-1.000	4
74	4	781	521	0.692	0.586	819.810	5.058	0	766	652	0.466	0.598	811.802	4.217	0
94	5	755	586	0.693	0.585	819.810	5.121	0	751	645	0.466	0.597	811.802	4.126	0
114	6	759	462	0.693	0.585	819.810	4.660	0	750	632	0.467	0.597	811.802	4.052	0
134	7	743	466	0.693	0.585	817.758	4.537	0	756	620	0.467	0.597	813.708	3.988	0
154	8	769	636	0.694	0.585	817.758	4.729	0	750	631	0.467	0.597	813.708	4.008	0
174	9	753	654	0.694	0.586	817.758	4.456	0	756	632	0.468	0.597	813.708	3.911	0
194	10	772	646	0.694	0.586	817.758	4.305	0	768	639	0.468	0.597	813.708	3.881	0
231	11	776	546	0.695	0.585	817.758	4.345	0	750	609	0.468	0.597	813.708	3.892	0
234	12	774	550	0.695	0.585	814.974	4.369	0	748	612	0.469	0.596	812.463	3.870	0
254	13	781	587	0.695	0.585	814.974	4.498	0	-1280	-1024	0.695	0.585	-1.000	-1.000	4
274	14	770	526	0.696	0.585	814.974	4.347	0	780	618	0.470	0.597	812.463	3.736	0
294	15	791	561	0.697	0.586	814.974	4.212	0	771	644	0.471	0.597	812.463	3.849	0
314	16	754	527	0.697	0.586	814.974	4.262	0	741	618	0.471	0.597	812.463	3.729	0
334	17	757	544	0.696	0.585	811.938	4.174	0	725	627	0.470	0.596	811.803	3.761	0
354	18	791	579	0.697	0.585	811.938	3.874	0	771	603	0.470	0.596	811.803	3.759	0
373	19	800	578	0.698	0.585	811.938	3.923	0	750	613	0.471	0.596	811.803	3.625	0
393	20	774	579	0.698	0.586	811.938	3.933	0	775	636	0.472	0.596	811.803	3.699	0
413	21	782	619	0.698	0.586	811.938	3.693	0	778	585	0.472	0.597	811.803	3.654	0
433	22	789	620	0.697	0.585	813.734	3.713	0	782	595	0.471	0.596	811.286	3.685	0
453	23	774	610	0.698	0.585	813.734	3.711	0	746	579	0.471	0.596	811.286	3.523	0
473	24	779	589	0.699	0.585	813.734	3.654	0	783	567	0.472	0.596	811.286	3.530	0
493	25	657	634	0.700	0.585	813.734	3.658	0	668	619	0.474	0.596	811.286	3.497	0
513	26	479	612	0.701	0.586	813.734	3.564	0	489	627	0.475	0.596	811.286	3.509	0
533	27	497	626	0.701	0.586	803.161	3.489	0	517	636	0.475	0.596	812.523	3.508	0
553	28	475	633	0.701	0.586	803.161	3.457	0	450	616	0.475	0.597	812.523	3.494	0
573	29	488	633	0.702	0.586	803.161	3.571	0	435	613	0.476	0.597	812.523	3.466	0
593	30	473	619	0.702	0.586	803.161	3.451	0	428	612	0.476	0.597	812.523	3.397	0
613	31	475	650	0.700	0.586	803.161	3.534	0	463	642	0.474	0.597	812.523	3.490	0
633	32	519	651	0.701	0.587	800.914	3.472	0	497	641	0.475	0.597	815.057	3.469	0
653	33	417	667	0.701	0.587	800.914	3.427	0	387	701	0.475	0.597	815.057	3.511	0
673	34	381	681	0.700	0.587	800.914	3.479	0	-1280	-1024	0.700	0.587	-1.000	-1.000	4
693	35	369	698	0.700	0.586	800.914	3.439	0	-1280	-1024	0.700	0.586	-1.000	-1.000	4
712	36	396	680	0.700	0.586	800.914	3.470	0	-1280	-1024	0.700	0.586	-1.000	-1.000	4
732	37	398	671	0.700	0.586	813.105	3.505	0	-1280	-1024	0.474	0.597	-1.000	-1.000	4
752	38	396	650	0.700	0.586	813.105	3.476	0	-1280	-1024	0.700	0.586	-1.000	-1.000	4
772	39	388	624	0.698	0.586	813.105	3.395	0	-1280	-1024	0.698	0.586	-1.000	-1.000	4
792	40	366	652	0.698	0.586	813.105	3.350	0	-1280	-1024	0.698	0.586	-1.000	-1.000	4
812	41	371	649	0.698	0.586	813.105	3.354	0	356	664	0.472	0.596	816.666	3.380	0
832	42	376	644	0.698	0.585	812.080	3.353	0	355	658	0.472	0.596	821.928	3.401	0
852	43	376	679	0.698	0.585	812.080	3.429	0	-1280	-1024	0.698	0.585	-1.000	-1.000	4
872	44	357	679	0.696	0.586	812.080	3.364	0	342	630	0.470	0.597	821.928	3.472	0
892	45	386	548	0.696	0.585	812.080	3.393	0	387	596	0.470	0.596	821.928	3.434	0
912	46	396	394	0.695	0.583	812.080	3.819	0	432	380	0.470	0.595	821.928	3.369	0
932	47	407	338	0.695	0.582	811.933	3.825	0	473	307	0.470	0.593	811.758	3.282	0
952	48	452	159	0.695	0.582	811.933	3.764	0	415	191	0.470	0.593	811.758	3.465	0
972	49	437	171	0.694	0.582	811.933	3.337	0	419	163	0.469	0.593	811.758	3.414	0
992	50	442	183	0.694	0.582	811.933	3.347	0	424	147	0.469	0.594	811.758	3.388	0
1012	51	439	233	0.694	0.582	811.933	3.387	0	403	152	0.469	0.594	811.758	3.401	0
1031	52	440	261	0.694	0.583	805.903	3.382	0	399	148	0.469	0.594	809.931	3.381	0
1051	53	442	232	0.695	0.583	805.903	3.335	0	417	178	0.469	0.594	809.931	3.349	0
1071	54	433	233	0.694	0.582	805.903	3.368	0	437	164	0.468	0.594	809.931	3.329	0
1091	55	438	215	0.694	0.582	805.903	3.338	0	441	177	0.468	0.594	809.931	3.304	0
1111	56	427	230	0.694	0.582	805.903	3.359	0	422	153	0.468	0.594	809.931	3.368	0
1131	57	427	215	0.696	0.582	810.338	3.364	0	417	167	0.471	0.594	804.455	3.331	0
1151	58	196	150	0.697	0.582	810.338	3.505	0	148	151	0.471	0.594	804.455	3.328	0
1171	59	210	153	0.696	0.582	810.338	3.430	0	179	151	0.471	0.594	804.455	3.268	0
1191	60	205	163	0.697	0.582	810.338	3.453	0	-1280	-1024	0.697	0.582	-1.000	-1.000	4
1211	61	195	137	0.697	0.582	810.338	3.495	0	192	162	0.472	0.594	804.455	3.335	0
1231	62	175	146	0.697	0.582	807.758	3.452	0	182	139	0.472	0.594	813.740	3.373	0
1251	63	182	169	0.697	0.582	807.758	3.457	0	187	129	0.472	0.594	813.740	3.355	0
1271	64	215	172	0.697	0.582	807.758	3.486	0	194	123	0.472	0.594	813.740	3.361	0
1291	65	218	166	0.698	0.582	807.758	3.487	0	187	114	0.472	0.594	813.740	3.368	0
1311	66	376	295	0.696	0.583	807.758	3.518	0	344	251	0.471	0.595	813.740	3.508	0
1331	67	399	301	0.694	0.585	809.382	3.536	0	360	257	0.469	0.596	812.920	3.522	0
1350	68	706	567	0.693	0.585	809.382	3.629	0	669	523	0.468	0.596	812.920	3.418	0
1370	69	691	559	0.693	0.585	809.382	3.571	0	682	571	0.468	0.597	812.920	3.432	0
1390	70	691	548	0.694	0.586	809.382	3.637	0	699	499	0.468	0.597	812.920	3.471	0
1410	71	694	541	0.694	0.586	809.382	3.527	0	674	535	0.468	0.597	812.920	3.479	0
1430	72	688	528	0.694	0.586	811.981	3.546	0	676	542	0.468	0.597	813.496	3.489	0
1450	73	668	529	0.694	0.586	811.981	3.716	0	676	508	0.469	0.597	813.496	3.538	0
1470	74	698	540	0.694	0.586	811.981	3.700	0	635	552	0.468	0.597	813.496	3.477	0
1490	75	686	537	0.694	0.586	811.981	3.790	0	666	550	0.468	0.597	813.496	3.523	0
1510	76	682	531	0.695	0.586	811.981	3.792	0	700	519	0.470	0.597	813.496	3.560	0
1530	77	649	532	0.695	0.586	814.825	3.807	0	646	546	0.469	0.596	811.071	3.532	0
1550	78	670	544	0.695	0.585	814.825	3.878	0	694	527	0.469	0.596	811.071	3.666	0
1570	79	695	530	0.695	0.585	814.825	3.907	0	694	550	0.470	0.596	811.071	3.677	0
1590	80	688	544	0.695	0.585	814.825	3.872	0	674	538	0.470	0.596	811.071	3.596	0
1610	81	691	488	0.695	0.584	814.825	3.944	0	684	493	0.470	0.595	811.071	3.652	0
1630	82	688	483	0.694	0.582	812.909	3.936	0	675	500	0.470	0.593	809.928	3.631	0
1649	83	596	38	0.694	0.581	812.909	4.123	0	593	136	0.470	0.592	809.928	3.749	0
1669	84	577	92	0.695	0.581	812.909	3.927	0	544	108	0.471	0.592	809.928	3.680	0
1689	85	585	106	0.695	0.581	812.909	3.931	0	550	126	0.471	0.592	809.928	3.724	0
1709	86	586	112	0.695	0.581	812.909	3.932	0	566	100	0.470	0.592	809.928	3.745	0
1729	87	588	119	0.694	0.582	812.853	3.932	0	575	104	0.469	0.593	809.660	3.720	0
1749	88	539	125	0.694	0.582	812.853	3.880	0	555	116	0.469	0.593	809.660	3.659	0
1769	89	562	100	0.693	0.582	812.853	3.845	0	565	119	0.468	0.593	809.660	3.637	0
1789	90	549	108	0.693	0.582	812.853	3.853	0	570	118	0.468	0.593	809.660	3.733	0
1809	91	553	99	0.693	0.582	812.853	3.862	0	563	129	0.468	0.593	809.660	3.689	0
1829	92	558	97	0.695	0.582	814.441	3.853	0	565	123	0.469	0.593	813.323	3.721	0
1849	93	418	84	0.696	0.582	814.441	3.942	0	395	85	0.471	0.593	813.323	3.809	0
1869	94	358	79	0.695	0.582	814.441	3.875	0	365	88	0.470	0.593	813.323	3.802	0
1889	95	370	102	0.695	0.582	814.441	3.837	0	354	104	0.470	0.593	813.323	3.694	0
1909	96	374	70	0.695	0.582	814.441	3.889	0	337	100	0.470	0.593	813.323	3.706	0
1929	97	380	88	0.696	0.582	808.591	3.853	0	325	116	0.471	0.593	805.698	3.684	0
1949	98	388	93	0.696	0.582	808.591	3.856	0	348	119	0.471	0.593	805.698	3.656	0
1968	99	393	99	0.695	0.582	808.591	3.919	0	358	104	0.470	0.593	805.698	3.696	0
1988	100	362	97	0.696	0.582	808.591	3.891	0	373	88	0.470	0.594	805.698	3.746	0
2008	101	354	113	0.696	0.582	808.591	3.865	0	369	80	0.470	0.594	805.698	3.770	0
2028	102	343	101	0.694	0.583	815.158	3.921	0	348	72	0.469	0.595	806.230	3.797	0
2048	103	759	448	0.691	0.585	815.158	4.000	0	703	444	0.467	0.596	806.230	3.785	0
2068	104	888	562	0.690	0.586	815.158	4.029	0	836	592	0.466	0.597	806.230	3.779	0
2088	105	876	543	0.690	0.586	815.158	3.963	0	850	592	0.465	0.597	806.230	3.794	0
2108	106	882	553	0.690	0.586	815.158	3.976	0	846	562	0.465	0.597	806.230	3.774	0
2128	107	878	545	0.690	0.586	813.705	3.965	0	855	545	0.465	0.597	810.478	3.797	0
2148	108	863	558	0.691	0.586	813.705	4.035	0	865	557	0.465	0.597	810.478	3.822	0
2168	109	862	575	0.692	0.586	813.705	3.950	0	848	587	0.466	0.597	810.478	3.815	0
2188	110	873	565	0.692	0.586	813.705	4.035	0	850	584	0.466	0.597	810.478	3.801	0
2208	111	872	579	0.692	0.586	813.705	4.010	0	844	595	0.466	0.597	810.478	3.825	0
2228	112	870	580	0.691	0.586	811.388	3.975	0	843	596	0.465	0.598	811.901	3.826	0
2248	113	870	582	0.691	0.586	811.388	3.970	0	843	557	0.465	0.598	811.901	3.845	0
2268	114	866	583	0.691	0.586	811.388	4.001	0	838	582	0.465	0.598	811.901	3.859	0
2287	115	859	606	0.691	0.586	811.388	4.023	0	825	592	0.465	0.598	811.901	3.849	0
2307	116	865	564	0.691	0.586	811.388	3.955	0	837	614	0.465	0.598	811.901	3.893	0
2327	117	863	568	0.691	0.586	810.840	3.972	0	832	625	0.465	0.598	813.335	3.909	0
2347	118	862	594	0.691	0.586	810.840	3.921	0	856	587	0.465	0.598	813.335	3.786	0
2367	119	845	611	0.691	0.586	810.840	3.928	0	846	578	0.465	0.598	813.335	3.778	0
2387	120	857	603	0.691	0.586	810.840	3.874	0	824	578	0.465	0.598	813.335	3.724	0
2407	121	871	580	0.691	0.586	810.840	3.911	0	828	571	0.465	0.598	813.335	3.693	0
2427	122	885	581	0.690	0.586	813.391	3.912	0	833	573	0.464	0.597	810.632	3.651	0
2447	123	844	574	0.690	0.586	813.391	3.864	0	843	573	0.464	0.597	810.632	3.700	0
2467	124	816	602	0.690	0.586	813.391	3.852	0	837	567	0.465	0.597	810.632	3.734	0
2487	125	776	590	0.691	0.586	813.391	3.871	0	776	557	0.465	0.597	810.632	3.726	0
2507	126	758	597	0.690	0.586	813.391	3.820	0	773	580	0.464	0.597	810.632	3.653	0
2527	127	788	589	0.689	0.586	814.155	3.819	0	768	573	0.463	0.597	811.590	3.669	0
2547	128	769	599	0.689	0.586	814.155	3.828	0	776	583	0.463	0.598	811.590	3.686	0
2567	129	776	608	0.690	0.586	814.155	3.851	0	750	589	0.463	0.598	811.590	3.737	0
2587	130	788	577	0.690	0.586	814.155	3.836	0	774	578	0.463	0.598	811.590	3.679	0
2606	131	759	586	0.689	0.586	814.155	3.804	0	764	562	0.463	0.598	811.590	3.725	0
2626	132	759	584	0.688	0.586	812.553	3.802	0	776	561	0.462	0.598	811.094	3.700	0
2646	133	782	576	0.688	0.586	812.553	3.920	0	776	583	0.462	0.598	811.094	3.676	0
2666	134	770	587	0.689	0.586	812.553	3.816	0	779	592	0.462	0.599	811.094	3.702	0
2686	135	773	575	0.688	0.586	812.553	3.902	0	759	606	0.462	0.599	811.094	3.801	0
2706	136	790	586	0.688	0.586	812.553	3.909	0	766	603	0.462	0.599	811.094	3.711	0
2726	137	798	581	0.687	0.586	812.932	3.880	0	754	599	0.461	0.599	812.736	3.755	0
2746	138	787	597	0.687	0.586	812.932	3.827	0	742	593	0.461	0.599	812.736	3.771	0
2766	139	768	603	0.688	0.586	812.932	3.850	0	753	569	0.461	0.599	812.736	3.723	0
2786	140	771	612	0.688	0.586	812.932	3.798	0	754	585	0.461	0.599	812.736	3.683	0
2806	141	757	613	0.688	0.586	812.932	3.807	0	771	561	0.461	0.599	812.736	3.701	0
2826	142	755	617	0.687	0.587	810.693	3.793	0	778	567	0.460	0.599	810.532	3.670	0
2846	143	782	584	0.687	0.587	810.693	3.867	0	762	593	0.460	0.599	810.532	3.717	0
2866	144	781	599	0.687	0.587	810.693	3.856	0	752	587	0.461	0.599	810.532	3.744	0
2886	145	771	596	0.687	0.587	810.693	3.804	0	762	599	0.460	0.599	810.532	3.748	0
2906	146	766	582	0.687	0.587	810.693	3.746	0	771	597	0.460	0.600	810.532	3.716	0
2925	147	762	590	0.686	0.587	810.298	3.715	0	780	594	0.460	0.600	811.672	3.736	0
2945	148	844	621	0.685	0.587	810.298	3.785	0	829	579	0.459	0.600	811.672	3.752	0
2965	149	1007	661	0.685	0.587	810.298	3.785	0	979	636	0.458	0.600	811.672	3.657	0
2985	150	1015	657	0.684	0.587	810.298	3.744	0	1011	637	0.458	0.600	811.672	3.670	0
3005	151	1004	657	0.684	0.587	810.298	3.759	0	1013	634	0.457	0.600	811.672	3.582	0
3025	152	1005	656	0.683	0.587	811.435	3.752	0	1013	643	0.457	0.600	804.619	3.531	0
3045	153	1013	650	0.683	0.587	811.435	3.724	0	986	668	0.456	0.600	804.619	3.591	0
3065	154	1028	670	0.684	0.587	811.435	3.701	0	999	649	0.457	0.600	804.619	3.563	0
3085	155	1031	670	0.684	0.587	811.435	3.720	0	1004	653	0.457	0.600	804.619	3.579	0
3105	156	1008	669	0.684	0.587	811.435	3.734	0	1014	671	0.457	0.601	804.619	3.583	0
3125	157	1003	668	0.683	0.587	811.574	3.729	0	1022	656	0.456	0.601	809.995	3.595	0
3145	158	1013	656	0.682	0.587	811.574	3.701	0	986	671	0.456	0.601	809.995	3.574	0
3165	159	1022	667	0.683	0.588	811.574	3.655	0	987	674	0.456	0.601	809.995	3.598	0
3185	160	998	657	0.683	0.588	811.574	3.687	0	1007	652	0.456	0.601	809.995	3.604	0
3205	161	1024	655	0.682	0.588	811.574	3.714	0	1003	636	0.455	0.601	809.995	3.600	0
3225	162	1018	657	0.681	0.587	812.662	3.705	0	1000	625	0.454	0.601	813.619	3.619	0
3244	163	1001	686	0.680	0.587	812.662	3.721	0	1018	629	0.454	0.601	813.619	3.663	0
3264	164	1029	653	0.681	0.587	812.662	3.790	0	1000	675	0.454	0.601	813.619	3.668	0
3284	165	997	653	0.680	0.587	812.662	3.728	0	994	646	0.453	0.601	813.619	3.735	0
3304	166	990	659	0.680	0.587	812.662	3.747	0	1000	707	0.453	0.601	813.619	3.767	0
3324	167	982	660	0.678	0.586	812.550	3.768	0	1000	703	0.452	0.601	818.775	3.823	0
3344	168	-1280	-1024	0.451	0.600	-1.000	-1.000	4	958	634	0.451	0.600	818.775	3.746	0
3364	169	-1280	-1024	-1.000	-1.000	-1.000	-1.000	4	-1280	-1024	-1.000	-1.000	-1.000	-1.000	4
3384	170	-1280	-1024	-1.000	-1.000	-1.000	-1.000	4	-1280	-1024	-1.000	-1.000	-1.000	-1.000	4
3404	171	-1280	-1024	-1.000	-1.000	-1.000	-1.000	4	-1280	-1024	-1.000	-1.000	-1.000	-1.000	4
3424	172	-1280	-1024	-1.000	-1.000	-1.000	-1.000	4	-1280	-1024	-1.000	-1.000	-1.000	-1.000	4
3444	173	-1280	-1024	-1.000	-1.000	-1.000	-1.000	4	-1280	-1024	-1.000	-1.000	-1.000	-1.000	4
3464	174	-1280	-1024	0.451	0.599	-1.000	-1.000	4	817	292	0.451	0.599	818.775	3.937	0
3484	175	-1280	-1024	0.676	0.584	-1.000	-1.000	4	818	312	0.450	0.600	808.713	3.889	0
3504	176	748	349	0.676	0.584	802.735	3.864	0	755	355	0.449	0.600	808.713	4.007	0
3524	177	774	342	0.676	0.584	802.735	4.047	0	783	416	0.450	0.600	808.713	3.850	0
3544	178	780	364	0.676	0.584	802.735	4.148	0	-1280	-1024	0.676	0.584	-1.000	-1.000	4
3563	179	776	368	0.676	0.584	802.735	4.288	0	783	418	0.449	0.600	808.713	3.836	0
3584	180	779	370	0.675	0.584	803.853	4.408	0	783	416	0.448	0.601	809.613	3.840	0
3603	181	722	292	0.675	0.584	803.853	4.217	0	721	371	0.448	0.600	809.613	3.900	0
3623	182	474	173	0.677	0.583	803.853	4.095	0	505	225	0.451	0.599	809.613	3.870	0
3643	183	281	91	0.679	0.583	803.853	4.188	0	290	175	0.453	0.599	809.613	3.812	0
3663	184	269	134	0.679	0.583	803.853	4.039	0	247	184	0.453	0.599	809.613	3.908	0
3683	185	255	94	0.678	0.583	804.047	4.053	0	213	204	0.452	0.600	804.415	3.855	0
3703	186	237	189	0.678	0.583	804.047	3.886	0	242	212	0.452	0.600	804.415	3.750	0
3723	187	233	207	0.677	0.583	804.047	3.936	0	243	200	0.451	0.600	804.415	3.802	0
3743	188	245	188	0.677	0.584	804.047	3.896	0	225	213	0.451	0.600	804.415	3.811	0
3763	189	255	196	0.677	0.584	804.047	3.840	0	233	203	0.450	0.600	804.415	3.787	0
3783	190	266	213	0.678	0.584	798.900	3.827	0	225	215	0.451	0.600	801.746	3.772	0
3803	191	241	192	0.678	0.584	798.900	3.733	0	245	211	0.451	0.600	801.746	3.835	0
3823	192	239	200	0.677	0.584	798.900	3.850	0	257	208	0.450	0.600	801.746	3.791	0
3843	193	232	174	0.678	0.584	798.900	3.794	0	253	202	0.451	0.600	801.746	3.790	0
3863	194	238	191	0.678	0.583	798.900	3.790	0	237	203	0.451	0.600	801.746	3.727	0
3883	195	239	182	0.678	0.583	801.877	3.800	0	207	193	0.451	0.600	804.353	3.717	0
3903	196	233	188	0.678	0.583	801.877	3.792	0	236	198	0.451	0.600	804.353	3.735	0
3922	197	248	194	0.678	0.583	801.877	3.818	0	247	200	0.451	0.600	804.353	3.800	0
3942	198	238	186	0.678	0.584	801.877	3.798	0	257	198	0.451	0.600	804.353	3.751	0
3962	199	250	194	0.678	0.584	801.877	3.799	0	237	191	0.451	0.600	804.353	3.758	0
3982	200	256	203	0.678	0.584	796.794	3.777	0	241	190	0.451	0.600	804.223	3.765	0
4002	201	338	139	0.677	0.583	796.794	3.881	0	325	157	0.451	0.599	804.223	3.833	0
4022	202	382	106	0.677	0.583	796.794	3.841	0	384	86	0.450	0.599	804.223	3.760	0
4042	203	388	88	0.677	0.583	796.794	3.817	0	379	79	0.450	0.598	804.223	3.780	0
4062	204	382	94	0.677	0.583	796.794	3.818	0	384	60	0.451	0.598	804.223	3.794	0
4082	205	384	74	0.677	0.583	800.147	3.835	0	383	53	0.451	0.598	802.620	3.752	0
4102	206	380	87	0.677	0.583	800.147	3.882	0	378	100	0.451	0.598	802.620	3.772	0
4122	207	395	100	0.677	0.582	800.147	3.849	0	378	104	0.451	0.598	802.620	3.772	0
4142	208	392	102	0.677	0.582	800.147	3.895	0	389	103	0.451	0.598	802.620	3.795	0
4162	209	385	75	0.678	0.582	800.147	3.904	0	373	76	0.451	0.598	802.620	3.808	0
4182	210	383	76	0.678	0.582	802.480	3.912	0	376	76	0.451	0.598	802.488	3.817	0
4202	211	342	62	0.678	0.582	802.480	3.936	0	340	83	0.452	0.597	802.488	3.799	0
4222	212	328	57	0.678	0.582	802.480	3.951	0	341	85	0.452	0.597	802.488	3.782	0
4241	213	350	57	0.679	0.582	802.480	3.919	0	349	101	0.452	0.597	802.488	3.743	0
4261	214	357	72	0.679	0.582	802.480	3.909	0	359	77	0.452	0.597	802.488	3.734	0
4281	215	361	62	0.679	0.582	804.910	3.917	0	360	79	0.452	0.597	803.104	3.729	0
4301	216	334	56	0.679	0.582	804.910	3.965	0	352	85	0.453	0.598	803.104	3.743	0
4321	217	342	53	0.679	0.582	804.910	3.923	0	342	84	0.453	0.598	803.104	3.744	0
4341	218	337	53	0.679	0.582	804.910	3.897	0	343	97	0.453	0.598	803.104	3.740	0
4361	219	356	61	0.679	0.582	804.910	3.893	0	356	68	0.453	0.597	803.104	3.740	0
4381	220	362	57	0.678	0.582	806.041	3.895	0	346	59	0.452	0.597	807.268	3.760	0
4401	221	479	31	0.678	0.582	806.041	3.959	0	495	23	0.452	0.597	807.268	3.796	0
4421	222	498	21	0.679	0.582	806.041	3.997	0	487	44	0.452	0.597	807.268	3.796	0
4441	223	494	24	0.679	0.582	806.041	3.952	0	486	47	0.453	0.597	807.268	3.784	0
4461	224	476	29	0.679	0.582	806.041	3.903	0	478	41	0.453	0.597	807.268	3.740	0
4481	225	485	28	0.679	0.582	805.074	3.901	0	477	41	0.453	0.597	807.103	3.732	0
4501	226	494	13	0.680	0.582	805.074	3.909	0	492	48	0.453	0.597	807.103	3.760	0
4521	227	477	17	0.680	0.582	805.074	3.931	0	471	39	0.453	0.597	807.103	3.742	0
4540	228	504	17	0.680	0.582	805.074	3.897	0	469	22	0.453	0.597	807.103	3.745	0
4560	229	464	29	0.680	0.582	805.074	3.902	0	452	26	0.454	0.597	807.103	3.766	0
4580	230	470	44	0.682	0.582	800.736	3.883	0	446	40	0.456	0.597	803.327	3.741	0
4600	231	150	40	0.683	0.582	800.736	3.886	0	135	65	0.457	0.597	803.327	3.680	0
4620	232	161	58	0.683	0.583	800.736	3.861	0	144	68	0.457	0.597	803.327	3.642	0
4640	233	164	55	0.684	0.582	800.736	3.866	0	137	58	0.457	0.597	803.327	3.645	0
4660	234	172	51	0.684	0.582	800.736	3.796	0	168	67	0.457	0.597	803.327	3.598	0
4680	235	178	82	0.684	0.583	792.390	3.738	0	167	54	0.457	0.597	807.835	3.604	0
4700	236	158	75	0.684	0.582	792.390	3.746	0	145	58	0.458	0.597	807.835	3.610	0
4720	237	186	72	0.684	0.582	792.390	3.785	0	148	39	0.458	0.597	807.835	3.613	0
4740	238	194	70	0.685	0.582	792.390	3.709	0	137	30	0.458	0.597	807.835	3.673	0
4760	239	135	42	0.685	0.582	792.390	3.741	0	139	17	0.458	0.597	807.835	3.615	0
4780	240	139	25	0.685	0.582	796.781	3.761	0	139	7	0.459	0.596	807.972	3.637	0
4800	241	85	34	0.686	0.582	796.781	3.783	0	91	48	0.459	0.596	807.972	3.583	0
4820	242	103	25	0.686	0.582	796.781	3.774	0	75	34	0.459	0.596	807.972	3.608	0
4840	243	104	32	0.686	0.582	796.781	3.778	0	81	25	0.460	0.596	807.972	3.613	0
4859	244	90	48	0.686	0.582	796.781	3.783	0	90	29	0.460	0.596	807.972	3.609	0
4879	245	93	37	0.686	0.582	800.351	3.796	0	84	25	0.460	0.596	807.047	3.607	0
4899	246	118	42	0.687	0.582	800.351	3.801	0	102	46	0.460	0.596	807.047	3.526	0
4919	247	116	32	0.687	0.582	800.351	3.787	0	99	41	0.460	0.596	807.047	3.550	0
4939	248	117	31	0.687	0.582	800.351	3.799	0	109	57	0.460	0.596	807.047	3.616	0
4959	249	121	26	0.687	0.582	800.351	3.809	0	102	47	0.460	0.596	807.047	3.567	0
4979	250	121	34	0.687	0.582	797.137	3.790	0	103	52	0.460	0.596	806.195	3.590	0
4999	251	109	47	0.687	0.582	797.137	3.787	0	98	25	0.460	0.596	806.195	3.560	0
5019	252	112	72	0.687	0.581	797.137	3.773	0	92	28	0.461	0.595	806.195	3.529	0
5039	253	119	58	0.687	0.581	797.137	3.752	0	93	33	0.460	0.595	806.195	3.562	0
5059	254	97	67	0.687	0.581	797.137	3.726	0	69	52	0.461	0.595	806.195	3.569	0
5079	255	97	61	0.687	0.581	797.215	3.709	0	61	47	0.460	0.595	810.090	3.580	0
5099	256	109	59	0.687	0.581	797.215	3.756	0	83	47	0.460	0.595	810.090	3.594	0
5119	257	107	59	0.687	0.581	797.215	3.823	0	92	54	0.460	0.595	810.090	3.544	0
5139	258	108	66	0.687	0.581	797.215	3.815	0	87	47	0.460	0.595	810.090	3.558	0
5158	259	110	65	0.687	0.581	797.215	3.775	0	95	48	0.460	0.595	810.090	3.599	0
5178	260	108	57	0.687	0.581	799.736	3.820	0	94	48	0.460	0.595	810.213	3.579	0
5198	261	110	54	0.687	0.581	799.736	3.831	0	81	59	0.460	0.595	810.213	3.635	0
5218	262	91	48	0.687	0.581	799.736	3.876	0	64	56	0.461	0.595	810.213	3.675	0
5238	263	94	52	0.687	0.581	799.736	3.862	0	88	54	0.461	0.595	810.213	3.608	0
5258	264	99	53	0.687	0.581	799.736	3.919	0	105	61	0.461	0.595	810.213	3.652	0
5278	265	90	40	0.686	0.581	804.024	3.949	0	114	73	0.460	0.595	804.694	3.632	0
5298	266	332	98	0.686	0.581	804.024	4.004	0	343	53	0.460	0.595	804.694	3.684	0
5318	267	339	84	0.686	0.581	804.024	4.000	0	333	62	0.460	0.594	804.694	3.652	0
5338	268	342	90	0.686	0.581	804.024	4.023	0	341	95	0.460	0.594	804.694	3.695	0
5358	269	337	95	0.687	0.580	804.024	4.015	0	329	79	0.461	0.594	804.694	3.678	0
5378	270	340	83	0.687	0.580	806.574	4.032	0	332	86	0.461	0.594	807.846	3.687	0
5398	271	340	71	0.687	0.580	806.574	4.038	0	321	60	0.461	0.594	807.846	3.763	0
5418	272	320	71	0.688	0.580	806.574	4.082	0	341	64	0.462	0.594	807.846	3.685	0
5438	273	348	55	0.688	0.580	806.574	4.069	0	324	63	0.462	0.594	807.846	3.770	0
5458	274	331	70	0.688	0.580	806.574	4.103	0	336	74	0.462	0.594	807.846	3.767	0
5477	275	330	74	0.689	0.580	803.667	4.092	0	337	89	0.463	0.594	803.177	3.728	0
5497	276	327	81	0.689	0.580	803.667	4.072	0	332	81	0.463	0.593	803.177	3.785	0
5517	277	338	78	0.689	0.580	803.667	4.072	0	348	83	0.463	0.593	803.177	3.762	0
5537	278	353	77	0.690	0.580	803.667	4.081	0	333	75	0.463	0.593	803.177	3.810	0
5557	279	395	73	0.690	0.580	803.667	4.067	0	371	83	0.463	0.593	803.177	3.803	0
5577	280	407	56	0.690	0.580	809.176	4.096	0	372	67	0.464	0.593	808.734	3.832	0
5597	281	395	41	0.690	0.580	809.176	4.074	0	360	60	0.464	0.593	808.734	3.787	0
5617	282	369	68	0.691	0.580	809.176	4.024	0	386	67	0.465	0.593	808.734	3.745	0
5637	283	396	45	0.691	0.580	809.176	4.014	0	365	69	0.465	0.593	808.734	3.725	0
5657	284	373	60	0.691	0.580	809.176	4.008	0	391	66	0.465	0.593	808.734	3.746	0
5677	285	382	55	0.692	0.581	807.132	3.991	0	384	67	0.466	0.593	808.502	3.739	0
5697	286	369	54	0.692	0.581	807.132	3.956	0	386	59	0.466	0.593	808.502	3.736	0
5717	287	387	50	0.692	0.581	807.132	3.926	0	367	62	0.466	0.593	808.502	3.681	0
5737	288	400	23	0.692	0.581	807.132	4.001	0	384	33	0.466	0.593	808.502	3.711	0
5757	289	432	25	0.692	0.581	807.132	3.936	0	414	42	0.466	0.593	808.502	3.711	0
5777	290	451	25	0.692	0.581	808.440	3.971	0	412	43	0.466	0.593	810.178	3.719	0
5796	291	436	30	0.692	0.581	808.440	3.955	0	421	36	0.467	0.593	810.178	3.701	0
5816	292	439	32	0.693	0.581	808.440	3.931	0	433	35	0.467	0.593	810.178	3.720	0
5836	293	436	10	0.693	0.581	808.440	3.951	0	428	33	0.467	0.593	810.178	3.652	0
5856	294	441	7	0.693	0.581	808.440	3.922	0	416	27	0.467	0.593	810.178	3.672	0
5876	295	441	2	0.693	0.581	808.748	3.928	0	421	34	0.467	0.593	806.902	3.648	0
5896	296	439	52	0.692	0.581	808.748	4.017	0	435	23	0.467	0.593	806.902	3.671	0
5916	297	437	44	0.692	0.580	808.748	3.968	0	417	24	0.466	0.592	806.902	3.676	0
5936	298	423	35	0.692	0.580	808.748	3.968	0	420	39	0.466	0.592	806.902	3.760	0
5956	299	437	29	0.692	0.580	808.748	3.910	0	433	44	0.466	0.592	806.902	3.672	0
5976	300	436	25	0.692	0.580	807.850	3.887	0	430	49	0.466	0.592	806.467	3.694	0
5996	301	420	28	0.691	0.580	807.850	3.959	0	425	52	0.466	0.592	806.467	3.713	0
6016	302	430	25	0.691	0.580	807.850	3.962	0	433	48	0.465	0.592	806.467	3.689	0
6036	303	444	34	0.691	0.580	807.850	3.958	0	429	22	0.465	0.593	806.467	3.699	0
6056	304	439	73	0.691	0.580	807.850	3.905	0	419	59	0.465	0.593	806.467	3.703	0
6076	305	443	83	0.691	0.582	805.728	3.891	0	421	54	0.465	0.594	805.869	3.689	0
6096	306	392	400	0.690	0.583	805.728	3.960	0	351	406	0.465	0.596	805.869	3.788	0
6115	307	384	456	0.690	0.583	805.728	3.953	0	381	425	0.465	0.596	805.869	3.763	0
6135	308	383	454	0.690	0.583	805.728	3.954	0	388	427	0.465	0.596	805.869	3.713	0
6155	309	402	462	0.690	0.583	805.728	3.941	0	353	440	0.464	0.596	805.869	3.738	0
6175	310	400	458	0.691	0.583	808.675	3.952	0	364	444	0.464	0.596	807.347	3.721	0
6195	311	384	464	0.691	0.583	808.675	3.960	0	349	447	0.464	0.596	807.347	3.727	0
6215	312	389	461	0.690	0.583	808.675	4.004	0	367	467	0.463	0.596	807.347	3.708	0
6235	313	385	482	0.690	0.583	808.675	3.994	0	367	444	0.463	0.596	807.347	3.782	0
6255	314	383	490	0.690	0.583	808.675	4.000	0	388	453	0.463	0.596	807.347	3.728	0
6275	315	381	492	0.690	0.584	812.412	4.014	0	395	444	0.464	0.597	815.538	3.774	0
6295	316	406	649	0.690	0.585	812.412	3.989	0	401	651	0.464	0.597	815.538	3.907	0
6315	317	405	665	0.689	0.585	812.412	4.024	0	411	663	0.463	0.598	815.538	3.790	0
6335	318	412	656	0.689	0.585	812.412	4.030	0	419	673	0.463	0.598	815.538	3.822	0
6355	319	429	681	0.689	0.585	812.412	4.024	0	388	659	0.462	0.598	815.538	3.815	0
6375	320	439	683	0.689	0.585	813.424	4.031	0	382	663	0.463	0.598	814.446	3.803	0
6395	321	418	655	0.690	0.585	813.424	3.958	0	405	670	0.463	0.598	814.446	3.783	0
6415	322	429	651	0.689	0.585	813.424	3.968	0	400	688	0.462	0.598	814.446	3.806	0
6434	323	426	657	0.689	0.585	813.424	3.925	0	404	650	0.462	0.598	814.446	3.705	0
6454	324	423	643	0.689	0.585	813.424	3.915	0	412	661	0.462	0.598	814.446	3.746	0
6474	325	420	645	0.689	0.585	810.712	3.893	0	417	661	0.463	0.598	813.521	3.726	0
6494	326	419	665	0.689	0.585	810.712	3.861	0	427	652	0.463	0.598	813.521	3.740	0
6514	327	427	664	0.689	0.585	810.712	3.868	0	411	627	0.462	0.598	813.521	3.760	0
6534	328	536	678	0.687	0.585	810.712	3.991	0	513	662	0.461	0.598	813.521	3.799	0
6554	329	745	650	0.686	0.585	810.712	3.816	0	700	640	0.459	0.598	813.521	3.688	0
6574	330	744	650	0.687	0.586	812.573	3.855	0	680	631	0.460	0.598	816.408	3.717	0
6594	331	743	644	0.687	0.586	812.573	3.813	0	719	645	0.460	0.598	816.408	3.733	0
6614	332	739	620	0.686	0.586	812.573	3.826	0	720	626	0.459	0.598	816.408	3.672	0
6634	333	726	630	0.686	0.586	812.573	3.842	0	730	620	0.459	0.598	816.408	3.711	0
6654	334	719	618	0.686	0.586	812.573	3.824	0	730	606	0.459	0.598	816.408	3.710	0
6674	335	717	615	0.686	0.586	816.564	3.846	0	724	607	0.460	0.598	809.335	3.678	0
6694	336	732	608	0.686	0.586	816.564	3.894	0	730	651	0.460	0.598	809.335	3.680	0
6714	337	739	639	0.687	0.586	816.564	3.867	0	729	662	0.460	0.598	809.335	3.748	0
6734	338	733	649	0.686	0.585	816.564	3.849	0	-1280	-1024	0.686	0.585	-1.000	-1.000	4
6753	339	725	644	0.686	0.585	816.564	3.846	0	727	655	0.460	0.598	809.335	3.619	0
6773	340	685	654	0.685	0.585	813.013	3.826	0	727	653	0.459	0.598	810.667	3.625	0
6793	341	725	622	0.685	0.585	813.013	3.804	0	704	655	0.458	0.598	810.667	3.652	0
6813	342	730	635	0.686	0.585	813.013	3.803	0	731	650	0.459	0.598	810.667	3.643	0
6833	343	739	630	0.685	0.585	813.013	3.800	0	738	636	0.459	0.598	810.667	3.659	0
6853	344	744	611	0.685	0.585	813.013	3.783	0	721	665	0.458	0.598	810.667	3.757	0
6873	345	749	611	0.684	0.585	816.341	3.795	0	721	661	0.458	0.598	810.405	3.764	0
6893	346	742	635	0.684	0.585	816.341	3.755	0	743	664	0.457	0.598	810.405	3.678	0
6913	347	782	622	0.684	0.585	816.341	3.783	0	788	644	0.457	0.598	810.405	3.543	0
6933	348	797	597	0.684	0.585	816.341	3.815	0	779	634	0.457	0.598	810.405	3.628	0
6953	349	778	610	0.684	0.585	816.341	3.766	0	790	636	0.457	0.598	810.405	3.575	0
6973	350	782	602	0.683	0.585	813.693	3.777	0	788	636	0.457	0.598	812.077	3.622	0
6993	351	802	629	0.684	0.585	813.693	3.773	0	773	602	0.457	0.598	812.077	3.613	0
7013	352	811	622	0.685	0.585	813.693	3.769	0	791	651	0.458	0.598	812.077	3.703	0
7033	353	795	622	0.685	0.585	813.693	3.767	0	772	612	0.458	0.598	812.077	3.645	0
7053	354	782	619	0.685	0.585	813.693	3.824	0	782	628	0.458	0.598	812.077	3.588	0
7072	355	768	617	0.684	0.585	814.895	3.832	0	772	643	0.457	0.598	813.851	3.624	0
7092	356	774	658	0.684	0.585	814.895	3.728	0	791	658	0.457	0.598	813.851	3.646	0
7112	357	790	635	0.685	0.585	814.895	3.779	0	791	651	0.458	0.598	813.851	3.667	0
7132	358	794	618	0.685	0.585	814.895	3.760	0	792	641	0.458	0.598	813.851	3.594	0
7152	359	806	626	0.685	0.585	814.895	3.739	0	774	650	0.458	0.598	813.851	3.703	0
7172	360	814	627	0.684	0.585	807.499	3.727	0	768	646	0.458	0.598	814.133	3.692	0
7192	361	808	629	0.684	0.585	807.499	3.737	0	785	640	0.458	0.598	814.133	3.680	0
7212	362	801	654	0.685	0.585	807.499	3.634	0	771	599	0.458	0.598	814.133	3.643	0
7232	363	814	632	0.685	0.585	807.499	3.699	0	768	653	0.458	0.598	814.133	3.640	0
7252	364	809	635	0.685	0.585	807.499	3.746	0	772	671	0.458	0.598	814.133	3.750	0
7272	365	815	635	0.685	0.585	813.949	3.740	0	771	667	0.458	0.598	813.981	3.736	0
7292	366	802	628	0.685	0.585	813.949	3.764	0	767	644	0.458	0.598	813.981	3.708	0
7312	367	782	628	0.685	0.585	813.949	3.722	0	775	669	0.458	0.598	813.981	3.747	0
7332	368	790	632	0.685	0.585	813.949	3.791	0	760	632	0.458	0.598	813.981	3.681	0
7352	369	783	619	0.685	0.585	813.949	3.772	0	773	630	0.459	0.598	813.981	3.641	0
7372	370	785	615	0.685	0.585	816.758	3.782	0	768	629	0.458	0.598	814.315	3.640	0
7391	371	784	649	0.685	0.585	816.758	3.793	0	774	628	0.458	0.598	814.315	3.705	0
7411	372	772	569	0.685	0.585	816.758	3.817	0	772	609	0.459	0.598	814.315	3.690	0
7431	373	778	562	0.685	0.584	816.758	3.780	0	768	517	0.459	0.597	814.315	3.781	0
7451	374	788	430	0.685	0.584	816.758	3.772	0	767	491	0.459	0.597	814.315	3.720	0
7471	375	796	395	0.684	0.584	809.642	3.740	0	767	471	0.458	0.597	810.871	3.721	0
7491	376	790	454	0.684	0.584	809.642	3.731	0	769	443	0.458	0.597	810.871	3.676	0
7511	377	782	458	0.685	0.584	809.642	3.770	0	761	465	0.459	0.597	810.871	3.649	0
7531	378	779	460	0.685	0.584	809.642	3.808	0	762	473	0.458	0.597	810.871	3.665	0
7551	379	798	486	0.684	0.584	809.642	3.667	0	782	456	0.458	0.597	810.871	3.681	0
7571	380	803	496	0.683	0.584	806.696	3.677	0	788	451	0.457	0.597	814.409	3.688	0
7591	381	807	467	0.683	0.584	806.696	3.691	0	787	453	0.457	0.597	814.409	3.706	0
7611	382	759	479	0.683	0.583	806.696	3.665	0	756	462	0.457	0.597	814.409	3.658	0
7631	383	792	485	0.683	0.583	806.696	3.629	0	788	472	0.457	0.597	814.409	3.630	0
7651	384	782	491	0.683	0.583	806.696	3.679	0	763	454	0.456	0.597	814.409	3.586	0
7671	385	771	497	0.682	0.584	806.821	3.656	0	777	466	0.455	0.597	810.908	3.538	0
7691	386	785	452	0.681	0.584	806.821	3.647	0	749	450	0.455	0.597	810.908	3.515	0
7710	387	780	461	0.682	0.584	806.821	3.657	0	787	472	0.455	0.598	810.908	3.564	0
7731	388	789	462	0.681	0.584	806.821	3.541	0	760	461	0.455	0.598	810.908	3.591	0
7750	389	770	454	0.681	0.584	806.821	3.590	0	780	474	0.455	0.598	810.908	3.539	0
7770	390	771	462	0.680	0.584	804.729	3.552	0	770	475	0.454	0.598	808.623	3.562	0
7790	391	792	452	0.680	0.584	804.729	3.558	0	772	467	0.454	0.598	808.623	3.524	0
7810	392	795	460	0.681	0.584	804.729	3.550	0	756	451	0.454	0.598	808.623	3.489	0
7830	393	802	449	0.681	0.584	804.729	3.586	0	753	448	0.454	0.598	808.623	3.493	0
7850	394	784	482	0.681	0.584	804.729	3.599	0	746	459	0.454	0.598	808.623	3.497	0
7870	395	783	487	0.680	0.584	803.899	3.604	0	741	447	0.453	0.598	810.487	3.509	0
7890	396	794	464	0.680	0.584	803.899	3.558	0	743	449	0.453	0.598	810.487	3.487	0
7910	397	801	443	0.681	0.584	803.899	3.556	0	750	463	0.454	0.598	810.487	3.507	0
7930	398	796	458	0.681	0.584	803.899	3.509	0	767	475	0.454	0.598	810.487	3.570	0
7950	399	798	476	0.681	0.584	803.899	3.535	0	762	483	0.454	0.598	810.487	3.542	0
7970	400	798	465	0.680	0.584	806.516	3.531	0	758	490	0.453	0.598	811.672	3.580	0
7990	401	803	472	0.680	0.584	806.516	3.620	0	758	472	0.453	0.598	811.672	3.534	0
8010	402	792	461	0.681	0.584	806.516	3.619	0	784	450	0.454	0.598	811.672	3.587	0
8029	403	865	525	0.680	0.584	806.516	3.604	0	870	464	0.454	0.598	811.672	3.605	0
8050	404	977	623	0.679	0.585	806.516	3.721	0	939	595	0.453	0.599	811.672	3.570	0
8069	405	1063	647	0.679	0.585	803.898	3.712	0	1007	600	0.452	0.599	809.136	3.559	0
8089	406	958	659	0.679	0.585	803.898	3.665	0	952	625	0.453	0.599	809.136	3.661	0
8109	407	964	634	0.680	0.585	803.898	3.685	0	945	641	0.453	0.599	809.136	3.554	0
8129	408	965	671	0.680	0.585	803.898	3.653	0	936	638	0.453	0.599	809.136	3.552	0
8149	409	965	649	0.680	0.585	803.898	3.670	0	969	634	0.454	0.599	809.136	3.665	0
8169	410	965	644	0.680	0.585	804.986	3.677	0	974	643	0.453	0.599	807.236	3.603	0
8189	411	969	646	0.680	0.585	804.986	3.688	0	943	641	0.453	0.599	807.236	3.680	0
8209	412	960	637	0.680	0.585	804.986	3.709	0	-1280	-1024	0.680	0.585	-1.000	-1.000	4
8229	413	990	623	0.681	0.585	804.986	3.758	0	969	611	0.454	0.599	807.236	3.678	0
8249	414	946	643	0.681	0.585	804.986	3.737	0	939	639	0.454	0.599	807.236	3.679	0
8269	415	947	632	0.682	0.586	807.295	3.774	0	939	640	0.455	0.599	807.068	3.678	0
8289	416	962	638	0.682	0.586	807.295	3.766	0	932	644	0.455	0.599	807.068	3.711	0
8309	417	965	642	0.683	0.586	807.295	3.763	0	959	622	0.456	0.599	807.068	3.702	0
8329	418	976	630	0.683	0.586	807.295	3.807	0	954	632	0.456	0.599	807.068	3.764	0
8349	419	953	641	0.683	0.586	807.295	3.806	0	939	615	0.456	0.599	807.068	3.682	0
8369	420	951	641	0.682	0.586	804.588	3.793	0	931	610	0.456	0.599	812.288	3.715	0
8388	421	960	635	0.682	0.586	804.588	3.853	0	951	631	0.455	0.599	812.288	3.844	0
8408	422	957	657	0.683	0.586	804.588	3.901	0	961	661	0.456	0.599	812.288	3.825	0
8428	423	968	629	0.683	0.585	804.588	3.885	0	949	656	0.456	0.599	812.288	3.768	0
8448	424	1034	658	0.682	0.585	804.588	3.824	0	992	670	0.456	0.599	812.288	3.821	0
8468	425	1067	642	0.681	0.585	810.143	3.868	0	997	673	0.454	0.599	810.069	3.790	0
8488	426	1100	675	0.681	0.585	810.143	3.868	0	1087	655	0.454	0.599	810.069	3.788	0
8508	427	1106	685	0.681	0.585	810.143	3.840	0	1075	690	0.454	0.599	810.069	3.762	0
8528	428	1072	677	0.681	0.585	810.143	3.967	0	1087	687	0.455	0.599	810.069	3.830	0
8548	429	1090	678	0.681	0.585	810.143	3.907	0	1079	669	0.454	0.599	810.069	3.809	0
8568	430	1106	682	0.680	0.585	807.684	3.916	0	1074	685	0.453	0.599	811.887	3.823	0
8588	431	1088	682	0.680	0.585	807.684	3.881	0	1085	673	0.453	0.599	811.887	3.835	0
8608	432	1078	661	0.680	0.585	807.684	3.861	0	1062	648	0.454	0.599	811.887	3.837	0
8628	433	1087	671	0.680	0.585	807.684	3.887	0	-1280	-1024	0.680	0.585	-1.000	-1.000	4
8648	434	1107	653	0.679	0.585	807.684	3.917	0	1101	634	0.453	0.599	811.887	3.818	0
8668	435	1140	648	0.679	0.585	812.001	3.937	0	1094	642	0.452	0.599	805.254	3.788	0
8687	436	1114	653	0.679	0.585	812.001	3.868	0	1106	649	0.452	0.599	805.254	3.783	0
8707	437	1115	676	0.679	0.585	812.001	3.889	0	1102	658	0.452	0.599	805.254	3.800	0
8727	438	1122	652	0.679	0.585	812.001	3.873	0	1111	657	0.452	0.599	805.254	3.813	0
8747	439	1120	658	0.679	0.585	812.001	3.883	0	1119	638	0.452	0.599	805.254	3.838	0
8767	440	1123	662	0.679	0.585	813.371	3.882	0	1120	643	0.452	0.599	803.505	3.846	0
8787	441	1106	652	0.679	0.585	813.371	3.953	0	1100	659	0.452	0.599	803.505	3.834	0
8807	442	1119	644	0.679	0.585	813.371	3.923	0	1080	670	0.452	0.599	803.505	3.814	0
8827	443	1117	638	0.679	0.585	813.371	3.902	0	1083	676	0.452	0.599	803.505	3.857	0
8847	444	1117	651	0.679	0.585	813.371	3.934	0	1095	667	0.452	0.599	803.505	3.839	0
8867	445	1114	650	0.679	0.585	809.980	3.915	0	1092	669	0.452	0.599	807.989	3.861	0
8887	446	1139	630	0.679	0.585	809.980	3.903	0	1106	646	0.452	0.599	807.989	3.840	0
8907	447	1128	660	0.679	0.585	809.980	3.891	0	1113	640	0.452	0.599	807.989	3.898	0
8927	448	1127	651	0.679	0.585	809.980	3.868	0	1125	643	0.452	0.599	807.989	3.849	0
8947	449	1115	660	0.679	0.585	809.980	3.901	0	1101	658	0.452	0.599	807.989	3.866	0
8967	450	1116	654	0.679	0.586	812.528	3.902	0	1101	663	0.452	0.599	802.213	3.857	0
8987	451	984	648	0.680	0.585	812.528	3.952	0	965	648	0.453	0.599	802.213	3.918	0
9006	452	680	673	0.683	0.585	812.528	3.984	0	686	655	0.456	0.599	802.213	3.903	0
9026	453	456	660	0.685	0.585	812.528	3.923	0	453	702	0.458	0.599	802.213	3.935	0
9046	454	367	625	0.685	0.585	812.528	3.876	0	355	643	0.458	0.599	802.213	3.890	0
9066	455	296	654	0.685	0.585	790.965	3.769	0	250	653	0.458	0.599	803.494	3.903	0
9086	456	385	663	0.685	0.586	790.965	3.792	0	415	688	0.458	0.599	803.494	3.937	0
9106	457	392	645	0.686	0.586	790.965	3.751	0	415	691	0.459	0.600	803.494	3.935	0
9126	458	389	632	0.686	0.586	790.965	3.848	0	387	687	0.459	0.600	803.494	3.850	0
9146	459	373	698	0.685	0.586	790.965	3.734	0	388	659	0.458	0.600	803.494	3.875	0
9166	460	412	657	0.685	0.586	817.083	3.883	0	414	661	0.458	0.600	800.652	3.835	0
9186	461	393	661	0.685	0.586	817.083	3.885	0	373	683	0.458	0.600	800.652	3.854	0
9206	462	390	666	0.685	0.586	817.083	3.877	0	374	694	0.457	0.600	800.652	3.890	0
9226	463	382	644	0.685	0.586	817.083	3.954	0	-1280	-1024	0.685	0.586	-1.000	-1.000	4
9246	464	390	658	0.684	0.586	817.083	3.932	0	371	697	0.457	0.600	800.652	3.834	0
9266	465	423	658	0.685	0.585	814.494	3.939	0	371	691	0.458	0.598	806.189	3.860	0
9286	466	349	286	0.685	0.582	814.494	3.798	0	336	319	0.459	0.596	806.189	3.779	0
9306	467	372	159	0.683	0.581	814.494	3.895	0	384	153	0.457	0.595	806.189	3.876	0
9325	468	407	172	0.683	0.582	814.494	3.902	0	410	144	0.457	0.596	806.189	3.726	0
9345	469	420	173	0.682	0.582	814.494	3.828	0	408	164	0.456	0.596	806.189	3.727	0
9365	470	388	191	0.683	0.582	807.330	3.847	0	407	158	0.457	0.596	809.108	3.741	0
9385	471	394	190	0.683	0.582	807.330	3.869	0	418	169	0.457	0.596	809.108	3.742	0
9405	472	398	157	0.682	0.582	807.330	3.842	0	391	166	0.456	0.596	809.108	3.678	0
9425	473	412	145	0.682	0.582	807.330	3.758	0	404	158	0.455	0.596	809.108	3.743	0
9445	474	417	167	0.682	0.582	807.330	3.810	0	407	136	0.455	0.597	809.108	3.694	0
9465	475	421	171	0.682	0.582	805.418	3.762	0	409	134	0.456	0.597	807.586	3.715	0
9485	476	425	173	0.682	0.582	805.418	3.812	0	389	141	0.456	0.597	807.586	3.643	0
9505	477	407	134	0.681	0.582	805.418	3.740	0	394	168	0.455	0.597	807.586	3.623	0
9525	478	444	92	0.681	0.581	805.418	3.732	0	426	113	0.455	0.596	807.586	3.641	0
9545	479	453	41	0.680	0.581	805.418	3.714	0	441	12	0.455	0.596	807.586	3.601	0
9565	480	463	-8	0.681	0.581	807.650	3.713	0	454	11	0.456	0.596	803.879	3.584	0
9585	481	478	41	0.682	0.581	807.650	3.708	0	445	35	0.456	0.596	803.879	3.601	0
9605	482	481	44	0.681	0.581	807.650	3.706	0	444	21	0.455	0.596	803.879	3.581	0
9624	483	463	30	0.682	0.581	807.650	3.680	0	459	32	0.456	0.596	803.879	3.602	0
9644	484	465	41	0.682	0.581	807.650	3.664	0	458	15	0.456	0.596	803.879	3.603	0
9664	485	467	38	0.682	0.581	808.066	3.655	0	432	14	0.456	0.595	805.120	3.605	0
9684	486	462	19	0.682	0.581	808.066	3.663	0	462	14	0.456	0.596	805.120	3.551	0
9704	487	453	27	0.682	0.581	808.066	3.593	0	450	10	0.456	0.596	805.120	3.600	0
9724	488	556	37	0.681	0.581	808.066	3.766	0	537	53	0.455	0.596	805.120	3.533	0
9744	489	660	30	0.680	0.581	808.066	3.704	0	649	31	0.454	0.596	805.120	3.580	0
9764	490	699	20	0.680	0.581	810.099	3.725	0	680	41	0.454	0.596	804.798	3.589	0
9784	491	676	34	0.680	0.581	810.099	3.697	0	639	35	0.454	0.596	804.798	3.576	0
9804	492	655	25	0.680	0.581	810.099	3.722	0	639	33	0.454	0.596	804.798	3.566	0
9824	493	654	36	0.681	0.581	810.099	3.708	0	649	35	0.454	0.596	804.798	3.550	0
9844	494	654	48	0.681	0.581	810.099	3.755	0	654	35	0.455	0.596	804.798	3.597	0
9864	495	654	47	0.681	0.581	809.902	3.761	0	657	34	0.455	0.596	804.771	3.590	0
9884	496	647	25	0.681	0.581	809.902	3.779	0	644	23	0.455	0.596	804.771	3.581	0
9904	497	646	30	0.681	0.581	809.902	3.750	0	642	13	0.455	0.595	804.771	3.579	0
9924	498	668	25	0.681	0.581	809.902	3.810	0	656	23	0.455	0.595	804.771	3.614	0
9943	499	708	42	0.681	0.581	809.902	3.865	0	702	25	0.455	0.596	804.771	3.613	0
9963	500	719	47	0.682	0.582	808.993	3.869	0	709	16	0.455	0.596	806.761	3.621	0
9983	501	727	36	0.682	0.582	808.993	3.847	0	711	32	0.455	0.596	806.761	3.671	0
10003	502	704	21	0.682	0.582	808.993	3.805	0	692	30	0.456	0.596	806.761	3.707	0
10023	503	724	35	0.682	0.582	808.993	3.843	0	723	31	0.456	0.596	806.761	3.674	0
10043	504	707	46	0.683	0.582	808.993	3.826	0	704	48	0.456	0.596	806.761	3.664	0
10063	505	713	34	0.683	0.582	811.669	3.825	0	702	44	0.456	0.596	808.365	3.680	0
10083	506	729	51	0.683	0.582	811.669	3.804	0	710	27	0.457	0.596	808.365	3.712	0
10103	507	726	26	0.683	0.582	811.669	3.832	0	720	23	0.457	0.596	808.365	3.694	0
10123	508	725	32	0.683	0.582	811.669	3.874	0	718	32	0.457	0.596	808.365	3.704	0
10143	509	694	32	0.683	0.582	811.669	3.845	0	690	15	0.457	0.595	808.365	3.734	0
10163	510	688	42	0.686	0.582	807.797	3.845	0	695	10	0.460	0.595	810.291	3.738	0
10183	511	214	82	0.688	0.582	807.797	3.934	0	228	71	0.462	0.595	810.291	3.787	0
