1	1	-1280	-1024	-1.000	-1.000	-1.000	-1.000	4	-1280	-1024	-1.000	-1.000	-1.000	-1.000	4
21	2	617	355	0.683	0.574	823.132	4.683	0	582	413	0.446	0.565	818.568	3.868	0
41	3	-1280	-1024	-1.000	-1.000	-1.000	-1.000	4	-1280	-1024	-1.000	-1.000	-1.000	-1.000	4
61	4	-1280	-1024	0.684	0.574	-1.000	-1.000	4	-1280	-1024	0.447	0.565	-1.000	-1.000	4
80	5	609	349	0.684	0.574	825.874	4.263	0	628	357	0.447	0.565	822.027	3.977	0
100	6	599	406	0.683	0.575	825.874	4.222	0	612	366	0.446	0.566	822.027	4.010	0
120	7	573	393	0.684	0.575	825.874	4.127	0	589	330	0.447	0.566	822.027	3.865	0
154	8	572	385	0.684	0.575	825.874	4.171	0	604	407	0.447	0.566	822.027	3.994	0
160	9	572	376	0.684	0.575	826.706	4.126	0	561	408	0.447	0.566	822.037	3.975	0
180	10	588	407	0.684	0.575	826.039	4.263	0	597	380	0.447	0.566	820.915	4.010	0
200	11	571	371	0.684	0.575	826.039	4.180	0	597	382	0.447	0.566	820.915	3.921	0
220	12	575	394	0.684	0.575	826.039	4.236	0	611	393	0.447	0.566	820.915	3.788	0
240	13	562	383	0.684	0.575	826.039	4.215	0	600	385	0.447	0.566	820.915	3.791	0
260	14	565	373	0.684	0.575	826.039	4.231	0	595	345	0.447	0.566	820.915	3.914	0
280	15	563	383	0.685	0.575	825.604	4.220	0	599	346	0.448	0.566	820.649	3.846	0
300	16	557	416	0.685	0.575	825.604	4.222	0	614	373	0.448	0.565	820.649	3.802	0
320	17	556	344	0.685	0.575	825.604	4.116	0	575	380	0.448	0.565	820.649	3.793	0
340	18	560	410	0.685	0.574	825.604	4.003	0	604	357	0.448	0.565	820.649	3.798	0
360	19	533	395	0.685	0.574	825.604	4.079	0	610	395	0.448	0.565	820.649	3.606	0
380	20	525	376	0.686	0.574	824.582	4.024	0	615	397	0.449	0.565	818.730	3.578	0
399	21	597	422	0.686	0.574	824.582	3.917	0	595	378	0.449	0.564	818.730	3.514	0
419	22	595	437	0.685	0.573	824.582	3.713	0	605	378	0.448	0.564	818.730	3.606	0
439	23	540	332	0.685	0.573	824.582	3.854	0	585	353	0.448	0.564	818.730	3.571	0
459	24	548	366	0.685	0.573	824.582	3.662	0	576	370	0.448	0.564	818.730	3.398	0
479	25	554	344	0.685	0.573	823.356	3.687	0	569	362	0.448	0.564	819.041	3.427	0
499	26	548	367	0.685	0.573	823.356	3.675	0	607	373	0.448	0.564	819.041	3.404	0
519	27	575	413	0.684	0.573	823.356	3.533	0	610	371	0.447	0.564	819.041	3.402	0
539	28	584	404	0.683	0.573	823.356	3.496	0	572	444	0.446	0.564	819.041	3.349	0
559	29	556	387	0.683	0.572	823.356	3.399	0	616	374	0.446	0.564	819.041	3.306	0
579	30	553	419	0.683	0.572	817.566	3.319	0	603	396	0.446	0.564	815.959	3.271	0
599	31	563	405	0.682	0.572	817.566	3.403	0	606	342	0.445	0.564	815.959	3.314	0
619	32	497	276	0.681	0.571	817.566	3.589	0	542	312	0.444	0.563	815.959	3.121	0
639	33	449	296	0.680	0.570	817.566	3.406	0	454	191	0.444	0.563	815.959	3.062	0
659	34	445	218	0.680	0.570	817.566	3.418	0	464	216	0.443	0.563	815.959	3.225	0
679	35	442	198	0.679	0.570	821.091	3.481	0	474	237	0.443	0.563	818.288	3.115	0
699	36	501	224	0.679	0.569	821.091	3.280	0	491	316	0.442	0.563	818.288	3.250	0
718	37	450	260	0.677	0.569	821.091	3.352	0	484	239	0.441	0.563	818.288	3.230	0
738	38	474	271	0.677	0.569	821.091	3.335	0	496	209	0.440	0.563	818.288	3.159	0
758	39	470	259	0.676	0.569	821.091	3.332	0	497	222	0.440	0.563	818.288	3.215	0
778	40	465	262	0.677	0.569	820.688	3.328	0	498	210	0.440	0.563	816.611	3.180	0
798	41	464	254	0.676	0.569	820.688	3.298	0	436	244	0.440	0.563	816.611	2.932	0
818	42	313	136	0.676	0.568	820.688	3.219	0	378	144	0.440	0.561	816.611	3.235	0
838	43	186	100	0.677	0.567	820.688	3.321	0	272	65	0.442	0.561	816.611	3.056	0
858	44	221	135	0.677	0.567	820.688	3.328	0	253	80	0.442	0.561	816.611	3.005	0
878	45	254	126	0.678	0.567	820.731	3.336	0	234	95	0.443	0.561	817.036	3.120	0
898	46	224	143	0.678	0.567	820.731	3.297	0	288	101	0.443	0.560	817.036	3.064	0
918	47	222	81	0.678	0.567	820.731	3.325	0	238	70	0.442	0.560	817.036	3.039	0
938	48	275	112	0.678	0.567	820.731	3.413	0	240	105	0.442	0.560	817.036	2.983	0
958	49	241	161	0.678	0.567	820.731	3.385	0	283	94	0.442	0.560	817.036	3.150	0
978	50	264	145	0.679	0.567	818.099	3.346	0	299	81	0.443	0.560	820.599	3.144	0
998	51	219	124	0.679	0.568	818.099	3.264	0	-1280	-1024	0.679	0.568	-1.000	-1.000	4
1018	52	206	102	0.679	0.568	818.099	3.302	0	234	64	0.443	0.561	820.599	3.047	0
1037	53	165	58	0.679	0.568	818.099	3.318	0	212	59	0.444	0.560	820.599	3.056	0
1057	54	195	63	0.679	0.568	818.099	3.242	0	178	18	0.444	0.560	820.599	3.026	0
1077	55	180	67	0.679	0.569	817.088	3.260	0	157	16	0.443	0.561	815.439	3.003	0
1097	56	186	53	0.678	0.569	817.088	3.458	0	208	36	0.443	0.561	815.439	3.128	0
1117	57	166	47	0.678	0.569	817.088	3.473	0	205	15	0.442	0.561	815.439	3.000	0
1137	58	184	53	0.677	0.569	817.088	3.457	0	204	22	0.442	0.561	815.439	3.013	0
1157	59	180	39	0.677	0.569	817.088	3.500	0	-1280	-1024	0.677	0.569	-1.000	-1.000	4
1177	60	177	39	0.676	0.568	816.675	3.502	0	-1280	-1024	0.441	0.560	-1.000	-1.000	4
1197	61	194	28	0.675	0.568	816.675	3.453	0	198	39	0.440	0.561	815.728	3.133	0
1217	62	193	50	0.674	0.569	816.675	3.441	0	213	43	0.439	0.561	815.728	3.144	0
1237	63	176	42	0.673	0.568	816.675	3.457	0	208	45	0.438	0.561	815.728	3.038	0
1257	64	177	76	0.672	0.568	816.675	3.632	0	201	35	0.438	0.561	815.728	3.048	0
1277	65	174	75	0.672	0.568	819.477	3.658	0	200	29	0.437	0.561	818.544	3.067	0
1297	66	93	72	0.672	0.567	819.477	3.606	0	104	5	0.437	0.561	818.544	3.113	0
1317	67	85	43	0.671	0.567	819.477	3.534	0	97	28	0.436	0.561	818.544	3.137	0
1337	68	104	60	0.670	0.566	819.477	3.485	0	106	63	0.436	0.560	818.544	3.166	0
1356	69	104	74	0.670	0.565	819.477	3.533	0	100	13	0.435	0.560	818.544	3.122	0
1376	70	102	61	0.669	0.565	820.721	3.522	0	103	28	0.435	0.559	820.906	3.152	0
1396	71	108	36	0.669	0.564	820.721	3.594	0	108	38	0.434	0.558	820.906	3.191	0
1416	72	82	61	0.668	0.563	820.721	3.679	0	105	8	0.434	0.557	820.906	3.115	0
1436	73	92	37	0.668	0.562	820.721	3.728	0	116	12	0.434	0.556	820.906	3.206	0
1456	74	108	91	0.668	0.561	820.721	3.625	0	100	42	0.434	0.555	820.906	3.183	0
1476	75	98	89	0.668	0.561	821.923	3.687	0	104	34	0.434	0.555	818.925	3.160	0
1496	76	73	68	0.668	0.561	821.923	3.783	0	103	33	0.434	0.555	818.925	3.164	0
1516	77	92	51	0.669	0.561	821.923	3.698	0	128	64	0.434	0.554	818.925	3.249	0
1536	78	-1280	-1024	0.435	0.554	-1.000	-1.000	4	124	45	0.435	0.554	818.925	3.204	0
1556	79	121	39	0.669	0.562	821.923	3.708	0	130	26	0.435	0.554	818.925	3.182	0
1576	80	123	44	0.669	0.563	820.050	3.699	0	127	37	0.434	0.555	818.129	3.212	0
1596	81	107	51	0.668	0.563	820.050	3.738	0	144	-8	0.434	0.555	818.129	3.199	0
1616	82	109	50	0.668	0.564	820.050	3.686	0	176	37	0.434	0.555	818.129	3.276	0
1636	83	115	30	0.667	0.564	820.050	3.671	0	140	26	0.433	0.556	818.129	3.301	0
1656	84	129	34	0.667	0.564	820.050	3.754	0	155	6	0.432	0.556	818.129	3.351	0
1675	85	134	36	0.666	0.564	821.668	3.733	0	159	19	0.432	0.556	820.866	3.396	0
1695	86	125	60	0.665	0.563	821.668	3.813	0	167	47	0.431	0.556	820.866	3.305	0
1715	87	186	9	0.664	0.563	821.668	3.975	0	218	1	0.430	0.556	820.866	3.564	0
1735	88	329	15	0.662	0.562	821.668	3.866	0	361	8	0.428	0.556	820.866	3.465	0
1755	89	324	30	0.662	0.562	821.668	3.828	0	359	-6	0.428	0.556	820.866	3.400	0
1775	90	319	29	0.662	0.562	823.828	3.893	0	358	-14	0.428	0.556	820.972	3.513	0
1795	91	327	32	0.662	0.561	823.828	3.953	0	347	21	0.428	0.556	820.972	3.376	0
1815	92	330	11	0.663	0.561	823.828	3.921	0	352	25	0.429	0.556	820.972	3.626	0
1835	93	338	76	0.663	0.561	823.828	3.788	0	361	4	0.429	0.556	820.972	3.529	0
1855	94	341	6	0.664	0.562	823.828	3.935	0	351	30	0.429	0.556	820.972	3.431	0
1875	95	348	31	0.664	0.562	822.023	3.876	0	361	29	0.430	0.557	820.194	3.533	0
1895	96	341	59	0.664	0.563	822.023	3.839	0	370	4	0.430	0.557	820.194	3.564	0
1915	97	340	2	0.665	0.563	822.023	3.837	0	360	0	0.430	0.557	820.194	3.445	0
1935	98	343	48	0.665	0.563	822.023	3.900	0	366	32	0.431	0.557	820.194	3.586	0
1955	99	314	58	0.665	0.563	822.023	4.052	0	360	24	0.431	0.557	820.194	3.514	0
1975	100	314	41	0.665	0.563	822.254	4.085	0	362	17	0.431	0.557	820.521	3.487	0
1994	101	324	39	0.665	0.563	822.254	3.873	0	386	11	0.431	0.557	820.521	3.540	0
2014	102	351	16	0.665	0.563	822.254	4.107	0	340	18	0.431	0.557	820.521	3.565	0
2034	103	333	14	0.665	0.563	822.254	3.978	0	364	34	0.431	0.557	820.521	3.643	0
2054	104	362	50	0.665	0.563	822.254	3.917	0	356	24	0.431	0.557	820.521	3.629	0
2074	105	357	32	0.665	0.563	825.192	4.020	0	348	29	0.430	0.557	821.183	3.618	0
2094	106	349	0	0.665	0.563	825.192	4.076	0	372	39	0.430	0.557	821.183	3.595	0
2114	107	389	-9	0.664	0.563	825.192	4.178	0	397	-16	0.430	0.557	821.183	3.597	0
2134	108	480	60	0.663	0.563	825.192	3.834	0	492	40	0.429	0.557	821.183	3.623	0
2154	109	459	16	0.663	0.564	825.192	4.097	0	469	46	0.429	0.558	821.183	3.616	0
2174	110	438	24	0.663	0.564	827.709	4.076	0	447	15	0.429	0.558	826.786	3.649	0
2194	111	484	43	0.663	0.564	827.709	3.983	0	495	28	0.428	0.558	826.786	3.702	0
2214	112	485	3	0.662	0.563	827.709	4.076	0	480	21	0.428	0.557	826.786	3.660	0
2234	113	477	39	0.662	0.563	827.709	4.020	0	490	42	0.427	0.556	826.786	3.743	0
2254	114	468	23	0.661	0.563	827.709	4.019	0	480	17	0.427	0.556	826.786	3.621	0
2274	115	467	16	0.661	0.563	825.586	4.008	0	479	31	0.427	0.557	823.405	3.621	0
2293	116	464	69	0.661	0.563	825.586	4.017	0	484	6	0.426	0.557	823.405	3.527	0
2313	117	458	34	0.660	0.563	825.586	4.115	0	479	9	0.426	0.557	823.405	3.719	0
2333	118	498	40	0.660	0.563	825.586	4.119	0	465	32	0.425	0.556	823.405	3.763	0
2353	119	484	-15	0.659	0.562	825.586	4.025	0	474	48	0.425	0.555	823.405	3.649	0
2373	120	491	-36	0.659	0.561	828.028	4.087	0	470	56	0.425	0.554	824.725	3.646	0
2393	121	468	12	0.659	0.560	828.028	3.986	0	481	24	0.425	0.553	824.725	3.713	0
2413	122	474	43	0.659	0.559	828.028	4.091	0	494	44	0.425	0.553	824.725	3.879	0
2433	123	467	23	0.659	0.559	828.028	3.979	0	491	29	0.424	0.552	824.725	3.713	0
2453	124	490	48	0.659	0.559	828.028	4.113	0	466	46	0.424	0.552	824.725	3.716	0
2473	125	493	44	0.659	0.558	827.854	4.082	0	469	38	0.424	0.551	826.415	3.765	0
2493	126	473	72	0.659	0.558	827.854	4.117	0	481	50	0.425	0.551	826.415	3.798	0
2513	127	497	29	0.659	0.559	827.854	4.270	0	465	10	0.425	0.551	826.415	3.811	0
2533	128	476	45	0.660	0.559	827.854	4.169	0	475	23	0.425	0.551	826.415	3.841	0
2553	129	477	51	0.660	0.560	827.854	4.094	0	492	24	0.425	0.552	826.415	3.990	0
2573	130	477	34	0.660	0.560	826.961	4.138	0	489	32	0.425	0.552	823.304	4.006	0
2593	131	476	27	0.660	0.561	826.961	4.323	0	489	15	0.425	0.552	823.304	3.883	0
2612	132	477	83	0.661	0.560	826.961	4.256	0	491	68	0.426	0.552	823.304	3.922	0
2632	133	436	50	0.661	0.560	826.961	4.234	0	447	-21	0.427	0.551	823.304	3.952	0
2652	134	377	41	0.662	0.560	826.961	4.188	0	374	21	0.427	0.551	823.304	3.878	0
2672	135	360	71	0.662	0.560	822.902	4.138	0	356	31	0.427	0.551	820.990	3.894	0
2692	136	395	47	0.662	0.559	822.902	4.224	0	400	16	0.427	0.550	820.990	3.854	0
2712	137	386	-22	0.663	0.559	822.902	4.331	0	412	64	0.428	0.550	820.990	3.957	0
2732	138	399	73	0.663	0.559	822.902	4.176	0	401	42	0.428	0.550	820.990	3.800	0
2752	139	377	46	0.663	0.558	822.902	4.142	0	405	-2	0.428	0.549	820.990	4.039	0
2772	140	376	27	0.664	0.558	826.133	4.166	0	408	6	0.428	0.548	824.446	4.030	0
2792	141	405	45	0.663	0.558	826.133	4.269	0	396	10	0.428	0.548	824.446	3.840	0
2812	142	378	9	0.663	0.559	826.133	4.238	0	391	-23	0.427	0.549	824.446	3.770	0
2832	143	390	41	0.663	0.559	826.133	4.253	0	402	4	0.427	0.550	824.446	3.815	0
2852	144	392	15	0.663	0.559	826.133	4.210	0	405	51	0.428	0.550	824.446	3.874	0
2872	145	401	54	0.663	0.558	815.982	4.154	0	406	43	0.427	0.549	825.194	3.857	0
2892	146	372	16	0.663	0.557	815.982	4.215	0	403	-19	0.427	0.548	825.194	3.853	0
2912	147	382	78	0.663	0.556	815.982	4.202	0	376	17	0.427	0.547	825.194	3.816	0
2931	148	403	76	0.662	0.555	815.982	4.127	0	396	44	0.427	0.547	825.194	3.899	0
2951	149	388	74	0.663	0.555	815.982	4.080	0	420	-9	0.427	0.546	825.194	3.813	0
2971	150	391	62	0.662	0.555	820.742	4.067	0	414	19	0.426	0.546	824.107	3.834	0
2991	151	496	18	0.661	0.554	820.742	4.256	0	487	42	0.425	0.545	824.107	3.838	0
3011	152	478	8	0.660	0.553	820.742	4.250	0	493	6	0.425	0.545	824.107	3.877	0
3031	153	500	24	0.659	0.552	820.742	4.313	0	507	41	0.424	0.544	824.107	3.912	0
3051	154	439	36	0.658	0.552	820.742	4.505	0	481	21	0.423	0.544	824.107	3.916	0
3071	155	431	32	0.658	0.552	822.172	4.546	0	483	10	0.422	0.544	824.271	3.922	0
3091	156	494	79	0.657	0.552	822.172	4.336	0	493	3	0.422	0.545	824.271	3.849	0
3111	157	503	44	0.656	0.553	822.172	4.220	0	504	4	0.420	0.545	824.271	3.970	0
3131	158	494	27	0.655	0.553	822.172	4.274	0	480	29	0.419	0.546	824.271	3.886	0
3151	159	512	59	0.654	0.553	822.172	4.385	0	509	10	0.418	0.546	824.271	3.873	0
3171	160	509	34	0.653	0.552	822.947	4.349	0	505	23	0.417	0.546	821.973	3.904	0
3191	161	461	24	0.652	0.552	822.947	4.401	0	502	17	0.416	0.546	821.973	3.955	0
3211	162	501	48	0.651	0.552	822.947	4.297	0	523	44	0.415	0.546	821.973	3.964	0
3231	163	508	-5	0.649	0.552	822.947	4.449	0	532	6	0.414	0.547	821.973	4.066	0
3250	164	521	31	0.649	0.553	822.947	4.421	0	512	30	0.413	0.547	821.973	4.000	0
3270	165	530	26	0.648	0.553	824.520	4.418	0	524	27	0.412	0.547	825.284	4.050	0
3290	166	505	1	0.648	0.553	824.520	4.438	0	507	27	0.412	0.547	825.284	3.883	0
3310	167	497	24	0.647	0.553	824.520	4.467	0	502	16	0.412	0.547	825.284	3.953	0
3330	168	416	18	0.648	0.553	824.520	4.409	0	446	-3	0.412	0.547	825.284	3.890	0
3350	169	442	14	0.648	0.553	824.520	4.438	0	457	48	0.413	0.548	825.284	3.997	0
3370	170	410	0	0.648	0.553	828.339	4.458	0	440	38	0.413	0.548	826.015	3.995	0
3390	171	432	62	0.649	0.553	828.339	4.350	0	443	4	0.414	0.547	826.015	3.904	0
3410	172	432	41	0.650	0.552	828.339	4.386	0	459	30	0.415	0.546	826.015	3.957	0
3430	173	424	31	0.651	0.550	828.339	4.545	0	445	15	0.416	0.545	826.015	3.987	0
3450	174	434	24	0.652	0.550	828.339	4.517	0	445	13	0.417	0.544	826.015	3.878	0
3470	175	430	25	0.652	0.549	824.699	4.468	0	450	10	0.417	0.543	827.225	3.916	0
3490	176	428	13	0.653	0.548	824.699	4.517	0	455	9	0.418	0.541	827.225	4.018	0
3510	177	455	27	0.654	0.547	824.699	4.417	0	445	35	0.419	0.540	827.225	3.899	0
3530	178	452	28	0.655	0.547	824.699	4.583	0	448	5	0.420	0.539	827.225	4.034	0
3550	179	423	0	0.655	0.546	824.699	4.602	0	453	-16	0.420	0.538	827.225	3.878	0
3569	180	430	7	0.655	0.545	824.298	4.619	0	450	-7	0.420	0.538	825.248	3.906	0
3589	181	441	81	0.655	0.545	824.298	4.444	0	454	0	0.420	0.538	825.248	3.988	0
3609	182	438	64	0.655	0.545	824.298	4.387	0	451	19	0.420	0.539	825.248	4.019	0
3629	183	433	32	0.656	0.545	824.298	4.355	0	475	32	0.421	0.539	825.248	4.022	0
3649	184	420	25	0.657	0.546	824.298	4.383	0	442	20	0.422	0.539	825.248	3.832	0
3669	185	416	4	0.657	0.546	829.855	4.400	0	448	25	0.422	0.539	825.243	3.836	0
3689	186	555	10	0.658	0.546	829.855	4.497	0	587	44	0.423	0.539	825.243	3.932	0
3709	187	545	11	0.659	0.546	829.855	4.512	0	583	22	0.424	0.539	825.243	3.973	0
3729	188	570	28	0.660	0.546	829.855	4.352	0	586	15	0.426	0.538	825.243	3.866	0
3749	189	561	7	0.662	0.546	829.855	4.464	0	583	23	0.427	0.538	825.243	3.952	0
3769	190	564	12	0.663	0.546	829.752	4.428	0	584	12	0.429	0.538	828.662	3.964	0
3789	191	582	-6	0.664	0.546	829.752	4.445	0	590	19	0.430	0.537	828.662	3.968	0
3809	192	552	48	0.666	0.546	829.752	4.497	0	584	18	0.431	0.537	828.662	4.000	0
3829	193	556	36	0.667	0.546	829.752	4.501	0	557	23	0.433	0.537	828.662	3.944	0
3849	194	560	56	0.668	0.547	829.752	4.531	0	596	-33	0.434	0.538	828.662	4.002	0
3869	195	558	55	0.669	0.547	830.002	4.545	0	587	-42	0.435	0.538	830.400	3.993	0
3888	196	567	52	0.670	0.548	830.002	4.353	0	572	28	0.435	0.538	830.400	4.030	0
3909	197	568	18	0.670	0.549	830.002	4.434	0	570	57	0.436	0.539	830.400	3.994	0
3928	198	549	21	0.671	0.549	830.002	4.350	0	552	34	0.437	0.540	830.400	4.000	0
3948	199	515	-19	0.672	0.550	830.002	4.462	0	556	44	0.438	0.541	830.400	4.130	0
3968	200	507	-34	0.672	0.551	830.870	4.448	0	556	57	0.438	0.541	829.364	4.117	0
3988	201	530	18	0.672	0.551	830.870	4.342	0	567	12	0.438	0.542	829.364	4.048	0
4008	202	552	9	0.672	0.552	830.870	4.378	0	556	33	0.438	0.543	829.364	3.944	0
4028	203	524	44	0.672	0.553	830.870	4.275	0	519	38	0.438	0.544	829.364	3.983	0
4048	204	519	18	0.672	0.553	830.870	4.324	0	544	3	0.438	0.544	829.364	3.899	0
4068	205	516	20	0.671	0.554	831.801	4.320	0	530	13	0.438	0.545	829.962	3.899	0
4088	206	559	12	0.671	0.554	831.801	4.226	0	514	16	0.438	0.545	829.962	3.980	0
4108	207	542	24	0.671	0.554	831.801	4.190	0	564	3	0.437	0.546	829.962	4.006	0
4128	208	541	20	0.670	0.554	831.801	4.043	0	552	57	0.436	0.546	829.962	3.906	0
4148	209	661	46	0.668	0.555	831.801	4.062	0	636	53	0.435	0.547	829.962	3.814	0
4168	210	658	50	0.667	0.555	833.387	4.089	0	661	39	0.434	0.547	832.612	3.800	0
4187	211	625	4	0.666	0.555	833.387	4.105	0	617	6	0.433	0.548	832.612	3.800	0
4208	212	616	20	0.665	0.555	833.387	4.086	0	653	1	0.432	0.548	832.612	3.876	0
4228	213	606	10	0.664	0.555	833.387	3.855	0	632	28	0.431	0.549	832.612	3.767	0
4247	214	618	-24	0.663	0.556	833.387	3.906	0	640	17	0.430	0.549	832.612	3.748	0
4267	215	610	-25	0.662	0.556	835.230	3.965	0	629	27	0.429	0.550	830.547	3.745	0
4287	216	611	-14	0.661	0.556	835.230	4.128	0	620	-11	0.428	0.550	830.547	3.696	0
4307	217	612	19	0.661	0.556	835.230	3.913	0	632	6	0.427	0.551	830.547	3.793	0
4327	218	630	-12	0.660	0.557	835.230	3.971	0	631	47	0.427	0.552	830.547	3.665	0
4347	219	640	28	0.659	0.557	835.230	3.930	0	678	-3	0.426	0.552	830.547	3.670	0
4367	220	648	22	0.659	0.558	834.518	3.952	0	691	11	0.426	0.552	832.363	3.682	0
4387	221	696	8	0.659	0.558	834.518	3.928	0	715	18	0.426	0.553	832.363	3.727	0
4407	222	705	52	0.660	0.558	834.518	3.814	0	710	69	0.427	0.552	832.363	3.742	0
4427	223	693	21	0.660	0.558	834.518	3.946	0	709	8	0.428	0.552	832.363	3.646	0
4447	224	698	19	0.661	0.558	834.518	3.827	0	714	16	0.428	0.552	832.363	3.660	0
4467	225	700	21	0.662	0.559	833.343	3.870	0	711	34	0.429	0.552	829.094	3.660	0
4487	226	694	3	0.663	0.559	833.343	3.824	0	714	25	0.430	0.552	829.094	3.650	0
4507	227	681	18	0.664	0.559	833.343	3.885	0	711	-23	0.431	0.552	829.094	3.724	0
4527	228	701	32	0.665	0.559	833.343	3.892	0	703	28	0.432	0.552	829.094	3.647	0
4547	229	692	-12	0.666	0.560	833.343	3.843	0	709	19	0.432	0.552	829.094	3.650	0
4566	230	689	-9	0.667	0.560	836.178	3.890	0	709	6	0.433	0.552	829.475	3.669	0
4586	231	687	-17	0.668	0.560	836.178	3.957	0	731	-4	0.434	0.551	829.475	3.755	0
4606	232	702	-11	0.669	0.559	836.178	3.814	0	722	16	0.436	0.551	829.475	3.606	0
4626	233	675	3	0.670	0.559	836.178	3.942	0	734	-10	0.437	0.550	829.475	3.649	0
4646	234	666	33	0.671	0.558	836.178	3.949	0	690	24	0.438	0.549	829.475	3.638	0
4666	235	667	48	0.673	0.558	834.106	3.899	0	686	23	0.439	0.548	827.480	3.618	0
4686	236	675	-21	0.674	0.557	834.106	4.021	0	687	24	0.440	0.547	827.480	3.673	0
4706	237	667	25	0.675	0.557	834.106	3.886	0	679	30	0.441	0.547	827.480	3.691	0
4726	238	661	-9	0.676	0.557	834.106	3.894	0	689	23	0.442	0.547	827.480	3.742	0
4746	239	651	-5	0.677	0.558	834.106	3.991	0	667	0	0.443	0.547	827.480	3.676	0
4766	240	651	4	0.678	0.558	831.307	3.910	0	667	9	0.444	0.547	823.962	3.682	0
4786	241	614	8	0.679	0.558	831.307	4.095	0	705	-18	0.445	0.547	823.962	3.788	0
4806	242	471	71	0.682	0.559	831.307	4.437	0	553	12	0.449	0.547	823.962	3.989	0
4826	243	163	87	0.686	0.559	831.307	4.252	0	227	51	0.453	0.548	823.962	3.788	0
4846	244	92	130	0.688	0.560	831.307	4.031	0	122	132	0.455	0.548	823.962	3.705	0
4865	245	33	172	0.689	0.560	824.445	4.116	0	21	175	0.456	0.548	820.631	3.733	0
4885	246	123	128	0.690	0.560	824.445	4.161	0	131	109	0.457	0.548	820.631	3.892	0
4905	247	144	134	0.690	0.560	824.445	4.116	0	175	145	0.458	0.548	820.631	4.007	0
4925	248	129	129	0.692	0.560	824.445	4.132	0	169	163	0.459	0.549	820.631	3.952	0
4945	249	138	149	0.693	0.561	824.445	4.309	0	143	105	0.460	0.549	820.631	3.848	0
4965	250	131	155	0.695	0.562	823.362	4.297	0	130	127	0.462	0.549	819.310	3.882	0
4985	251	130	184	0.696	0.563	823.362	4.302	0	156	151	0.463	0.550	819.310	3.745	0
5005	252	102	230	0.696	0.564	823.362	4.047	0	108	128	0.463	0.551	819.310	3.760	0
5025	253	91	158	0.697	0.565	823.362	4.056	0	134	157	0.465	0.552	819.310	3.790	0
5045	254	95	205	0.698	0.566	823.362	4.031	0	134	139	0.465	0.553	819.310	3.676	0
5065	255	91	200	0.698	0.566	829.651	4.059	0	135	131	0.465	0.554	821.307	3.695	0
5085	256	78	173	0.698	0.567	829.651	4.128	0	129	202	0.466	0.554	821.307	3.783	0
5105	257	86	158	0.698	0.567	829.651	4.222	0	124	189	0.466	0.555	821.307	3.810	0
5125	258	84	199	0.698	0.568	829.651	4.191	0	133	146	0.466	0.556	821.307	3.861	0
5145	259	74	164	0.698	0.569	829.651	4.039	0	149	200	0.466	0.556	821.307	3.824	0
5165	260	72	161	0.699	0.569	832.014	4.082	0	148	181	0.467	0.557	822.080	3.848	0
5184	261	163	192	0.698	0.569	832.014	4.162	0	184	172	0.467	0.557	822.080	3.937	0
5204	262	195	178	0.698	0.570	832.014	4.228	0	258	187	0.467	0.557	822.080	3.955	0
5224	263	191	172	0.698	0.570	832.014	4.295	0	295	184	0.467	0.557	822.080	4.049	0
5244	264	206	183	0.698	0.570	832.014	4.323	0	235	163	0.467	0.556	822.080	3.807	0
5264	265	208	179	0.698	0.569	833.073	4.356	0	279	154	0.467	0.556	828.298	3.858	0
5284	266	179	176	0.698	0.569	833.073	4.366	0	227	190	0.467	0.556	828.298	3.948	0
5304	267	195	191	0.697	0.569	833.073	4.152	0	234	193	0.466	0.556	828.298	4.011	0
5324	268	188	184	0.696	0.568	833.073	4.258	0	226	181	0.465	0.556	828.298	3.860	0
5344	269	193	188	0.696	0.568	833.073	4.248	0	230	171	0.464	0.556	828.298	3.951	0
5364	270	199	192	0.695	0.568	829.395	4.220	0	231	175	0.464	0.556	824.919	3.929	0
5384	271	194	197	0.694	0.568	829.395	4.117	0	244	164	0.463	0.556	824.919	3.845	0
5404	272	185	145	0.694	0.568	829.395	4.196	0	227	202	0.463	0.556	824.919	3.848	0
5424	273	211	198	0.694	0.568	829.395	4.108	0	221	117	0.462	0.556	824.919	3.716	0
5444	274	166	93	0.694	0.568	829.395	4.155	0	204	132	0.463	0.555	824.919	3.765	0
5464	275	172	97	0.693	0.568	828.157	4.170	0	193	120	0.462	0.556	828.558	3.743	0
5484	276	169	101	0.693	0.568	828.157	4.125	0	195	99	0.462	0.555	828.558	3.791	0
5503	277	205	126	0.693	0.569	828.157	4.054	0	207	110	0.462	0.555	828.558	3.802	0
5523	278	159	104	0.693	0.569	828.157	4.051	0	205	85	0.462	0.555	828.558	3.694	0
5543	279	170	86	0.693	0.569	828.157	3.995	0	228	108	0.462	0.555	828.558	3.833	0
5563	280	172	88	0.693	0.569	829.258	3.979	0	237	103	0.462	0.555	827.225	3.808	0
5583	281	175	124	0.693	0.569	829.258	4.066	0	215	102	0.462	0.555	827.225	3.769	0
5603	282	211	76	0.693	0.569	829.258	4.098	0	236	48	0.462	0.555	827.225	3.710	0
5623	283	200	100	0.693	0.569	829.258	3.944	0	240	52	0.462	0.556	827.225	3.717	0
5643	284	199	93	0.693	0.569	829.258	4.005	0	244	74	0.462	0.556	827.225	3.655	0
5663	285	196	81	0.693	0.569	831.268	3.987	0	243	47	0.462	0.556	826.413	3.635	0
5683	286	176	66	0.694	0.569	831.268	4.066	0	239	55	0.462	0.556	826.413	3.700	0
5703	287	197	61	0.694	0.569	831.268	4.143	0	246	70	0.463	0.556	826.413	3.648	0
5723	288	202	39	0.695	0.570	831.268	4.078	0	252	17	0.464	0.556	826.413	3.688	0
5743	289	246	71	0.695	0.570	831.268	4.138	0	228	57	0.464	0.556	826.413	3.746	0
5763	290	256	68	0.696	0.570	829.426	4.106	0	233	54	0.465	0.556	825.461	3.730	0
5783	291	204	85	0.697	0.570	829.426	4.124	0	234	51	0.466	0.556	825.461	3.664	0
5803	292	203	41	0.698	0.570	829.426	4.150	0	233	65	0.467	0.556	825.461	3.629	0
5822	293	224	74	0.698	0.570	829.426	4.025	0	228	42	0.467	0.556	825.461	3.728	0
5842	294	200	55	0.699	0.570	829.426	4.031	0	241	104	0.468	0.556	825.461	3.667	0
5862	295	206	62	0.700	0.570	832.749	4.053	0	241	101	0.470	0.556	828.744	3.689	0
5882	296	67	41	0.701	0.570	832.749	4.157	0	106	40	0.471	0.556	828.744	3.649	0
5902	297	80	66	0.702	0.570	832.749	3.968	0	126	62	0.471	0.556	828.744	3.755	0
5922	298	77	56	0.702	0.570	832.749	3.953	0	105	29	0.472	0.556	828.744	3.710	0
5942	299	57	63	0.703	0.570	832.749	3.966	0	114	40	0.472	0.556	828.744	3.686	0
5962	300	60	60	0.703	0.570	832.177	3.957	0	118	48	0.472	0.556	826.523	3.721	0
5982	301	81	82	0.703	0.570	832.177	4.145	0	66	44	0.472	0.556	826.523	3.559	0
6002	302	92	90	0.703	0.570	832.177	4.140	0	127	44	0.473	0.556	826.523	3.753	0
6022	303	59	48	0.704	0.570	832.177	4.118	0	113	57	0.473	0.556	826.523	3.612	0
6042	304	32	77	0.704	0.570	832.177	4.139	0	124	37	0.473	0.556	826.523	3.711	0
6062	305	35	78	0.704	0.570	829.088	4.117	0	130	40	0.473	0.556	826.441	3.649	0
6082	306	94	82	0.704	0.570	829.088	4.094	0	99	46	0.473	0.556	826.441	3.781	0
6102	307	96	73	0.704	0.571	829.088	4.019	0	115	66	0.473	0.556	826.441	3.730	0
6122	308	107	38	0.703	0.571	829.088	3.978	0	166	42	0.472	0.556	826.441	3.619	0
6141	309	136	56	0.703	0.571	829.088	4.212	0	171	86	0.472	0.556	826.441	3.733	0
6161	310	142	45	0.703	0.571	827.680	4.167	0	178	79	0.472	0.556	827.466	3.702	0
6181	311	124	32	0.703	0.571	827.680	4.198	0	160	44	0.472	0.556	827.466	3.691	0
6201	312	131	74	0.703	0.570	827.680	4.116	0	151	43	0.471	0.556	827.466	3.656	0
6221	313	113	45	0.702	0.570	827.680	4.125	0	157	64	0.471	0.556	827.466	3.749	0
6241	314	151	81	0.702	0.570	827.680	4.000	0	171	80	0.471	0.556	827.466	3.693	0
6261	315	148	62	0.702	0.570	832.483	3.986	0	172	96	0.470	0.556	824.071	3.684	0
6281	316	222	78	0.700	0.570	832.483	4.182	0	239	28	0.469	0.556	824.071	3.841	0
6301	317	214	25	0.699	0.570	832.483	4.039	0	272	66	0.468	0.556	824.071	3.683	0
6321	318	248	70	0.699	0.569	832.483	4.102	0	277	83	0.468	0.556	824.071	3.775	0
6341	319	237	86	0.699	0.569	832.483	4.024	0	273	82	0.467	0.556	824.071	3.647	0
6361	320	243	76	0.698	0.569	830.889	4.032	0	272	77	0.467	0.556	826.216	3.675	0
6381	321	261	81	0.698	0.569	830.889	4.186	0	266	66	0.466	0.556	826.216	3.725	0
6401	322	249	60	0.697	0.569	830.889	4.122	0	259	79	0.466	0.556	826.216	3.647	0
6421	323	268	61	0.697	0.569	830.889	4.076	0	287	27	0.465	0.556	826.216	3.755	0
6441	324	262	133	0.697	0.569	830.889	4.071	0	290	30	0.465	0.556	826.216	3.643	0
6460	325	272	132	0.696	0.569	828.938	4.057	0	296	27	0.465	0.556	828.678	3.688	0
6480	326	284	77	0.696	0.569	828.938	4.132	0	301	81	0.464	0.556	828.678	3.683	0
6500	327	349	60	0.695	0.569	828.938	4.169	0	406	31	0.463	0.557	828.678	3.860	0
6520	328	344	50	0.695	0.570	828.938	4.100	0	391	46	0.463	0.557	828.678	3.783	0
6540	329	358	49	0.695	0.570	828.938	4.023	0	393	44	0.463	0.557	828.678	3.846	0
6560	330	350	42	0.695	0.570	831.127	4.026	0	398	37	0.463	0.557	830.027	3.821	0
6580	331	358	37	0.695	0.570	831.127	4.193	0	371	48	0.463	0.557	830.027	3.742	0
6600	332	364	46	0.695	0.570	831.127	4.197	0	357	37	0.464	0.557	830.027	3.924	0
6620	333	332	21	0.696	0.571	831.127	4.209	0	336	58	0.464	0.558	830.027	3.827	0
6640	334	351	74	0.696	0.571	831.127	4.157	0	374	67	0.464	0.558	830.027	3.847	0
6660	335	345	78	0.696	0.571	830.235	4.154	0	367	76	0.464	0.558	827.117	3.853	0
6680	336	372	74	0.697	0.572	830.235	4.270	0	393	61	0.465	0.558	827.117	3.987	0
6700	337	350	93	0.697	0.572	830.235	4.068	0	382	86	0.465	0.558	827.117	3.801	0
6720	338	355	79	0.698	0.572	830.235	4.162	0	369	47	0.466	0.559	827.117	3.880	0
6740	339	355	64	0.698	0.572	830.235	4.145	0	376	63	0.466	0.559	827.117	3.838	0
6759	340	355	69	0.699	0.573	831.011	4.131	0	372	72	0.468	0.559	824.713	3.866	0
6779	341	177	64	0.700	0.573	831.011	4.329	0	229	122	0.469	0.559	824.713	3.864	0
6799	342	175	63	0.701	0.573	831.011	4.166	0	226	150	0.469	0.559	824.713	3.916	0
6819	343	173	69	0.701	0.573	831.011	4.099	0	206	141	0.470	0.558	824.713	3.818	0
6839	344	157	98	0.701	0.573	831.011	4.022	0	225	73	0.470	0.558	824.713	3.918	0
6859	345	155	104	0.702	0.573	830.372	3.949	0	223	81	0.470	0.558	824.094	3.883	0
6879	346	195	91	0.702	0.573	830.372	4.170	0	211	97	0.471	0.558	824.094	3.879	0
6899	347	201	122	0.703	0.573	830.372	3.945	0	216	99	0.471	0.558	824.094	3.797	0
6919	348	181	85	0.703	0.573	830.372	3.973	0	204	118	0.471	0.558	824.094	3.808	0
6939	349	171	108	0.703	0.573	830.372	4.010	0	222	98	0.471	0.558	824.094	3.704	0
6959	350	163	89	0.703	0.573	831.880	4.048	0	217	107	0.471	0.558	823.016	3.673	0
6979	351	187	92	0.703	0.573	831.880	4.059	0	202	123	0.471	0.558	823.016	3.695	0
6999	352	175	93	0.703	0.573	831.880	3.874	0	192	119	0.472	0.558	823.016	3.622	0
7019	353	180	74	0.703	0.573	831.880	3.861	0	204	129	0.472	0.558	823.016	3.713	0
7039	354	163	94	0.703	0.573	831.880	3.881	0	204	98	0.472	0.558	823.016	3.658	0
7059	355	170	92	0.703	0.573	830.523	3.872	0	208	88	0.472	0.558	826.459	3.657	0
7078	356	163	78	0.704	0.573	830.523	3.883	0	217	96	0.472	0.558	826.459	3.520	0
7098	357	192	26	0.703	0.573	830.523	3.992	0	191	93	0.472	0.558	826.459	3.576	0
7118	358	152	34	0.703	0.574	830.523	3.908	0	210	122	0.472	0.559	826.459	3.741	0
7138	359	166	119	0.703	0.574	830.523	3.785	0	185	82	0.472	0.559	826.459	3.556	0
7158	360	170	103	0.703	0.574	828.488	3.801	0	198	98	0.472	0.559	822.169	3.586	0
7178	361	-1280	-1024	0.472	0.559	-1.000	-1.000	4	200	79	0.472	0.559	822.169	3.586	0
7198	362	231	63	0.703	0.574	828.488	3.873	0	247	105	0.471	0.559	822.169	3.567	0
7218	363	186	19	0.703	0.574	828.488	4.028	0	252	68	0.471	0.559	822.169	3.609	0
7238	364	190	112	0.703	0.575	828.488	3.735	0	248	56	0.471	0.560	822.169	3.543	0
7258	365	184	105	0.703	0.575	832.632	3.759	0	248	45	0.471	0.560	826.405	3.567	0
7278	366	188	92	0.703	0.575	832.632	4.074	0	241	14	0.471	0.560	826.405	3.498	0
7298	367	151	36	0.703	0.575	832.632	4.038	0	228	58	0.471	0.560	826.405	3.494	0
7318	368	-1280	-1024	0.471	0.560	-1.000	-1.000	4	225	35	0.471	0.560	826.405	3.450	0
7338	369	190	45	0.703	0.575	832.632	3.792	0	223	81	0.471	0.560	826.405	3.557	0
7358	370	191	50	0.703	0.575	830.788	3.784	0	221	79	0.471	0.560	827.081	3.552	0
7378	371	182	59	0.703	0.575	830.788	3.757	0	239	70	0.471	0.560	827.081	3.453	0
7397	372	190	68	0.703	0.575	830.788	3.638	0	236	93	0.471	0.560	827.081	3.452	0
7417	373	207	85	0.703	0.575	830.788	3.827	0	220	32	0.471	0.561	827.081	3.443	0
7437	374	190	98	0.703	0.575	830.788	3.881	0	217	36	0.471	0.561	827.081	3.323	0
7457	375	202	114	0.704	0.575	828.954	3.871	0	211	44	0.472	0.561	824.733	3.301	0
7477	376	58	84	0.704	0.575	828.954	3.739	0	89	63	0.472	0.561	824.733	3.325	0
7497	377	64	78	0.704	0.575	828.954	3.753	0	95	61	0.472	0.561	824.733	3.297	0
7517	378	55	66	0.704	0.575	828.954	3.666	0	96	51	0.472	0.561	824.733	3.241	0
7537	379	62	90	0.704	0.575	828.954	3.688	0	106	65	0.472	0.561	824.733	3.397	0
7557	380	60	80	0.704	0.575	830.754	3.677	0	108	66	0.472	0.561	823.101	3.369	0
7577	381	72	78	0.703	0.575	830.754	3.665	0	88	63	0.472	0.561	823.101	3.362	0
7597	382	64	80	0.703	0.575	830.754	3.719	0	111	78	0.471	0.561	823.101	3.444	0
7617	383	75	92	0.703	0.576	830.754	3.707	0	105	72	0.471	0.562	823.101	3.307	0
7637	384	71	74	0.703	0.576	830.754	3.783	0	100	65	0.471	0.562	823.101	3.247	0
7657	385	72	79	0.703	0.576	829.647	3.794	0	105	65	0.471	0.562	825.260	3.253	0
7677	386	81	81	0.703	0.575	829.647	3.681	0	127	94	0.471	0.562	825.260	3.454	0
7697	387	73	95	0.703	0.575	829.647	3.594	0	87	68	0.471	0.562	825.260	3.353	0
7716	388	75	85	0.703	0.575	829.647	3.795	0	73	75	0.471	0.562	825.260	3.447	0
7736	389	64	105	0.703	0.575	829.647	3.662	0	103	70	0.471	0.562	825.260	3.527	0
7756	390	60	103	0.703	0.576	830.486	3.671	0	105	77	0.471	0.562	823.594	3.499	0
7776	391	78	94	0.703	0.576	830.486	3.954	0	73	90	0.471	0.562	823.594	3.339	0
7796	392	-1280	-1024	0.471	0.562	-1.000	-1.000	4	91	58	0.471	0.562	823.594	3.344	0
7816	393	76	70	0.703	0.576	830.486	3.868	0	112	100	0.471	0.562	823.594	3.367	0
7836	394	-1280	-1024	0.471	0.562	-1.000	-1.000	4	101	73	0.471	0.562	823.594	3.443	0
7856	395	-1280	-1024	0.703	0.576	-1.000	-1.000	4	110	92	0.471	0.563	822.861	3.457	0
7876	396	83	240	0.703	0.576	827.887	3.645	0	96	19	0.471	0.562	822.861	3.630	0
7896	397	-1280	-1024	-1.000	-1.000	-1.000	-1.000	4	-1280	-1024	-1.000	-1.000	-1.000	-1.000	4
7916	398	-1280	-1024	-1.000	-1.000	-1.000	-1.000	4	-1280	-1024	-1.000	-1.000	-1.000	-1.000	4
7936	399	-1280	-1024	-1.000	-1.000	-1.000	-1.000	4	-1280	-1024	-1.000	-1.000	-1.000	-1.000	4
7956	400	-1280	-1024	-1.000	-1.000	-1.000	-1.000	4	-1280	-1024	-1.000	-1.000	-1.000	-1.000	4
7976	401	-1280	-1024	0.472	0.561	-1.000	-1.000	4	119	98	0.472	0.561	822.861	3.602	0
7996	402	-1280	-1024	0.471	0.562	-1.000	-1.000	4	163	90	0.471	0.562	822.861	3.527	0
8016	403	-1280	-1024	0.703	0.576	-1.000	-1.000	4	160	81	0.471	0.562	826.485	3.542	0
8035	404	64	27	0.703	0.576	837.019	4.396	0	125	88	0.471	0.562	826.485	3.395	0
8055	405	99	88	0.703	0.576	837.019	3.761	0	142	73	0.471	0.563	826.485	3.491	0
8075	406	98	89	0.703	0.576	837.019	3.817	0	137	94	0.471	0.563	826.485	3.410	0
8095	407	110	109	0.703	0.576	837.019	3.778	0	140	110	0.471	0.563	826.485	3.553	0
8115	408	115	127	0.703	0.577	832.892	3.785	0	142	112	0.471	0.563	824.929	3.540	0
8135	409	86	137	0.703	0.577	832.892	3.846	0	147	124	0.471	0.563	824.929	3.546	0
8155	410	114	159	0.703	0.577	832.892	3.767	0	162	131	0.471	0.563	824.929	3.564	0
8175	411	113	134	0.703	0.577	832.892	3.818	0	164	114	0.470	0.563	824.929	3.696	0
8195	412	124	115	0.702	0.577	832.892	3.846	0	125	105	0.470	0.564	824.929	3.619	0
8215	413	119	113	0.702	0.577	834.152	3.825	0	134	107	0.470	0.563	822.114	3.655	0
8235	414	104	87	0.702	0.577	834.152	3.866	0	143	121	0.470	0.563	822.114	3.414	0
8255	415	98	87	0.702	0.576	834.152	3.887	0	169	70	0.470	0.563	822.114	3.542	0
8275	416	126	93	0.702	0.576	834.152	3.847	0	197	177	0.470	0.563	822.114	3.540	0
8295	417	230	232	0.701	0.576	834.152	3.805	0	249	218	0.469	0.563	822.114	3.579	0
8315	418	241	242	0.700	0.576	836.154	3.810	0	271	205	0.469	0.563	832.269	3.635	0
8335	419	-1280	-1024	-1.000	-1.000	-1.000	-1.000	4	-1280	-1024	-1.000	-1.000	-1.000	-1.000	4
8354	420	-1280	-1024	-1.000	-1.000	-1.000	-1.000	4	-1280	-1024	-1.000	-1.000	-1.000	-1.000	4
8374	421	-1280	-1024	-1.000	-1.000	-1.000	-1.000	4	-1280	-1024	-1.000	-1.000	-1.000	-1.000	4
8394	422	-1280	-1024	-1.000	-1.000	-1.000	-1.000	4	-1280	-1024	-1.000	-1.000	-1.000	-1.000	4
8414	423	-1280	-1024	0.469	0.563	-1.000	-1.000	4	-1280	-1024	0.469	0.563	-1.000	-1.000	4
8434	424	-1280	-1024	0.469	0.563	-1.000	-1.000	4	246	1110	0.469	0.563	832.143	11.006	0
8454	425	-1280	-1024	-1.000	-1.000	-1.000	-1.000	4	-1280	-1024	-1.000	-1.000	-1.000	-1.000	4
8474	426	-1280	-1024	0.694	0.598	-1.000	-1.000	0	-1280	-1024	0.694	0.598	-1.000	-1.000	4
8506	427	199	143	0.702	0.577	848.578	4.028	0	247	170	0.469	0.563	832.143	3.695	0
8534	428	218	175	0.702	0.577	833.708	3.958	0	247	175	0.469	0.564	829.769	3.684	0
8554	429	213	151	0.702	0.577	833.708	3.819	0	242	153	0.469	0.564	829.769	3.646	0
8574	430	186	135	0.702	0.577	833.708	3.754	0	228	132	0.469	0.564	829.769	3.558	0
8594	431	214	179	0.702	0.577	833.708	3.722	0	206	133	0.469	0.564	829.769	3.497	0
8614	432	224	153	0.702	0.577	833.708	3.856	0	251	129	0.469	0.564	829.769	3.502	0
8634	433	219	160	0.702	0.577	831.835	3.811	0	239	126	0.469	0.564	830.482	3.510	0
8654	434	221	160	0.702	0.577	831.835	3.667	0	240	164	0.469	0.564	830.482	3.544	0
8674	435	217	187	0.702	0.577	831.835	3.710	0	227	193	0.469	0.564	830.482	3.499	0
8694	436	208	181	0.702	0.577	831.835	3.794	0	262	164	0.469	0.564	830.482	3.620	0
8713	437	216	177	0.702	0.577	831.835	3.713	0	220	155	0.469	0.564	830.482	3.317	0
8733	438	209	169	0.702	0.578	834.078	3.752	0	232	173	0.469	0.564	825.519	3.286	0
8753	439	216	206	0.702	0.578	834.078	3.685	0	246	192	0.469	0.565	825.519	3.582	0
8773	440	192	189	0.702	0.578	834.078	3.646	0	234	143	0.469	0.565	825.519	3.407	0
8793	441	223	190	0.702	0.578	834.078	3.795	0	246	175	0.469	0.565	825.519	3.529	0
8813	442	172	177	0.702	0.578	834.078	3.742	0	228	157	0.469	0.565	825.519	3.479	0
8833	443	183	179	0.702	0.578	831.266	3.752	0	230	174	0.469	0.565	824.493	3.409	0
8853	444	220	187	0.701	0.578	831.266	3.711	0	255	158	0.469	0.565	824.493	3.405	0
8873	445	206	197	0.701	0.578	831.266	3.573	0	232	180	0.468	0.565	824.493	3.412	0
8893	446	213	177	0.701	0.578	831.266	3.718	0	223	156	0.468	0.565	824.493	3.477	0
8913	447	195	176	0.701	0.578	831.266	3.630	0	261	196	0.468	0.565	824.493	3.452	0
8933	448	194	172	0.701	0.578	833.217	3.599	0	245	184	0.468	0.566	828.133	3.491	0
8953	449	197	190	0.700	0.579	833.217	3.706	0	229	188	0.468	0.566	828.133	3.355	0
8973	450	319	437	0.699	0.581	833.217	3.557	0	355	435	0.467	0.568	828.133	3.409	0
8992	451	395	635	0.698	0.582	833.217	3.569	0	399	629	0.467	0.569	828.133	3.649	0
9013	452	402	648	0.698	0.582	833.217	3.544	0	400	582	0.466	0.570	828.133	3.460	0
9032	453	414	656	0.698	0.582	837.638	3.562	0	403	535	0.466	0.570	828.729	3.560	0
9052	454	-1280	-1024	-1.000	-1.000	-1.000	-1.000	4	-1280	-1024	-1.000	-1.000	-1.000	-1.000	4
9072	455	-1280	-1024	0.465	0.570	-1.000	-1.000	4	384	660	0.465	0.570	828.729	4.242	0
9092	456	346	615	0.697	0.582	837.638	3.605	0	393	577	0.465	0.570	828.729	3.500	0
9112	457	355	592	0.697	0.582	837.638	3.822	0	421	610	0.465	0.570	828.729	3.681	0
9132	458	356	593	0.698	0.582	836.281	3.816	0	436	570	0.465	0.569	825.757	3.847	0
9152	459	357	596	0.698	0.582	836.281	3.715	0	470	538	0.465	0.569	825.757	3.720	0
9172	460	394	573	0.697	0.582	836.281	3.680	0	364	669	0.464	0.569	825.757	3.558	0
9192	461	373	542	0.697	0.582	836.281	3.726	0	409	547	0.464	0.569	825.757	3.544	0
9212	462	361	561	0.697	0.582	836.281	3.499	0	355	585	0.464	0.569	825.757	3.311	0
9232	463	348	549	0.698	0.582	834.767	3.469	0	363	625	0.465	0.569	826.267	3.226	0
9252	464	374	541	0.698	0.582	834.767	3.648	0	382	553	0.465	0.569	826.267	3.361	0
9272	465	379	611	0.698	0.582	834.767	3.483	0	-1280	-1024	0.698	0.582	-1.000	-1.000	4
9292	466	381	579	0.698	0.582	834.767	3.452	0	373	586	0.465	0.570	826.267	3.275	0
9312	467	335	599	0.698	0.582	834.767	3.519	0	401	546	0.465	0.570	826.267	3.398	0
9331	468	333	583	0.698	0.582	836.521	3.528	0	401	542	0.465	0.570	829.084	3.409	0
9351	469	385	604	0.698	0.582	836.521	3.482	0	401	517	0.465	0.570	829.084	3.267	0
9371	470	313	611	0.697	0.582	836.521	3.337	0	302	680	0.465	0.570	829.084	3.502	0
9391	471	366	624	0.698	0.582	836.521	3.448	0	294	567	0.465	0.570	829.084	3.232	0
9411	472	291	606	0.698	0.582	836.521	3.505	0	282	618	0.465	0.570	829.084	3.270	0
9431	473	302	615	0.698	0.582	835.411	3.457	0	276	565	0.466	0.570	825.507	3.306	0
9451	474	263	570	0.698	0.582	835.411	3.659	0	328	539	0.466	0.570	825.507	3.466	0
9471	475	277	651	0.698	0.582	835.411	3.627	0	292	529	0.465	0.570	825.507	3.276	0
9491	476	263	495	0.698	0.583	835.411	3.276	0	318	567	0.465	0.570	825.507	3.327	0
9511	477	299	657	0.698	0.583	835.411	3.447	0	319	597	0.465	0.571	825.507	3.379	0
9531	478	301	605	0.698	0.583	837.341	3.334	0	320	607	0.466	0.571	825.209	3.288	0
9551	479	402	637	0.698	0.583	837.341	3.470	0	420	544	0.465	0.571	825.209	3.282	0
9571	480	402	591	0.696	0.583	837.341	3.487	0	519	534	0.464	0.571	825.209	3.395	0
9591	481	413	656	0.696	0.583	837.341	3.444	0	429	606	0.464	0.571	825.209	3.090	0
9611	482	424	644	0.697	0.583	837.341	3.355	0	457	572	0.464	0.571	825.209	3.195	0
9631	483	435	641	0.698	0.583	834.383	3.331	0	425	585	0.465	0.571	826.453	3.172	0
9650	484	469	699	0.698	0.583	834.383	3.457	0	451	604	0.465	0.571	826.453	3.331	0
9670	485	451	619	0.697	0.583	834.383	3.280	0	448	608	0.464	0.571	826.453	3.234	0
9690	486	418	689	0.697	0.583	834.383	3.473	0	433	609	0.464	0.571	826.453	3.086	0
9710	487	491	630	0.697	0.583	834.383	3.221	0	437	644	0.464	0.571	826.453	3.374	0
9730	488	494	655	0.698	0.583	835.839	3.271	0	428	650	0.465	0.570	825.745	3.290	0
9750	489	442	681	0.698	0.583	835.839	3.445	0	-1280	-1024	0.698	0.583	-1.000	-1.000	4
9770	490	511	690	0.696	0.583	835.839	3.743	0	511	611	0.463	0.570	825.745	3.125	0
9790	491	525	641	0.696	0.583	835.839	3.483	0	590	544	0.463	0.571	825.745	3.230	0
9810	492	537	636	0.696	0.583	835.839	3.500	0	561	552	0.463	0.571	825.745	3.383	0
9830	493	518	628	0.697	0.583	838.080	3.526	0	604	559	0.464	0.571	827.403	3.512	0
9850	494	536	610	0.696	0.583	838.080	3.624	0	572	603	0.464	0.571	827.403	3.198	0
9870	495	546	652	0.696	0.583	838.080	3.467	0	565	570	0.463	0.571	827.403	3.222	0
9890	496	555	640	0.696	0.583	838.080	3.478	0	589	590	0.463	0.571	827.403	3.274	0
9910	497	520	687	0.696	0.583	838.080	3.445	0	571	604	0.463	0.571	827.403	3.262	0
9930	498	514	696	0.696	0.583	836.365	3.435	0	581	597	0.463	0.571	824.275	3.238	0
9950	499	928	654	0.693	0.583	836.365	3.532	0	831	601	0.461	0.571	824.275	3.232	0
9969	500	1020	567	0.691	0.583	836.365	3.617	0	1031	589	0.459	0.571	824.275	3.332	0
9989	501	990	639	0.691	0.583	836.365	3.604	0	1007	648	0.459	0.571	824.275	3.266	0
10009	502	1017	637	0.691	0.583	836.365	3.560	0	1011	662	0.459	0.571	824.275	3.361	0
10029	503	1001	638	0.692	0.583	835.464	3.598	0	1018	674	0.460	0.571	826.151	3.356	0
10049	504	983	677	0.692	0.583	835.464	3.658	0	1006	643	0.459	0.571	826.151	3.165	0
10069	505	1035	658	0.692	0.583	835.464	3.538	0	993	631	0.460	0.571	826.151	3.320	0
10089	506	995	617	0.692	0.584	835.464	3.761	0	1003	652	0.460	0.572	826.151	3.334	0
