15	1	-1280	-1024	0.625	0.421	-1.000	-1.000	4	-1280	-1024	0.388	0.439	-1.000	-1.000	4
35	2	752	398	0.625	0.421	815.699	4.672	0	755	390	0.388	0.439	826.961	4.702	0
55	3	751	378	0.625	0.422	815.699	4.603	0	781	372	0.388	0.439	826.961	4.617	0
75	4	750	390	0.625	0.421	815.699	4.588	0	757	393	0.388	0.439	826.961	4.586	0
94	5	742	396	0.624	0.421	815.699	4.567	0	770	393	0.388	0.439	826.961	4.576	0
114	6	757	412	0.624	0.421	815.699	4.496	0	774	370	0.387	0.439	826.961	4.517	0
134	7	754	415	0.624	0.421	819.222	4.494	0	764	384	0.387	0.439	824.581	4.477	0
154	8	745	427	0.624	0.421	819.222	4.558	0	754	372	0.387	0.439	824.581	4.474	0
174	9	614	519	0.625	0.422	819.222	4.533	0	615	538	0.389	0.440	824.581	4.521	0
194	10	622	545	0.625	0.422	819.222	4.507	0	609	522	0.388	0.440	824.581	4.418	0
214	11	623	541	0.625	0.422	819.222	4.405	0	608	540	0.388	0.440	824.581	4.401	0
237	12	626	542	0.625	0.422	816.341	4.358	0	609	531	0.388	0.440	828.768	4.406	0
254	13	614	563	0.624	0.422	816.341	4.417	0	617	513	0.388	0.440	828.768	4.298	0
274	14	632	570	0.624	0.422	816.341	4.426	0	615	551	0.388	0.440	828.768	4.252	0
294	15	619	555	0.624	0.422	816.341	4.339	0	612	524	0.388	0.440	828.768	4.217	0
314	16	632	564	0.625	0.422	816.341	4.316	0	613	537	0.388	0.440	828.768	4.193	0
334	17	627	567	0.625	0.422	814.102	4.281	0	612	522	0.388	0.440	828.800	4.169	0
354	18	652	550	0.625	0.422	814.102	4.364	0	622	526	0.388	0.440	828.800	4.185	0
374	19	636	542	0.625	0.422	814.102	4.205	0	613	536	0.388	0.440	828.800	4.166	0
394	20	627	512	0.625	0.422	814.102	4.117	0	614	531	0.388	0.440	828.800	4.115	0
413	21	630	512	0.625	0.422	814.102	4.139	0	625	504	0.388	0.440	828.800	4.151	0
433	22	624	512	0.625	0.423	814.937	4.166	0	621	509	0.388	0.440	826.867	4.119	0
453	23	643	539	0.625	0.423	814.937	4.193	0	613	549	0.389	0.440	826.867	4.108	0
473	24	628	519	0.625	0.423	814.937	4.108	0	603	525	0.389	0.440	826.867	3.993	0
493	25	636	513	0.625	0.422	814.937	4.104	0	602	522	0.389	0.440	826.867	3.948	0
513	26	611	551	0.626	0.422	814.937	4.168	0	599	498	0.389	0.440	826.867	3.937	0
533	27	614	545	0.627	0.423	812.130	4.109	0	598	491	0.391	0.440	824.620	3.915	0
553	28	385	604	0.628	0.423	812.130	4.007	0	363	663	0.392	0.440	824.620	4.028	0
573	29	404	618	0.628	0.423	812.130	4.009	0	350	660	0.392	0.440	824.620	4.081	0
593	30	388	608	0.628	0.423	812.130	3.976	0	345	694	0.391	0.440	824.620	4.235	0
613	31	389	586	0.628	0.423	812.130	4.000	0	373	629	0.391	0.440	824.620	4.093	0
633	32	390	588	0.629	0.423	812.786	3.996	0	397	636	0.392	0.440	822.288	4.137	0
653	33	385	608	0.629	0.424	812.786	3.921	0	359	643	0.392	0.440	822.288	3.933	0
673	34	405	644	0.629	0.424	812.786	4.015	0	349	649	0.392	0.440	822.288	4.061	0
693	35	384	611	0.629	0.424	812.786	3.872	0	349	638	0.393	0.440	822.288	3.906	0
713	36	380	599	0.630	0.424	812.786	3.835	0	359	659	0.393	0.440	822.288	3.979	0
732	37	357	610	0.630	0.424	811.311	3.832	0	328	659	0.393	0.440	820.934	4.002	0
752	38	389	612	0.630	0.424	811.311	3.848	0	365	641	0.394	0.440	820.934	3.885	0
772	39	373	604	0.630	0.424	811.311	3.842	0	353	647	0.394	0.440	820.934	3.745	0
792	40	391	626	0.631	0.425	811.311	3.816	0	358	649	0.394	0.440	820.934	3.861	0
812	41	383	625	0.631	0.425	811.311	3.826	0	352	663	0.394	0.440	820.934	3.890	0
832	42	386	626	0.631	0.424	809.428	3.806	0	350	668	0.395	0.440	821.098	3.850	0
852	43	226	258	0.632	0.422	809.428	3.809	0	267	259	0.396	0.437	821.098	3.832	0
872	44	145	91	0.632	0.421	809.428	3.869	0	167	104	0.397	0.436	821.098	3.766	0
892	45	167	135	0.632	0.421	809.428	3.900	0	131	94	0.396	0.436	821.098	3.665	0
912	46	184	126	0.632	0.421	809.428	3.757	0	162	75	0.396	0.436	821.098	3.728	0
932	47	201	121	0.633	0.421	807.498	3.782	0	193	68	0.397	0.436	820.247	3.678	0
952	48	189	132	0.633	0.421	807.498	3.814	0	155	128	0.397	0.436	820.247	3.659	0
972	49	186	136	0.632	0.421	807.498	3.920	0	142	126	0.396	0.436	820.247	3.732	0
992	50	183	151	0.633	0.421	807.498	3.802	0	148	110	0.397	0.436	820.247	3.667	0
1012	51	175	141	0.633	0.421	807.498	3.860	0	147	108	0.397	0.436	820.247	3.612	0
1032	52	169	148	0.632	0.421	807.516	3.887	0	149	111	0.396	0.436	817.669	3.617	0
1051	53	170	145	0.632	0.421	807.516	3.843	0	166	141	0.397	0.436	817.669	3.727	0
1071	54	182	137	0.632	0.421	807.516	3.870	0	164	128	0.397	0.436	817.669	3.737	0
1091	55	176	139	0.633	0.421	807.516	3.885	0	149	113	0.397	0.436	817.669	3.718	0
1111	56	239	188	0.632	0.421	807.516	3.880	0	198	161	0.396	0.436	817.669	3.803	0
1131	57	247	176	0.632	0.421	812.841	3.900	0	198	160	0.396	0.437	814.120	3.793	0
1151	58	224	162	0.632	0.421	812.841	3.913	0	221	190	0.396	0.437	814.120	3.680	0
1171	59	231	186	0.632	0.421	812.841	3.927	0	225	190	0.397	0.437	814.120	3.755	0
1191	60	228	170	0.632	0.421	812.841	4.013	0	213	194	0.397	0.436	814.120	3.713	0
1211	61	234	207	0.633	0.421	812.841	4.029	0	225	190	0.397	0.436	814.120	3.725	0
1231	62	242	215	0.633	0.421	809.559	4.030	0	220	178	0.397	0.436	819.875	3.762	0
1251	63	247	189	0.633	0.420	809.559	4.013	0	229	147	0.397	0.436	819.875	3.796	0
1271	64	225	179	0.633	0.420	809.559	4.011	0	196	167	0.397	0.435	819.875	3.876	0
1291	65	229	198	0.633	0.420	809.559	4.072	0	204	196	0.398	0.435	819.875	3.925	0
1311	66	247	192	0.633	0.420	809.559	4.056	0	228	184	0.398	0.435	819.875	3.867	0
1331	67	242	194	0.633	0.420	808.657	4.070	0	219	202	0.398	0.435	818.442	3.874	0
1351	68	256	197	0.634	0.419	808.657	4.170	0	231	194	0.398	0.435	818.442	3.933	0
1370	69	265	174	0.634	0.419	808.657	4.348	0	217	194	0.398	0.434	818.442	3.936	0
1390	70	-1280	-1024	0.395	0.435	-1.000	-1.000	4	542	251	0.395	0.435	818.442	4.269	0
1410	71	-1280	-1024	0.393	0.437	-1.000	-1.000	4	810	602	0.393	0.437	818.442	4.121	0
1430	72	-1280	-1024	0.627	0.421	-1.000	-1.000	4	938	637	0.392	0.438	826.146	4.260	0
1450	73	945	586	0.627	0.421	832.704	4.557	0	930	547	0.392	0.438	826.146	4.846	0
1470	74	945	504	0.626	0.421	832.704	5.042	0	886	676	0.392	0.438	826.146	4.264	0
1490	75	929	579	0.627	0.420	832.704	4.794	0	891	649	0.392	0.439	826.146	4.300	0
1510	76	935	641	0.627	0.420	832.704	4.424	0	918	667	0.392	0.439	826.146	4.180	0
1530	77	925	635	0.628	0.420	822.691	4.539	0	927	657	0.394	0.439	824.106	4.154	0
1550	78	907	652	0.629	0.420	822.691	4.362	0	881	682	0.394	0.439	824.106	4.232	0
1570	79	921	667	0.631	0.420	822.691	4.458	0	899	671	0.396	0.439	824.106	4.237	0
1590	80	906	654	0.631	0.420	822.691	4.485	0	890	684	0.396	0.438	824.106	4.251	0
1610	81	900	642	0.632	0.421	822.691	4.465	0	890	695	0.397	0.438	824.106	4.237	0
1630	82	930	642	0.633	0.421	825.916	4.493	0	929	689	0.398	0.438	828.849	4.265	0
1650	83	903	649	0.634	0.422	825.916	4.509	0	902	684	0.399	0.438	828.849	4.380	0
1670	84	979	606	0.634	0.422	825.916	4.524	0	966	654	0.400	0.438	828.849	4.336	0
1689	85	956	608	0.635	0.423	825.916	4.611	0	930	646	0.401	0.439	828.849	4.377	0
1709	86	958	633	0.635	0.423	825.916	4.535	0	924	654	0.402	0.439	828.849	4.391	0
1729	87	950	608	0.636	0.423	828.606	4.582	0	920	651	0.402	0.439	829.990	4.386	0
1749	88	956	612	0.636	0.423	828.606	4.564	0	943	665	0.403	0.439	829.990	4.391	0
1769	89	949	599	0.637	0.423	828.606	4.643	0	946	654	0.403	0.440	829.990	4.416	0
1789	90	963	613	0.637	0.424	828.606	4.655	0	954	650	0.404	0.440	829.990	4.466	0
1809	91	964	613	0.638	0.424	828.606	4.665	0	935	637	0.404	0.440	829.990	4.446	0
1829	92	963	608	0.638	0.424	829.802	4.680	0	939	626	0.405	0.440	834.432	4.496	0
1849	93	948	624	0.639	0.423	829.802	4.622	0	951	643	0.405	0.439	834.432	4.454	0
1869	94	951	624	0.639	0.423	829.802	4.692	0	967	652	0.406	0.438	834.432	4.554	0
1889	95	959	607	0.639	0.423	829.802	4.757	0	949	663	0.406	0.437	834.432	4.479	0
1909	96	-1280	-1024	-1.000	-1.000	-1.000	-1.000	4	-1280	-1024	-1.000	-1.000	-1.000	-1.000	4
1929	97	-1280	-1024	-1.000	-1.000	-1.000	-1.000	4	-1280	-1024	-1.000	-1.000	-1.000	-1.000	4
1949	98	-1280	-1024	-1.000	-1.000	-1.000	-1.000	4	-1280	-1024	-1.000	-1.000	-1.000	-1.000	4
1969	99	-1280	-1024	-1.000	-1.000	-1.000	-1.000	4	-1280	-1024	-1.000	-1.000	-1.000	-1.000	4
1988	100	-1280	-1024	0.412	0.433	-1.000	-1.000	4	-1280	-1024	0.412	0.433	-1.000	-1.000	4
2008	101	335	451	0.646	0.423	832.229	4.572	0	351	267	0.412	0.433	832.229	4.648	0
2028	102	310	272	0.646	0.424	824.966	4.703	0	342	246	0.412	0.433	832.229	5.123	0
2048	103	327	275	0.646	0.424	824.998	4.586	0	341	266	0.412	0.433	832.229	4.529	0
2068	104	306	207	0.646	0.424	824.966	5.026	0	338	256	0.412	0.433	832.229	4.507	0
2088	105	314	182	0.646	0.424	827.096	5.108	0	340	244	0.412	0.433	835.404	4.502	0
2108	106	334	291	0.646	0.424	827.096	4.689	0	337	260	0.412	0.433	835.404	4.607	0
2128	107	344	245	0.647	0.423	827.096	5.379	0	370	239	0.412	0.433	835.404	4.803	0
2148	108	311	284	0.646	0.423	827.096	4.738	0	334	263	0.412	0.432	835.404	4.635	0
2168	109	316	282	0.647	0.423	827.096	4.712	0	367	253	0.412	0.432	835.404	4.631	0
2188	110	321	283	0.648	0.423	825.618	4.890	0	336	251	0.413	0.432	832.072	4.609	0
2208	111	333	281	0.649	0.423	825.618	4.680	0	334	270	0.414	0.432	832.072	4.550	0
2228	112	333	266	0.649	0.423	825.618	4.697	0	328	297	0.414	0.432	832.072	4.624	0
2248	113	345	175	0.649	0.422	825.618	4.739	0	429	214	0.415	0.431	832.072	4.577	0
2268	114	371	72	0.650	0.421	825.618	4.899	0	373	58	0.415	0.430	832.072	4.640	0
2288	115	321	40	0.652	0.422	818.555	4.894	0	418	55	0.417	0.430	823.950	4.585	0
2308	116	367	77	0.653	0.422	818.555	4.816	0	427	115	0.419	0.430	823.950	4.629	0
2327	117	388	105	0.654	0.422	818.555	4.702	0	391	56	0.419	0.430	823.950	4.606	0
2347	118	353	102	0.655	0.422	818.555	4.842	0	415	94	0.420	0.429	823.950	4.557	0
2367	119	368	83	0.656	0.422	818.555	4.894	0	394	83	0.421	0.429	823.950	4.731	0
2387	120	349	92	0.658	0.422	820.474	4.890	0	404	76	0.423	0.430	822.679	4.709	0
2407	121	363	91	0.659	0.422	820.474	4.763	0	394	103	0.424	0.430	822.679	4.603	0
2427	122	362	66	0.659	0.422	820.474	4.929	0	414	134	0.424	0.430	822.679	4.596	0
2447	123	356	78	0.660	0.423	820.474	4.922	0	404	87	0.425	0.430	822.679	4.756	0
2467	124	386	93	0.662	0.423	820.474	4.823	0	387	63	0.426	0.430	822.679	4.651	0
2487	125	392	95	0.663	0.423	816.227	4.885	0	374	76	0.428	0.430	817.088	4.660	0
2507	126	361	98	0.664	0.423	816.227	4.747	0	391	105	0.429	0.430	817.088	4.611	0
2527	127	365	92	0.665	0.423	816.227	4.825	0	379	101	0.429	0.430	817.088	4.675	0
2547	128	382	68	0.665	0.423	816.227	4.843	0	386	82	0.430	0.430	817.088	4.562	0
2567	129	354	60	0.666	0.423	816.227	4.723	0	386	55	0.431	0.430	817.088	4.630	0
2587	130	356	49	0.667	0.423	817.453	4.772	0	387	34	0.432	0.429	821.229	4.659	0
2607	131	380	44	0.668	0.423	817.453	4.875	0	399	50	0.433	0.429	821.229	4.566	0
2627	132	352	59	0.668	0.423	817.453	4.771	0	394	35	0.432	0.429	821.229	4.565	0
2646	133	365	53	0.668	0.423	817.453	4.738	0	376	46	0.433	0.429	821.229	4.583	0
2666	134	371	54	0.668	0.423	817.453	4.666	0	406	7	0.433	0.429	821.229	4.629	0
2686	135	377	63	0.669	0.422	814.622	4.604	0	403	-2	0.434	0.428	821.840	4.641	0
2706	136	360	79	0.670	0.422	814.622	4.712	0	375	72	0.434	0.428	821.840	4.549	0
2726	137	353	72	0.669	0.422	814.622	4.737	0	383	29	0.434	0.428	821.840	4.552	0
2746	138	317	77	0.669	0.422	814.622	4.872	0	314	38	0.434	0.428	821.840	4.527	0
2766	139	321	75	0.669	0.422	814.622	4.763	0	361	54	0.434	0.428	821.840	4.534	0
2786	140	325	74	0.670	0.422	814.242	4.815	0	333	53	0.434	0.428	813.706	4.484	0
2806	141	318	60	0.670	0.422	814.242	4.716	0	337	33	0.434	0.428	813.706	4.541	0
2826	142	339	67	0.669	0.422	814.242	4.691	0	343	45	0.433	0.428	813.706	4.449	0
2846	143	293	64	0.668	0.422	814.242	4.689	0	338	84	0.433	0.428	813.706	4.545	0
2866	144	301	62	0.668	0.422	814.242	4.671	0	365	63	0.433	0.428	813.706	4.618	0
2886	145	307	58	0.669	0.422	817.047	4.679	0	370	68	0.433	0.428	819.550	4.635	0
2906	146	299	76	0.669	0.422	817.047	4.787	0	352	79	0.433	0.428	819.550	4.643	0
2926	147	319	84	0.668	0.422	817.047	4.849	0	332	87	0.433	0.427	819.550	4.702	0
2945	148	300	49	0.668	0.421	817.047	4.851	0	342	68	0.433	0.427	819.550	4.522	0
2965	149	139	68	0.670	0.422	817.047	4.866	0	168	7	0.435	0.427	819.550	4.823	0
2985	150	76	77	0.672	0.422	809.772	4.830	0	116	0	0.436	0.427	818.125	4.814	0
3005	151	84	99	0.672	0.422	809.772	4.752	0	103	64	0.437	0.426	818.125	4.784	0
3025	152	100	98	0.672	0.422	809.772	4.835	0	86	68	0.436	0.426	818.125	4.733	0
3045	153	77	93	0.672	0.422	809.772	4.783	0	113	62	0.437	0.426	818.125	4.683	0
3065	154	87	90	0.672	0.422	809.772	4.824	0	96	77	0.437	0.426	818.125	4.689	0
3085	155	74	86	0.674	0.422	809.998	4.804	0	109	86	0.438	0.426	814.869	4.676	0
3105	156	93	98	0.674	0.422	809.998	4.789	0	124	95	0.439	0.426	814.869	4.670	0
3125	157	94	94	0.675	0.422	809.998	4.923	0	93	78	0.439	0.426	814.869	4.713	0
3145	158	75	94	0.675	0.422	809.998	4.827	0	125	100	0.440	0.426	814.869	4.702	0
3165	159	92	111	0.675	0.422	809.998	4.893	0	88	77	0.440	0.426	814.869	4.700	0
3185	160	88	108	0.676	0.422	810.784	4.856	0	94	84	0.440	0.426	815.399	4.700	0
3205	161	89	89	0.676	0.422	810.784	4.963	0	107	61	0.440	0.426	815.399	4.718	0
3225	162	40	92	0.676	0.422	810.784	4.934	0	71	73	0.441	0.426	815.399	4.722	0
3245	163	43	108	0.677	0.422	810.784	4.874	0	68	78	0.441	0.426	815.399	4.725	0
3265	164	45	102	0.677	0.422	810.784	4.977	0	48	58	0.441	0.426	815.399	4.708	0
3284	165	49	113	0.677	0.422	809.462	4.941	0	45	63	0.442	0.426	816.608	4.717	0
3304	166	56	112	0.677	0.422	809.462	4.917	0	45	79	0.442	0.426	816.608	4.732	0
3324	167	39	121	0.678	0.422	809.462	4.963	0	82	66	0.443	0.426	816.608	4.743	0
3344	168	34	116	0.678	0.422	809.462	4.977	0	64	75	0.443	0.425	816.608	4.803	0
3364	169	51	115	0.679	0.422	809.462	4.978	0	77	59	0.444	0.425	816.608	4.727	0
3384	170	40	118	0.679	0.422	809.892	4.982	0	80	64	0.444	0.425	815.022	4.738	0
3404	171	42	100	0.680	0.422	809.892	4.936	0	71	61	0.445	0.425	815.022	4.754	0
3424	172	47	109	0.681	0.422	809.892	4.877	0	82	73	0.446	0.425	815.022	4.718	0
3444	173	48	99	0.682	0.422	809.892	4.873	0	61	49	0.447	0.425	815.022	4.771	0
3464	174	57	108	0.682	0.422	809.892	4.880	0	89	49	0.447	0.425	815.022	4.686	0
3484	175	60	103	0.683	0.422	810.807	4.886	0	91	57	0.448	0.425	810.978	4.670	0
3504	176	50	102	0.684	0.422	810.807	4.831	0	98	96	0.449	0.425	810.978	4.571	0
3524	177	59	98	0.685	0.422	810.807	4.798	0	89	86	0.450	0.424	810.978	4.677	0
3544	178	41	93	0.686	0.422	810.807	4.873	0	62	75	0.451	0.424	810.978	4.661	0
3564	179	63	113	0.687	0.422	810.807	4.832	0	106	80	0.452	0.424	810.978	4.591	0
3584	180	55	103	0.688	0.422	813.578	4.850	0	101	77	0.453	0.424	812.247	4.649	0
3604	181	49	113	0.689	0.422	813.578	4.871	0	86	91	0.454	0.424	812.247	4.598	0
3623	182	47	91	0.690	0.422	813.578	4.803	0	87	96	0.455	0.424	812.247	4.542	0
3643	183	64	85	0.691	0.422	813.578	4.748	0	100	110	0.456	0.424	812.247	4.518	0
3663	184	201	74	0.691	0.422	813.578	4.776	0	240	78	0.456	0.424	812.247	4.618	0
3683	185	216	72	0.692	0.423	810.100	4.730	0	259	78	0.457	0.424	814.654	4.599	0
3703	186	213	99	0.692	0.423	810.100	4.760	0	238	76	0.457	0.424	814.654	4.485	0
3723	187	220	106	0.693	0.423	810.100	4.783	0	216	76	0.458	0.424	814.654	4.524	0
3743	188	202	104	0.694	0.423	810.100	4.764	0	231	54	0.458	0.424	814.654	4.564	0
3763	189	188	115	0.694	0.423	810.100	4.766	0	252	80	0.459	0.424	814.654	4.638	0
3783	190	185	111	0.695	0.423	812.981	4.784	0	245	65	0.459	0.423	817.202	4.695	0
3803	191	178	72	0.695	0.423	812.981	4.878	0	230	59	0.460	0.423	817.202	4.631	0
3823	192	211	98	0.695	0.423	812.981	4.820	0	238	58	0.460	0.423	817.202	4.651	0
3843	193	188	102	0.696	0.423	812.981	4.870	0	224	29	0.461	0.423	817.202	4.594	0
3863	194	196	90	0.696	0.423	812.981	4.902	0	221	60	0.461	0.423	817.202	4.686	0
3883	195	199	99	0.696	0.423	808.590	4.862	0	223	55	0.461	0.423	816.413	4.674	0
3903	196	191	105	0.697	0.423	808.590	4.859	0	236	69	0.462	0.423	816.413	4.657	0
3923	197	211	103	0.697	0.423	808.590	4.796	0	243	77	0.462	0.423	816.413	4.599	0
3942	198	192	94	0.697	0.423	808.590	4.889	0	229	79	0.462	0.423	816.413	4.644	0
3962	199	204	117	0.697	0.423	808.590	4.811	0	224	68	0.462	0.423	816.413	4.704	0
3982	200	209	109	0.698	0.423	811.723	4.865	0	224	80	0.462	0.423	812.796	4.670	0
4002	201	179	217	0.698	0.424	811.723	4.917	0	200	238	0.463	0.424	812.796	4.647	0
4022	202	195	227	0.698	0.424	811.723	4.877	0	214	234	0.463	0.424	812.796	4.609	0
4042	203	178	225	0.698	0.425	811.723	4.925	0	222	218	0.463	0.424	812.796	4.645	0
4062	204	189	252	0.698	0.425	811.723	4.855	0	213	202	0.463	0.424	812.796	4.701	0
4082	205	184	256	0.698	0.425	813.128	4.871	0	217	177	0.463	0.424	820.600	4.740	0
4102	206	203	232	0.698	0.425	813.128	4.995	0	244	214	0.463	0.424	820.600	4.801	0
4122	207	216	244	0.697	0.425	813.128	4.945	0	234	199	0.462	0.424	820.600	4.859	0
4142	208	179	203	0.696	0.425	813.128	4.960	0	212	221	0.461	0.424	820.600	4.840	0
4162	209	195	236	0.696	0.425	813.128	4.959	0	220	188	0.461	0.424	820.600	4.721	0
4182	210	175	231	0.697	0.425	813.087	4.957	0	210	195	0.462	0.424	818.914	4.729	0
4202	211	172	194	0.696	0.425	813.087	4.904	0	217	203	0.461	0.424	818.914	4.721	0
4222	212	207	224	0.696	0.424	813.087	4.858	0	191	192	0.461	0.424	818.914	4.711	0
4241	213	182	207	0.695	0.424	813.087	4.882	0	221	220	0.460	0.424	818.914	4.726	0
4261	214	379	445	0.693	0.426	813.087	4.853	0	411	448	0.459	0.426	818.914	4.871	0
4281	215	404	462	0.692	0.427	822.100	4.912	0	427	459	0.458	0.428	825.313	4.920	0
4301	216	385	573	0.692	0.427	822.100	4.829	0	404	582	0.457	0.428	825.313	4.743	0
4321	217	372	578	0.691	0.427	822.100	4.807	0	413	601	0.456	0.428	825.313	4.738	0
4341	218	384	593	0.690	0.427	822.100	4.833	0	407	590	0.455	0.428	825.313	4.740	0
4361	219	385	603	0.689	0.427	822.100	4.831	0	392	610	0.455	0.429	825.313	4.719	0
4381	220	385	613	0.689	0.427	821.406	4.823	0	394	609	0.454	0.429	826.408	4.721	0
4401	221	386	620	0.688	0.427	821.406	4.753	0	391	586	0.453	0.429	826.408	4.704	0
4421	222	387	617	0.687	0.427	821.406	4.794	0	402	595	0.452	0.429	826.408	4.683	0
4441	223	378	600	0.687	0.426	821.406	4.722	0	406	604	0.452	0.429	826.408	4.677	0
4461	224	364	604	0.686	0.427	821.406	4.751	0	416	602	0.451	0.429	826.408	4.632	0
4481	225	362	610	0.686	0.427	819.502	4.743	0	425	600	0.451	0.429	825.692	4.610	0
4501	226	389	608	0.685	0.426	819.502	4.704	0	407	598	0.450	0.429	825.692	4.585	0
4521	227	386	606	0.685	0.426	819.502	4.732	0	394	587	0.450	0.429	825.692	4.618	0
4541	228	392	613	0.685	0.426	819.502	4.752	0	407	610	0.449	0.429	825.692	4.602	0
4560	229	381	612	0.684	0.426	819.502	4.755	0	411	595	0.449	0.429	825.692	4.597	0
4580	230	380	611	0.684	0.426	822.464	4.774	0	408	593	0.448	0.429	826.693	4.616	0
4600	231	300	686	0.684	0.426	822.464	4.721	0	287	676	0.449	0.430	826.693	4.655	0
4620	232	98	870	0.685	0.428	822.464	4.592	0	116	849	0.450	0.431	826.693	4.494	0
4640	233	91	937	0.685	0.429	822.464	4.609	0	110	906	0.450	0.432	826.693	4.495	0
4660	234	92	931	0.684	0.429	822.464	4.626	0	123	900	0.450	0.432	826.693	4.450	0
4680	235	107	929	0.684	0.429	812.110	4.585	0	135	897	0.449	0.432	819.197	4.397	0
4700	236	105	929	0.684	0.429	812.110	4.519	0	124	906	0.449	0.432	819.197	4.450	0
4720	237	110	935	0.683	0.429	812.110	4.517	0	155	905	0.448	0.432	819.197	4.400	0
4740	238	128	926	0.683	0.429	812.110	4.466	0	126	929	0.448	0.432	819.197	4.365	0
4760	239	116	923	0.682	0.429	812.110	4.498	0	137	937	0.447	0.432	819.197	4.434	0
4780	240	122	921	0.682	0.429	813.261	4.489	0	145	944	0.447	0.432	820.014	4.403	0
4800	241	114	927	0.682	0.429	813.261	4.456	0	114	918	0.446	0.432	820.014	4.286	0
4820	242	141	933	0.681	0.428	813.261	4.490	0	154	892	0.446	0.432	820.014	4.321	0
4840	243	438	789	0.678	0.427	813.261	4.574	0	538	764	0.442	0.431	820.014	4.424	0
4860	244	734	712	0.675	0.426	813.261	4.537	0	740	719	0.440	0.430	820.014	4.407	0
4879	245	865	646	0.674	0.426	824.732	4.645	0	897	667	0.439	0.430	824.047	4.412	0
4899	246	842	716	0.673	0.426	824.732	4.588	0	813	756	0.438	0.431	824.047	4.326	0
4919	247	812	714	0.673	0.426	824.732	4.529	0	801	729	0.438	0.431	824.047	4.390	0
4939	248	832	722	0.673	0.426	824.732	4.567	0	809	731	0.438	0.431	824.047	4.358	0
4959	249	838	745	0.673	0.426	824.732	4.571	0	808	734	0.437	0.431	824.047	4.355	0
4979	250	827	751	0.673	0.426	822.323	4.562	0	811	735	0.437	0.431	825.102	4.357	0
4999	251	819	742	0.672	0.426	822.323	4.506	0	807	724	0.437	0.431	825.102	4.383	0
5019	252	816	746	0.672	0.426	822.323	4.539	0	805	728	0.437	0.431	825.102	4.345	0
5039	253	860	700	0.672	0.425	822.323	4.508	0	845	729	0.436	0.431	825.102	4.345	0
5059	254	947	620	0.671	0.425	822.323	4.565	0	939	617	0.435	0.430	825.102	4.305	0
5079	255	969	595	0.670	0.425	825.973	4.582	0	957	614	0.435	0.430	822.053	4.276	0
5099	256	962	619	0.670	0.425	825.973	4.612	0	949	625	0.435	0.430	822.053	4.296	0
5119	257	952	632	0.670	0.425	825.973	4.611	0	933	626	0.435	0.430	822.053	4.336	0
5139	258	977	633	0.670	0.425	825.973	4.577	0	938	624	0.435	0.430	822.053	4.325	0
5159	259	973	631	0.670	0.425	825.973	4.562	0	944	618	0.435	0.430	822.053	4.356	0
5179	260	973	634	0.670	0.425	824.347	4.539	0	944	614	0.435	0.430	823.741	4.368	0
5198	261	949	616	0.670	0.424	824.347	4.575	0	961	598	0.435	0.430	823.741	4.334	0
5218	262	959	618	0.670	0.424	824.347	4.523	0	946	616	0.435	0.430	823.741	4.294	0
5238	263	971	611	0.670	0.424	824.347	4.496	0	954	605	0.435	0.430	823.741	4.286	0
5258	264	966	598	0.670	0.424	824.347	4.559	0	960	611	0.435	0.430	823.741	4.265	0
5278	265	971	597	0.670	0.424	823.555	4.520	0	952	608	0.435	0.430	821.830	4.242	0
5298	266	958	603	0.670	0.424	823.555	4.536	0	962	624	0.435	0.430	821.830	4.293	0
5318	267	889	632	0.671	0.424	823.555	4.554	0	884	603	0.435	0.430	821.830	4.269	0
5338	268	527	583	0.674	0.424	823.555	4.483	0	578	611	0.438	0.430	821.830	4.457	0
5358	269	358	596	0.675	0.425	823.555	4.479	0	371	583	0.440	0.430	821.830	4.399	0
5378	270	190	593	0.675	0.425	821.728	4.465	0	200	567	0.440	0.430	826.738	4.470	0
5398	271	353	595	0.675	0.425	821.728	4.522	0	376	541	0.440	0.430	826.738	4.558	0
5418	272	352	598	0.677	0.425	821.728	4.430	0	391	609	0.441	0.430	826.738	4.548	0
5438	273	370	596	0.677	0.425	821.728	4.412	0	353	579	0.441	0.430	826.738	4.427	0
5458	274	388	591	0.675	0.425	821.728	4.382	0	387	594	0.440	0.430	826.738	4.477	0
5478	275	440	596	0.676	0.425	818.667	4.344	0	433	583	0.440	0.430	824.981	4.444	0
5498	276	365	585	0.676	0.425	818.667	4.527	0	381	593	0.440	0.430	824.981	4.492	0
5517	277	366	602	0.676	0.425	818.667	4.437	0	363	612	0.440	0.430	824.981	4.394	0
5537	278	367	603	0.676	0.425	818.667	4.401	0	369	598	0.441	0.430	824.981	4.453	0
5557	279	228	366	0.677	0.423	818.667	4.359	0	288	376	0.441	0.428	824.981	4.510	0
5577	280	220	365	0.677	0.422	814.110	4.298	0	276	371	0.442	0.427	821.273	4.457	0
5597	281	186	224	0.677	0.422	814.110	4.351	0	213	215	0.442	0.427	821.273	4.259	0
5617	282	179	226	0.677	0.422	814.110	4.325	0	211	155	0.442	0.427	821.273	4.235	0
5637	283	189	213	0.677	0.422	814.110	4.424	0	228	177	0.442	0.427	821.273	4.249	0
5657	284	215	204	0.677	0.422	814.110	4.336	0	207	154	0.441	0.427	821.273	4.235	0
5677	285	215	196	0.677	0.422	815.984	4.356	0	209	163	0.441	0.427	820.652	4.236	0
5697	286	215	201	0.677	0.422	815.984	4.321	0	227	178	0.441	0.427	820.652	4.219	0
5717	287	191	189	0.676	0.422	815.984	4.313	0	209	177	0.441	0.427	820.652	4.188	0
5737	288	221	210	0.676	0.422	815.984	4.345	0	208	174	0.440	0.427	820.652	4.217	0
5757	289	218	201	0.676	0.422	815.984	4.419	0	236	221	0.440	0.428	820.652	4.272	0
5777	290	213	198	0.676	0.423	817.234	4.438	0	230	220	0.440	0.428	822.307	4.277	0
5797	291	218	195	0.675	0.423	817.234	4.525	0	207	179	0.440	0.428	822.307	4.183	0
5817	292	210	193	0.674	0.423	817.234	4.332	0	217	151	0.439	0.428	822.307	4.281	0
5836	293	198	212	0.674	0.423	817.234	4.434	0	225	162	0.438	0.428	822.307	4.442	0
5856	294	208	203	0.674	0.423	817.234	4.379	0	216	161	0.438	0.428	822.307	4.317	0
5876	295	205	215	0.674	0.423	813.799	4.411	0	219	166	0.438	0.428	820.187	4.371	0
5896	296	204	225	0.674	0.423	813.799	4.467	0	233	154	0.438	0.428	820.187	4.172	0
5916	297	223	231	0.673	0.423	813.799	4.443	0	211	119	0.437	0.428	820.187	4.178	0
5936	298	195	218	0.673	0.423	813.799	4.290	0	240	124	0.437	0.428	820.187	4.242	0
5956	299	102	209	0.673	0.423	813.799	4.336	0	105	140	0.437	0.428	820.187	4.191	0
5976	300	55	213	0.674	0.423	809.821	4.292	0	84	136	0.439	0.428	813.954	4.184	0
5996	301	59	199	0.674	0.423	809.821	4.364	0	43	169	0.438	0.428	813.954	4.102	0
6016	302	46	220	0.673	0.423	809.821	4.366	0	35	162	0.437	0.428	813.954	4.180	0
6036	303	50	212	0.672	0.423	809.821	4.366	0	53	175	0.437	0.429	813.954	4.148	0
6056	304	76	194	0.672	0.423	809.821	4.375	0	18	156	0.436	0.429	813.954	4.175	0
6076	305	86	200	0.673	0.423	811.342	4.385	0	18	160	0.437	0.429	813.351	4.160	0
6096	306	48	171	0.672	0.424	811.342	4.375	0	32	168	0.436	0.429	813.351	4.173	0
6116	307	22	186	0.672	0.424	811.342	4.377	0	46	162	0.436	0.429	813.351	4.081	0
6136	308	46	172	0.672	0.424	811.342	4.405	0	39	161	0.436	0.429	813.351	4.149	0
6155	309	46	186	0.671	0.424	811.342	4.364	0	32	153	0.435	0.429	813.351	4.099	0
6175	310	41	182	0.671	0.423	810.779	4.369	0	27	150	0.435	0.429	813.751	4.129	0
6195	311	43	176	0.671	0.423	810.779	4.389	0	36	159	0.435	0.429	813.751	4.188	0
6215	312	45	199	0.670	0.423	810.779	4.404	0	48	153	0.435	0.429	813.751	4.192	0
6235	313	102	93	0.670	0.422	810.779	4.406	0	153	78	0.434	0.428	813.751	4.184	0
6255	314	116	92	0.669	0.422	810.779	4.460	0	121	56	0.434	0.428	813.751	4.164	0
6275	315	133	94	0.669	0.422	809.524	4.466	0	151	35	0.434	0.428	816.286	4.175	0
6295	316	88	77	0.669	0.422	809.524	4.413	0	109	33	0.433	0.428	816.286	4.209	0
6315	317	83	93	0.669	0.422	809.524	4.444	0	99	49	0.433	0.428	816.286	4.177	0
6335	318	94	75	0.669	0.422	809.524	4.502	0	108	71	0.433	0.429	816.286	4.160	0
6355	319	92	64	0.669	0.422	809.524	4.428	0	119	91	0.433	0.429	816.286	4.231	0
6375	320	91	73	0.669	0.422	806.666	4.444	0	116	109	0.433	0.429	816.072	4.212	0
6395	321	98	78	0.669	0.422	806.666	4.486	0	107	78	0.433	0.429	816.072	4.235	0
6415	322	96	80	0.669	0.422	806.666	4.485	0	104	81	0.433	0.429	816.072	4.271	0
6435	323	115	74	0.669	0.423	806.666	4.493	0	104	42	0.433	0.429	816.072	4.247	0
6455	324	103	82	0.670	0.423	806.666	4.457	0	98	49	0.434	0.429	816.072	4.253	0
6474	325	100	67	0.670	0.423	811.713	4.484	0	104	53	0.434	0.429	810.357	4.230	0
6494	326	90	92	0.670	0.423	811.713	4.498	0	134	66	0.434	0.429	810.357	4.256	0
6514	327	84	93	0.670	0.423	811.713	4.559	0	122	72	0.434	0.429	810.357	4.224	0
6534	328	100	109	0.670	0.423	811.713	4.472	0	102	46	0.434	0.429	810.357	4.231	0
6554	329	89	117	0.670	0.423	811.713	4.474	0	118	54	0.434	0.429	810.357	4.276	0
6574	330	98	135	0.670	0.423	806.782	4.450	0	111	49	0.434	0.429	810.663	4.265	0
6594	331	51	106	0.671	0.423	806.782	4.390	0	58	77	0.435	0.429	810.663	4.202	0
6614	332	53	111	0.671	0.423	806.782	4.463	0	78	65	0.435	0.429	810.663	4.167	0
6634	333	60	123	0.671	0.423	806.782	4.406	0	72	46	0.435	0.429	810.663	4.209	0
6654	334	54	116	0.671	0.423	806.782	4.478	0	79	76	0.435	0.429	810.663	4.203	0
6674	335	56	123	0.671	0.423	805.880	4.459	0	72	64	0.435	0.429	810.491	4.195	0
6694	336	49	97	0.671	0.423	805.880	4.482	0	91	77	0.435	0.429	810.491	4.196	0
6714	337	58	130	0.671	0.423	805.880	4.447	0	93	75	0.435	0.429	810.491	4.225	0
6734	338	43	106	0.671	0.424	805.880	4.480	0	86	78	0.435	0.430	810.491	4.193	0
6754	339	40	107	0.671	0.424	805.880	4.475	0	81	58	0.435	0.430	810.491	4.204	0
6774	340	39	103	0.671	0.424	808.100	4.478	0	80	54	0.435	0.430	811.460	4.217	0
6793	341	55	116	0.671	0.424	808.100	4.449	0	54	41	0.435	0.430	811.460	4.224	0
6813	342	67	106	0.671	0.424	808.100	4.484	0	71	66	0.435	0.430	811.460	4.200	0
6833	343	85	116	0.671	0.424	808.100	4.502	0	48	74	0.434	0.430	811.460	4.196	0
6853	344	48	116	0.670	0.424	808.100	4.509	0	84	72	0.434	0.430	811.460	4.287	0
6873	345	58	110	0.669	0.424	809.597	4.525	0	85	75	0.433	0.430	812.842	4.286	0
6893	346	193	85	0.669	0.424	809.597	4.497	0	228	69	0.433	0.430	812.842	4.254	0
6913	347	196	72	0.669	0.424	809.597	4.490	0	210	60	0.433	0.430	812.842	4.231	0
6933	348	219	85	0.669	0.423	809.597	4.472	0	213	90	0.433	0.430	812.842	4.294	0
6953	349	223	81	0.669	0.423	809.597	4.524	0	221	92	0.433	0.430	812.842	4.300	0
6973	350	232	87	0.669	0.423	805.585	4.496	0	221	81	0.432	0.430	818.226	4.334	0
6993	351	222	92	0.669	0.423	805.585	4.519	0	222	55	0.432	0.430	818.226	4.298	0
7013	352	222	83	0.669	0.423	805.585	4.508	0	216	67	0.432	0.430	818.226	4.354	0
7033	353	-1280	-1024	0.433	0.430	-1.000	-1.000	4	159	75	0.433	0.430	818.226	4.274	0
7053	354	114	79	0.669	0.423	805.585	4.610	0	95	76	0.433	0.430	818.226	4.287	0
7073	355	112	75	0.669	0.423	806.971	4.618	0	73	87	0.433	0.430	815.089	4.278	0
7092	356	91	71	0.669	0.423	806.971	4.557	0	102	67	0.433	0.430	815.089	4.269	0
7112	357	89	98	0.669	0.423	806.971	4.588	0	102	74	0.433	0.429	815.089	4.313	0
7132	358	88	82	0.670	0.423	806.971	4.572	0	105	94	0.433	0.430	815.089	4.254	0
7152	359	91	92	0.670	0.423	806.971	4.593	0	82	71	0.433	0.430	815.089	4.353	0
7172	360	91	86	0.670	0.423	806.823	4.588	0	84	76	0.434	0.430	815.778	4.351	0
7192	361	79	97	0.670	0.423	806.823	4.569	0	105	66	0.434	0.430	815.778	4.333	0
7212	362	96	97	0.670	0.424	806.823	4.562	0	120	84	0.434	0.430	815.778	4.365	0
7232	363	45	99	0.670	0.424	806.823	4.527	0	65	33	0.434	0.430	815.778	4.374	0
7252	364	45	107	0.670	0.423	806.823	4.585	0	80	58	0.434	0.430	815.778	4.371	0
7272	365	45	110	0.671	0.423	806.360	4.572	0	67	58	0.434	0.430	813.815	4.358	0
7292	366	61	95	0.671	0.423	806.360	4.652	0	94	58	0.435	0.429	813.815	4.438	0
7312	367	64	102	0.671	0.423	806.360	4.640	0	67	52	0.435	0.429	813.815	4.331	0
7332	368	69	103	0.671	0.423	806.360	4.556	0	82	48	0.435	0.429	813.815	4.422	0
7352	369	68	109	0.671	0.423	806.360	4.538	0	68	46	0.435	0.429	813.815	4.459	0
7372	370	70	110	0.671	0.423	807.375	4.525	0	71	41	0.435	0.430	815.640	4.440	0
7392	371	54	91	0.671	0.423	807.375	4.595	0	93	60	0.434	0.430	815.640	4.376	0
7411	372	43	91	0.671	0.423	807.375	4.589	0	94	58	0.434	0.430	815.640	4.496	0
7431	373	46	75	0.670	0.423	807.375	4.516	0	90	55	0.434	0.430	815.640	4.368	0
7451	374	60	74	0.670	0.424	807.375	4.574	0	76	52	0.434	0.430	815.640	4.420	0
7471	375	54	67	0.670	0.423	809.005	4.561	0	84	63	0.434	0.430	810.938	4.426	0
7491	376	119	75	0.668	0.423	809.005	4.555	0	156	89	0.432	0.430	810.938	4.403	0
7511	377	300	67	0.665	0.422	809.005	4.558	0	376	75	0.429	0.431	810.938	4.389	0
7531	378	303	56	0.664	0.422	809.005	4.510	0	328	51	0.428	0.431	810.938	4.313	0
7551	379	310	77	0.662	0.421	809.005	4.528	0	349	57	0.427	0.431	810.938	4.321	0
7571	380	306	64	0.661	0.420	809.984	4.520	0	328	51	0.425	0.431	814.902	4.350	0
7591	381	323	53	0.660	0.420	809.984	4.523	0	334	22	0.424	0.431	814.902	4.532	0
7611	382	307	62	0.658	0.419	809.984	4.531	0	322	42	0.422	0.431	814.902	4.453	0
7631	383	300	59	0.657	0.419	809.984	4.544	0	328	38	0.422	0.431	814.902	4.338	0
7651	384	305	68	0.657	0.419	809.984	4.455	0	315	21	0.421	0.431	814.902	4.320	0
7671	385	300	60	0.657	0.419	813.348	4.475	0	314	31	0.422	0.431	814.872	4.301	0
7691	386	319	78	0.657	0.419	813.348	4.553	0	319	35	0.421	0.431	814.872	4.296	0
7711	387	300	72	0.657	0.419	813.348	4.588	0	339	41	0.421	0.431	814.872	4.308	0
7730	388	316	81	0.657	0.419	813.348	4.495	0	346	45	0.421	0.431	814.872	4.315	0
7750	389	322	61	0.657	0.419	813.348	4.450	0	339	46	0.421	0.431	814.872	4.282	0
7770	390	319	64	0.656	0.419	811.436	4.425	0	337	29	0.420	0.431	821.720	4.324	0
7790	391	305	57	0.656	0.419	811.436	4.555	0	332	1	0.420	0.431	821.720	4.344	0
7810	392	302	61	0.656	0.419	811.436	4.502	0	330	29	0.420	0.431	821.720	4.328	0
7830	393	488	23	0.655	0.419	811.436	4.559	0	520	2	0.419	0.431	821.720	4.366	0
7850	394	461	4	0.655	0.419	811.436	4.565	0	506	9	0.419	0.431	821.720	4.332	0
7870	395	434	-18	0.655	0.419	812.718	4.560	0	488	14	0.419	0.431	820.912	4.342	0
7890	396	491	12	0.655	0.419	812.718	4.519	0	520	-39	0.419	0.431	820.912	4.327	0
7910	397	479	2	0.654	0.419	812.718	4.615	0	506	-3	0.418	0.430	820.912	4.268	0
7930	398	479	29	0.654	0.418	812.718	4.532	0	485	-4	0.417	0.430	820.912	4.286	0
7950	399	481	17	0.653	0.418	812.718	4.603	0	524	-21	0.417	0.430	820.912	4.379	0
7970	400	480	11	0.654	0.418	816.256	4.591	0	519	20	0.418	0.430	812.906	4.317	0
7990	401	476	3	0.654	0.418	816.256	4.644	0	522	0	0.418	0.430	812.906	4.253	0
8010	402	491	32	0.653	0.418	816.256	4.463	0	515	-3	0.417	0.430	812.906	4.125	0
8030	403	471	66	0.653	0.418	816.256	4.502	0	519	-16	0.417	0.430	812.906	4.238	0
8050	404	473	17	0.653	0.418	816.256	4.520	0	522	15	0.417	0.430	812.906	4.212	0
8070	405	477	45	0.654	0.418	814.865	4.530	0	526	6	0.418	0.430	814.955	4.184	0
8089	406	491	-2	0.654	0.418	814.865	4.517	0	501	-2	0.418	0.430	814.955	4.292	0
8109	407	490	6	0.654	0.419	814.865	4.472	0	495	-28	0.418	0.430	814.955	4.163	0
8129	408	542	-3	0.653	0.419	814.865	4.384	0	603	19	0.417	0.430	814.955	4.168	0
8149	409	664	-30	0.652	0.419	814.865	4.419	0	696	-8	0.416	0.431	814.955	4.255	0
8169	410	636	-36	0.653	0.419	817.271	4.384	0	685	-23	0.417	0.430	819.613	4.212	0
8189	411	675	-25	0.654	0.419	817.271	4.488	0	690	25	0.418	0.431	819.613	4.274	0
8209	412	711	-31	0.653	0.419	817.271	4.339	0	671	-1	0.417	0.430	819.613	4.236	0
8229	413	678	-15	0.653	0.419	817.271	4.486	0	663	-19	0.417	0.430	819.613	4.237	0
8249	414	669	-29	0.653	0.419	817.271	4.570	0	697	-18	0.417	0.430	819.613	4.204	0
8269	415	660	-17	0.654	0.419	814.921	4.527	0	697	4	0.418	0.430	811.729	4.154	0
8289	416	685	11	0.654	0.419	814.921	4.371	0	676	5	0.418	0.430	811.729	4.154	0
8309	417	675	20	0.655	0.419	814.921	4.464	0	671	10	0.419	0.430	811.729	4.224	0
8329	418	671	10	0.655	0.419	814.921	4.359	0	681	24	0.419	0.430	811.729	4.124	0
8349	419	668	-15	0.655	0.419	814.921	4.315	0	684	3	0.419	0.430	811.729	4.164	0
8369	420	665	-15	0.655	0.419	814.998	4.331	0	686	5	0.419	0.430	813.046	4.181	0
8388	421	662	-43	0.655	0.419	814.998	4.394	0	678	-7	0.419	0.430	813.046	4.214	0
8408	422	675	-7	0.656	0.419	814.998	4.266	0	677	2	0.420	0.430	813.046	4.163	0
8428	423	687	17	0.656	0.419	814.998	4.312	0	692	-14	0.420	0.430	813.046	4.212	0
8448	424	679	-10	0.657	0.419	814.998	4.360	0	677	-6	0.420	0.430	813.046	4.161	0
8468	425	683	-8	0.656	0.419	816.642	4.313	0	681	-16	0.420	0.430	817.114	4.198	0
8488	426	710	5	0.656	0.419	816.642	4.443	0	683	-5	0.420	0.430	817.114	4.138	0
8508	427	664	14	0.657	0.419	816.642	4.449	0	678	10	0.421	0.430	817.114	4.104	0
8528	428	600	7	0.658	0.419	816.642	4.470	0	601	-18	0.422	0.430	817.114	4.328	0
8548	429	270	-17	0.661	0.420	816.642	4.522	0	332	-30	0.424	0.429	817.114	4.273	0
8568	430	225	3	0.662	0.420	808.593	4.493	0	304	-30	0.426	0.429	817.728	4.326	0
8588	431	162	-6	0.662	0.420	808.593	4.491	0	171	-32	0.426	0.429	817.728	4.380	0
8608	432	153	26	0.662	0.420	808.593	4.555	0	185	-7	0.426	0.429	817.728	4.388	0
8628	433	136	13	0.662	0.420	808.593	4.436	0	188	-18	0.426	0.429	817.728	4.233	0
8648	434	168	-2	0.662	0.420	808.593	4.442	0	186	-22	0.426	0.429	817.728	4.329	0
8668	435	171	24	0.663	0.420	804.032	4.423	0	189	3	0.427	0.429	811.847	4.259	0
8688	436	170	12	0.663	0.420	804.032	4.375	0	177	-7	0.427	0.429	811.847	4.292	0
8707	437	130	8	0.663	0.420	804.032	4.480	0	169	-15	0.427	0.429	811.847	4.212	0
8727	438	134	-5	0.663	0.420	804.032	4.449	0	164	-25	0.427	0.429	811.847	4.260	0
8747	439	133	0	0.663	0.420	804.032	4.441	0	177	0	0.427	0.429	811.847	4.292	0
8767	440	130	-16	0.663	0.420	808.228	4.456	0	172	-4	0.426	0.429	811.233	4.261	0
8787	441	139	18	0.662	0.420	808.228	4.496	0	165	-4	0.426	0.430	811.233	4.218	0
8807	442	138	-6	0.662	0.420	808.228	4.482	0	142	-10	0.426	0.430	811.233	4.308	0
8827	443	155	-3	0.662	0.421	808.228	4.526	0	164	5	0.426	0.430	811.233	4.315	0
8847	444	211	15	0.662	0.421	808.228	4.523	0	220	-2	0.426	0.430	811.233	4.334	0
8867	445	221	3	0.662	0.421	808.094	4.519	0	219	-11	0.426	0.430	816.405	4.371	0
8887	446	218	5	0.662	0.421	808.094	4.519	0	234	-3	0.425	0.430	816.405	4.344	0
8907	447	227	12	0.662	0.420	808.094	4.541	0	233	-27	0.425	0.430	816.405	4.414	0
8927	448	200	14	0.661	0.420	808.094	4.553	0	238	-9	0.425	0.430	816.405	4.333	0
8947	449	209	19	0.661	0.420	808.094	4.522	0	213	-7	0.425	0.430	816.405	4.358	0
8967	450	205	17	0.661	0.420	810.228	4.548	0	214	-14	0.425	0.430	815.875	4.371	0
8987	451	218	3	0.661	0.420	810.228	4.611	0	235	-10	0.425	0.430	815.875	4.353	0
9007	452	200	0	0.660	0.420	810.228	4.669	0	234	-15	0.424	0.430	815.875	4.401	0
9026	453	204	12	0.660	0.421	810.228	4.643	0	235	-4	0.424	0.430	815.875	4.341	0
9046	454	198	10	0.660	0.421	810.228	4.615	0	219	17	0.424	0.430	815.875	4.287	0
9066	455	193	16	0.660	0.421	807.401	4.621	0	218	11	0.424	0.430	819.399	4.309	0
9086	456	220	20	0.660	0.421	807.401	4.500	0	234	-22	0.424	0.430	819.399	4.461	0
9106	457	224	22	0.660	0.421	807.401	4.531	0	220	-6	0.424	0.430	819.399	4.360	0
9126	458	240	-1	0.660	0.421	807.401	4.577	0	274	-3	0.423	0.430	819.399	4.342	0
9146	459	303	43	0.659	0.420	807.401	4.560	0	315	-16	0.423	0.431	819.399	4.378	0
9166	460	317	41	0.659	0.420	806.789	4.581	0	331	-6	0.423	0.431	818.904	4.375	0
9186	461	331	35	0.659	0.420	806.789	4.528	0	320	0	0.423	0.431	818.904	4.331	0
9206	462	308	24	0.659	0.420	806.789	4.575	0	329	-15	0.423	0.431	818.904	4.324	0
9226	463	322	26	0.659	0.421	806.789	4.510	0	349	-12	0.423	0.431	818.904	4.298	0
9246	464	347	12	0.659	0.421	806.789	4.438	0	347	-34	0.423	0.431	818.904	4.297	0
9266	465	341	5	0.659	0.421	808.240	4.445	0	347	-32	0.423	0.431	816.026	4.282	0
9286	466	346	18	0.659	0.421	808.240	4.443	0	338	34	0.423	0.431	816.026	4.293	0
9306	467	318	18	0.660	0.421	808.240	4.387	0	345	18	0.423	0.430	816.026	4.336	0
9326	468	320	19	0.660	0.421	808.240	4.503	0	327	1	0.423	0.430	816.026	4.209	0
9345	469	327	27	0.660	0.421	808.240	4.474	0	340	6	0.424	0.430	816.026	4.225	0
9365	470	316	35	0.660	0.420	805.784	4.464	0	343	17	0.424	0.430	813.536	4.229	0
9385	471	337	35	0.660	0.420	805.784	4.389	0	368	21	0.424	0.430	813.536	4.223	0
9405	472	344	40	0.660	0.420	805.784	4.383	0	365	-17	0.424	0.430	813.536	4.232	0
9425	473	338	55	0.660	0.420	805.784	4.339	0	337	-20	0.424	0.430	813.536	4.266	0
9445	474	335	45	0.660	0.420	805.784	4.455	0	356	-39	0.424	0.430	813.536	4.254	0
9465	475	331	28	0.659	0.421	815.086	4.497	0	342	-66	0.424	0.431	819.972	4.303	0
9485	476	450	420	0.659	0.423	815.086	4.497	0	445	408	0.424	0.433	819.972	4.295	0
9505	477	441	490	0.659	0.424	815.086	4.472	0	436	498	0.424	0.434	819.972	4.309	0
9525	478	442	498	0.660	0.424	815.086	4.375	0	445	533	0.424	0.434	819.972	4.507	0
9545	479	447	519	0.660	0.424	815.086	4.425	0	434	489	0.424	0.434	819.972	4.274	0
9565	480	442	526	0.660	0.424	819.104	4.399	0	434	492	0.424	0.434	822.734	4.344	0
9585	481	409	492	0.660	0.424	819.104	4.418	0	441	514	0.425	0.434	822.734	4.363	0
9605	482	452	519	0.660	0.424	819.104	4.476	0	457	494	0.424	0.434	822.734	4.424	0
9625	483	454	480	0.660	0.424	819.104	4.569	0	436	513	0.424	0.434	822.734	4.371	0
9645	484	443	499	0.660	0.424	819.104	4.406	0	456	495	0.424	0.434	822.734	4.320	0
9664	485	440	500	0.661	0.424	821.201	4.469	0	449	499	0.425	0.434	824.275	4.342	0
9684	486	398	597	0.661	0.425	821.201	4.395	0	419	621	0.425	0.435	824.275	4.355	0
9704	487	398	586	0.661	0.425	821.201	4.516	0	410	612	0.425	0.435	824.275	4.494	0
9724	488	413	586	0.661	0.425	821.201	4.501	0	406	611	0.425	0.435	824.275	4.388	0
9744	489	422	576	0.661	0.425	821.201	4.499	0	393	612	0.425	0.435	824.275	4.378	0
9764	490	431	579	0.661	0.425	816.408	4.470	0	380	610	0.425	0.435	826.107	4.432	0
9784	491	432	599	0.662	0.425	816.408	4.428	0	399	588	0.425	0.435	826.107	4.677	0
9804	492	417	592	0.661	0.425	816.408	4.422	0	413	568	0.425	0.435	826.107	4.420	0
9824	493	406	591	0.661	0.425	816.408	4.412	0	363	619	0.425	0.435	826.107	4.586	0
9844	494	408	614	0.661	0.425	816.408	4.478	0	348	655	0.425	0.434	826.107	4.632	0
9864	495	410	610	0.662	0.424	817.737	4.484	0	334	664	0.426	0.433	825.181	4.536	0
9884	496	170	199	0.663	0.422	817.737	4.370	0	237	229	0.428	0.430	825.181	4.224	0
9904	497	101	145	0.664	0.421	817.737	4.388	0	152	125	0.428	0.430	825.181	4.175	0
9924	498	90	97	0.664	0.421	817.737	4.407	0	140	130	0.428	0.430	825.181	4.127	0
9944	499	119	143	0.664	0.421	817.737	4.352	0	128	141	0.428	0.430	825.181	4.131	0
9964	500	131	141	0.664	0.421	811.417	4.331	0	124	166	0.428	0.430	816.968	4.094	0
9983	501	144	152	0.664	0.421	811.417	4.298	0	132	107	0.427	0.430	816.968	4.060	0
10003	502	140	141	0.664	0.421	811.417	4.239	0	156	137	0.427	0.430	816.968	4.054	0
10023	503	130	149	0.663	0.421	811.417	4.269	0	156	152	0.427	0.430	816.968	4.059	0
10043	504	144	163	0.663	0.421	811.417	4.216	0	131	126	0.427	0.430	816.968	4.061	0
10063	505	140	158	0.663	0.421	812.105	4.222	0	129	126	0.427	0.430	817.907	4.064	0
10083	506	118	157	0.663	0.421	812.105	4.192	0	147	148	0.427	0.430	817.907	3.985	0
10103	507	118	145	0.663	0.421	812.105	4.240	0	143	140	0.427	0.430	817.907	4.020	0
10123	508	136	165	0.663	0.421	812.105	4.219	0	138	149	0.427	0.430	817.907	4.004	0
10143	509	146	158	0.663	0.421	812.105	4.255	0	138	142	0.427	0.430	817.907	3.977	0
10163	510	156	164	0.663	0.421	809.349	4.239	0	134	142	0.426	0.430	819.556	3.998	0
10183	511	109	169	0.663	0.422	809.349	4.183	0	110	150	0.427	0.431	819.556	4.012	0
