9	1	-1280	-1024	0.600	0.488	-1.000	-1.000	4	-1280	-1024	0.392	0.479	-1.000	-1.000	4
29	2	-1280	-1024	-1.000	-1.000	-1.000	-1.000	4	-1280	-1024	-1.000	-1.000	-1.000	-1.000	4
49	3	707	452	0.600	0.488	870.215	4.036	0	751	419	0.392	0.479	869.866	4.064	0
69	4	717	478	0.601	0.488	870.215	4.004	0	720	448	0.393	0.479	869.866	4.041	0
89	5	684	419	0.602	0.488	870.215	3.905	0	737	470	0.393	0.479	869.866	4.040	0
109	6	664	419	0.602	0.488	868.730	3.844	0	766	493	0.394	0.478	867.538	4.028	0
128	7	-1280	-1024	-1.000	-1.000	-1.000	-1.000	4	-1280	-1024	-1.000	-1.000	-1.000	-1.000	4
148	8	-1280	-1024	-1.000	-1.000	-1.000	-1.000	4	-1280	-1024	-1.000	-1.000	-1.000	-1.000	4
168	9	-1280	-1024	-1.000	-1.000	-1.000	-1.000	4	-1280	-1024	-1.000	-1.000	-1.000	-1.000	4
188	10	-1280	-1024	-1.000	-1.000	-1.000	-1.000	4	-1280	-1024	-1.000	-1.000	-1.000	-1.000	4
208	11	-1280	-1024	0.605	0.487	-1.000	-1.000	4	-1280	-1024	0.396	0.478	-1.000	-1.000	4
228	12	684	461	0.605	0.487	867.117	3.972	0	736	437	0.397	0.478	865.500	4.059	0
248	13	-1280	-1024	-1.000	-1.000	-1.000	-1.000	4	-1280	-1024	-1.000	-1.000	-1.000	-1.000	4
268	14	668	411	0.607	0.487	867.117	3.757	0	764	482	0.399	0.478	865.500	4.015	0
288	15	-1280	-1024	-1.000	-1.000	-1.000	-1.000	4	-1280	-1024	-1.000	-1.000	-1.000	-1.000	4
308	16	-1280	-1024	0.607	0.488	-1.000	-1.000	4	-1280	-1024	0.399	0.478	-1.000	-1.000	4
328	17	717	413	0.607	0.488	867.626	3.548	0	727	459	0.399	0.478	866.763	3.606	0
348	18	700	441	0.609	0.488	867.626	3.621	0	719	459	0.400	0.477	866.763	3.648	0
368	19	691	410	0.609	0.487	867.626	3.479	0	687	434	0.400	0.477	866.763	3.660	0
388	20	616	565	0.610	0.488	867.626	3.414	0	646	532	0.402	0.478	866.763	3.607	0
408	21	680	585	0.610	0.489	865.605	3.396	0	710	534	0.403	0.479	865.608	3.626	0
428	22	471	609	0.611	0.489	865.605	3.514	0	507	622	0.403	0.479	865.608	3.653	0
447	23	431	562	0.612	0.489	865.605	3.346	0	470	619	0.404	0.479	865.608	3.683	0
467	24	489	560	0.612	0.489	865.605	3.252	0	449	607	0.404	0.479	865.608	3.459	0
487	25	479	580	0.612	0.489	865.605	3.255	0	478	645	0.404	0.479	865.608	3.522	0
507	26	469	585	0.611	0.489	866.193	3.261	0	475	643	0.403	0.479	865.655	3.470	0
527	27	502	652	0.611	0.489	866.193	3.464	0	461	601	0.403	0.479	865.655	3.678	0
547	28	495	642	0.611	0.489	866.193	3.360	0	-1280	-1024	0.611	0.489	-1.000	-1.000	4
567	29	383	650	0.611	0.489	866.193	3.140	0	342	640	0.404	0.479	865.655	3.358	0
587	30	393	638	0.612	0.489	866.193	3.221	0	317	684	0.404	0.479	865.655	3.416	0
607	31	403	641	0.613	0.490	864.489	3.095	0	317	686	0.405	0.479	864.111	3.410	0
627	32	338	657	0.613	0.490	864.489	3.088	0	332	705	0.405	0.479	864.111	3.333	0
647	33	377	637	0.612	0.490	864.489	3.165	0	304	661	0.405	0.480	864.111	3.270	0
667	34	336	661	0.614	0.490	864.489	3.155	0	-1280	-1024	0.614	0.490	-1.000	-1.000	4
687	35	325	651	0.613	0.490	864.489	3.130	0	-1280	-1024	0.613	0.490	-1.000	-1.000	4
707	36	345	648	0.614	0.490	862.866	3.164	0	-1280	-1024	0.406	0.479	-1.000	-1.000	4
727	37	347	670	0.614	0.490	862.866	3.055	0	359	693	0.406	0.479	866.045	3.413	0
747	38	412	677	0.613	0.490	862.866	3.126	0	340	696	0.405	0.479	866.045	3.203	0
766	39	379	650	0.613	0.490	862.866	3.192	0	366	678	0.405	0.480	866.045	3.345	0
786	40	381	670	0.613	0.490	862.866	3.123	0	316	715	0.405	0.480	866.045	3.408	0
806	41	382	665	0.614	0.490	864.142	3.149	0	317	714	0.406	0.480	865.458	3.335	0
826	42	385	651	0.614	0.490	864.142	3.168	0	338	683	0.406	0.480	865.458	3.216	0
846	43	382	647	0.613	0.490	864.142	3.077	0	304	722	0.405	0.480	865.458	3.245	0
866	44	381	652	0.613	0.490	864.142	3.215	0	327	682	0.405	0.480	865.458	3.353	0
886	45	384	678	0.613	0.490	864.142	3.177	0	297	628	0.405	0.480	865.458	3.262	0
906	46	385	680	0.614	0.490	864.284	3.167	0	300	637	0.406	0.480	861.767	3.290	0
926	47	382	661	0.614	0.490	864.284	3.081	0	342	624	0.406	0.480	861.767	3.180	0
946	48	417	662	0.613	0.491	864.284	3.065	0	315	634	0.405	0.480	861.767	3.164	0
966	49	599	560	0.610	0.491	864.284	3.125	0	603	513	0.403	0.480	861.767	3.020	0
986	50	697	508	0.610	0.490	864.284	3.064	0	660	563	0.402	0.480	861.767	3.161	0
1006	51	705	469	0.611	0.490	865.028	3.086	0	721	528	0.403	0.479	865.181	3.124	0
1026	52	649	569	0.611	0.489	865.028	3.107	0	627	505	0.403	0.479	865.181	3.014	0
1046	53	656	556	0.610	0.489	865.028	3.111	0	671	532	0.402	0.479	865.181	3.089	0
1066	54	736	455	0.610	0.489	865.028	2.942	0	640	573	0.402	0.479	865.181	3.081	0
1085	55	672	621	0.610	0.489	865.028	3.229	0	588	561	0.402	0.479	865.181	3.158	0
1105	56	704	591	0.610	0.489	866.881	3.206	0	551	550	0.402	0.479	865.097	3.178	0
1125	57	610	527	0.610	0.489	866.881	2.957	0	613	475	0.402	0.479	865.097	3.067	0
1145	58	684	568	0.611	0.489	866.881	3.148	0	627	518	0.403	0.479	865.097	3.000	0
1165	59	598	454	0.611	0.489	866.881	2.902	0	603	554	0.403	0.479	865.097	3.000	0
1185	60	628	490	0.611	0.489	866.881	2.912	0	613	475	0.403	0.479	865.097	3.077	0
1205	61	582	479	0.610	0.489	867.246	2.923	0	600	505	0.402	0.479	864.753	3.044	0
1225	62	731	408	0.610	0.489	867.246	2.954	0	706	495	0.402	0.479	864.753	2.949	0
1245	63	728	485	0.609	0.489	867.246	2.869	0	-1280	-1024	0.609	0.489	-1.000	-1.000	4
1265	64	709	536	0.609	0.489	867.246	3.004	0	654	526	0.401	0.479	864.753	3.209	0
1285	65	672	528	0.609	0.489	867.246	2.993	0	646	594	0.401	0.479	864.753	3.162	0
1305	66	645	524	0.611	0.489	863.637	2.986	0	646	594	0.403	0.479	864.885	3.163	0
1325	67	677	488	0.611	0.489	863.637	2.884	0	645	547	0.403	0.479	864.885	3.018	0
1345	68	720	593	0.612	0.489	863.637	2.934	0	642	458	0.404	0.479	864.885	2.992	0
1365	69	673	562	0.612	0.489	863.637	2.904	0	613	450	0.404	0.479	864.885	3.039	0
1385	70	679	547	0.612	0.489	863.637	2.991	0	708	601	0.404	0.479	864.885	3.069	0
1404	71	685	530	0.611	0.489	864.649	3.003	0	722	559	0.403	0.479	864.173	3.070	0
1424	72	657	461	0.612	0.489	864.649	2.998	0	704	574	0.403	0.478	864.173	2.980	0
1444	73	640	515	0.613	0.489	864.649	3.136	0	641	555	0.404	0.479	864.173	3.123	0
1464	74	679	501	0.613	0.489	864.649	3.085	0	695	603	0.404	0.478	864.173	3.163	0
1484	75	670	474	0.613	0.489	864.649	2.959	0	647	562	0.405	0.478	864.173	3.103	0
1504	76	662	499	0.612	0.489	864.483	3.011	0	666	580	0.404	0.478	865.009	3.112	0
1524	77	673	493	0.613	0.489	864.483	2.913	0	630	434	0.404	0.478	865.009	2.909	0
1544	78	625	478	0.614	0.489	864.483	2.962	0	616	510	0.405	0.478	865.009	2.979	0
1564	79	677	549	0.614	0.489	864.483	2.998	0	708	542	0.406	0.478	865.009	3.127	0
1584	80	671	559	0.614	0.489	864.483	3.108	0	617	507	0.406	0.479	865.009	3.083	0
1604	81	664	568	0.613	0.489	865.771	3.163	0	649	518	0.405	0.479	864.242	3.037	0
1624	82	632	494	0.613	0.489	865.771	3.100	0	667	526	0.405	0.479	864.242	3.076	0
1644	83	726	584	0.614	0.489	865.771	3.379	0	678	543	0.406	0.478	864.242	3.164	0
1664	84	623	459	0.614	0.489	865.771	2.953	0	671	489	0.406	0.478	864.242	3.115	0
1684	85	672	551	0.614	0.489	865.771	3.070	0	676	549	0.407	0.478	864.242	3.160	0
1704	86	620	498	0.614	0.489	865.709	3.100	0	672	531	0.406	0.478	865.624	3.148	0
1723	87	656	455	0.614	0.488	865.709	3.028	0	651	573	0.406	0.478	865.624	3.094	0
1743	88	663	452	0.615	0.488	865.709	2.988	0	625	462	0.407	0.477	865.624	2.974	0
1763	89	734	511	0.615	0.488	865.709	3.284	0	669	401	0.407	0.477	865.624	3.040	0
1783	90	702	529	0.615	0.487	865.709	3.309	0	644	460	0.407	0.477	865.624	3.187	0
1803	91	738	546	0.614	0.487	866.164	3.336	0	665	440	0.406	0.476	864.643	3.148	0
1823	92	649	455	0.614	0.487	866.164	3.105	0	676	535	0.406	0.476	864.643	3.174	0
1843	93	681	536	0.614	0.486	866.164	3.090	0	616	395	0.407	0.476	864.643	2.954	0
1863	94	662	440	0.614	0.486	866.164	3.097	0	626	366	0.407	0.476	864.643	3.153	0
1883	95	667	458	0.615	0.486	866.164	2.914	0	612	448	0.407	0.476	864.643	2.932	0
1903	96	670	472	0.614	0.486	869.423	2.902	0	613	453	0.406	0.476	866.816	2.999	0
1923	97	642	392	0.614	0.487	869.423	3.158	0	694	513	0.406	0.476	866.816	3.194	0
1943	98	597	406	0.615	0.487	869.423	3.015	0	671	543	0.407	0.476	866.816	3.308	0
1963	99	671	528	0.615	0.487	869.423	3.330	0	659	472	0.407	0.476	866.816	3.196	0
1983	100	677	476	0.615	0.487	869.423	3.008	0	661	528	0.407	0.476	866.816	3.118	0
2003	101	687	524	0.614	0.487	866.182	3.099	0	664	527	0.406	0.476	866.766	3.140	0
2023	102	663	467	0.614	0.487	866.182	3.177	0	664	481	0.406	0.476	866.766	3.081	0
2042	103	659	487	0.615	0.487	866.182	3.076	0	674	495	0.407	0.476	866.766	3.188	0
2062	104	665	463	0.615	0.487	866.182	2.960	0	644	439	0.407	0.477	866.766	3.081	0
2082	105	644	441	0.615	0.487	866.182	3.117	0	649	522	0.407	0.476	866.766	3.140	0
2102	106	642	443	0.614	0.487	866.592	3.035	0	655	518	0.406	0.476	867.168	3.173	0
2122	107	614	407	0.615	0.487	866.592	2.982	0	686	515	0.406	0.476	867.168	3.213	0
2142	108	684	478	0.616	0.487	866.592	3.196	0	666	527	0.407	0.476	867.168	3.222	0
2162	109	642	291	0.615	0.485	866.592	3.032	0	614	174	0.408	0.474	867.168	3.180	0
2182	110	661	310	0.615	0.484	866.592	3.202	0	657	248	0.408	0.474	867.168	3.062	0
2202	111	642	325	0.614	0.485	869.464	3.159	0	634	329	0.407	0.474	862.394	3.026	0
2222	112	679	314	0.615	0.484	869.464	3.595	0	661	200	0.407	0.474	862.394	3.218	0
2242	113	660	242	0.615	0.485	869.464	3.158	0	660	211	0.407	0.474	862.394	3.227	0
2262	114	643	232	0.615	0.485	869.464	3.118	0	659	246	0.407	0.474	862.394	3.005	0
2282	115	598	224	0.615	0.485	869.464	3.149	0	658	261	0.407	0.475	862.394	3.076	0
2302	116	658	216	0.614	0.485	868.955	3.131	0	655	266	0.406	0.475	868.378	3.034	0
2322	117	641	233	0.614	0.485	868.955	3.150	0	673	293	0.406	0.475	868.378	3.211	0
2342	118	652	257	0.615	0.485	868.955	3.267	0	688	211	0.407	0.475	868.378	3.228	0
2361	119	680	268	0.615	0.485	868.955	3.192	0	665	195	0.407	0.474	868.378	3.245	0
2381	120	671	265	0.615	0.485	868.955	3.153	0	643	232	0.407	0.474	868.378	3.241	0
2401	121	665	266	0.613	0.484	866.846	3.185	0	623	234	0.406	0.474	867.773	3.235	0
2421	122	642	224	0.613	0.484	866.846	3.092	0	680	227	0.405	0.474	867.773	3.323	0
2441	123	647	186	0.614	0.484	866.846	3.217	0	644	230	0.406	0.474	867.773	3.294	0
2461	124	649	209	0.614	0.484	866.846	3.110	0	674	248	0.406	0.474	867.773	3.098	0
2481	125	506	240	0.615	0.483	866.846	3.182	0	590	242	0.407	0.474	867.773	3.360	0
2501	126	576	224	0.615	0.483	868.988	3.142	0	654	257	0.408	0.473	863.930	3.285	0
2521	127	249	97	0.616	0.483	868.988	3.069	0	282	182	0.408	0.473	863.930	3.227	0
2541	128	211	132	0.615	0.483	868.988	3.342	0	316	114	0.407	0.473	863.930	3.296	0
2561	129	266	122	0.614	0.483	868.988	3.302	0	296	57	0.407	0.473	863.930	3.292	0
2581	130	-1280	-1024	0.407	0.474	-1.000	-1.000	4	250	157	0.407	0.474	863.930	3.180	0
2601	131	-1280	-1024	0.615	0.484	-1.000	-1.000	4	222	103	0.408	0.474	864.118	3.211	0
2621	132	255	135	0.615	0.483	866.994	3.114	0	266	161	0.407	0.474	864.118	3.349	0
2641	133	273	110	0.614	0.484	866.994	3.123	0	287	160	0.406	0.474	864.118	3.216	0
2660	134	241	80	0.614	0.484	866.994	3.196	0	305	124	0.406	0.474	864.118	3.308	0
2680	135	254	76	0.614	0.484	866.994	3.189	0	293	207	0.406	0.474	864.118	3.392	0
2700	136	236	69	0.614	0.484	868.143	3.186	0	301	200	0.407	0.474	864.584	3.364	0
2720	137	282	156	0.614	0.483	868.143	3.207	0	303	116	0.407	0.474	864.584	3.256	0
2740	138	293	145	0.613	0.483	868.143	3.186	0	294	112	0.406	0.474	864.584	3.331	0
2760	139	166	89	0.614	0.483	868.143	3.118	0	252	8	0.406	0.473	864.584	3.368	0
2780	140	220	89	0.613	0.482	868.143	3.269	0	238	97	0.406	0.473	864.584	3.478	0
2800	141	158	95	0.614	0.483	862.111	3.224	0	229	76	0.406	0.473	861.141	3.525	0
2820	142	214	135	0.614	0.482	862.111	3.200	0	237	20	0.406	0.473	861.141	3.491	0
2840	143	184	110	0.613	0.482	862.111	3.199	0	255	46	0.405	0.473	861.141	3.400	0
2860	144	207	68	0.613	0.483	862.111	3.106	0	205	27	0.405	0.473	861.141	3.380	0
2880	145	214	106	0.613	0.483	862.111	3.358	0	216	55	0.405	0.474	861.141	3.285	0
2900	146	216	81	0.613	0.483	866.545	3.364	0	229	54	0.406	0.474	861.722	3.243	0
2920	147	185	97	0.613	0.483	866.545	3.228	0	214	54	0.405	0.474	861.722	3.410	0
2940	148	166	76	0.612	0.484	866.545	3.245	0	204	61	0.405	0.474	861.722	3.332	0
2960	149	234	124	0.612	0.484	866.545	3.300	0	217	46	0.404	0.474	861.722	3.402	0
2980	150	205	94	0.612	0.483	866.545	3.205	0	210	55	0.404	0.474	861.722	3.259	0
2999	151	239	92	0.613	0.483	868.376	3.232	0	216	59	0.405	0.474	860.131	3.252	0
3019	152	196	113	0.613	0.483	868.376	3.159	0	229	79	0.405	0.474	860.131	3.214	0
3039	153	154	4	0.612	0.483	868.376	3.169	0	214	56	0.404	0.473	860.131	3.172	0
3059	154	164	86	0.612	0.483	868.376	3.177	0	210	86	0.405	0.473	860.131	3.291	0
3079	155	174	113	0.612	0.482	868.376	3.199	0	194	78	0.405	0.473	860.131	3.412	0
3099	156	185	87	0.614	0.482	865.415	3.198	0	187	71	0.407	0.473	862.133	3.445	0
3119	157	98	105	0.615	0.482	865.415	3.287	0	112	47	0.408	0.472	862.133	3.236	0
3139	158	37	57	0.614	0.482	865.415	3.156	0	126	135	0.407	0.472	862.133	3.409	0
3159	159	48	62	0.615	0.482	865.415	3.080	0	81	62	0.408	0.472	862.133	3.287	0
3179	160	65	116	0.616	0.482	865.415	3.231	0	71	135	0.408	0.472	862.133	3.275	0
3199	161	78	98	0.617	0.482	865.276	3.141	0	65	114	0.410	0.472	861.659	3.262	0
3219	162	74	110	0.618	0.482	865.276	3.288	0	104	66	0.410	0.472	861.659	3.242	0
3239	163	45	60	0.617	0.483	865.276	3.284	0	74	85	0.410	0.472	861.659	3.346	0
3259	164	71	65	0.618	0.483	865.276	3.127	0	117	61	0.410	0.472	861.659	3.250	0
3279	165	85	63	0.618	0.483	865.276	3.094	0	93	67	0.411	0.472	861.659	3.350	0
3299	166	98	66	0.620	0.483	865.133	3.061	0	113	75	0.412	0.472	861.013	3.316	0
3319	167	73	78	0.620	0.483	865.133	3.087	0	112	74	0.413	0.472	861.013	3.481	0
3338	168	50	70	0.620	0.483	865.133	3.253	0	90	89	0.413	0.472	861.013	3.205	0
3358	169	30	29	0.621	0.483	865.133	3.257	0	86	27	0.413	0.471	861.013	3.362	0
3378	170	59	57	0.622	0.483	865.133	3.210	0	105	120	0.414	0.471	861.013	3.279	0
3398	171	59	50	0.623	0.483	861.589	3.184	0	109	110	0.416	0.471	860.545	3.354	0
3418	172	11	67	0.624	0.482	861.589	3.183	0	66	53	0.416	0.471	860.545	3.382	0
3438	173	34	72	0.624	0.482	861.589	3.233	0	78	54	0.416	0.470	860.545	3.329	0
3458	174	32	50	0.624	0.482	861.589	3.177	0	106	91	0.417	0.470	860.545	3.213	0
3478	175	61	94	0.625	0.482	861.589	3.152	0	126	111	0.417	0.470	860.545	3.336	0
3498	176	67	88	0.626	0.482	864.025	3.169	0	145	122	0.419	0.470	862.471	3.306	0
3518	177	39	89	0.627	0.482	864.025	3.378	0	128	78	0.419	0.470	862.471	3.387	0
3538	178	81	131	0.626	0.482	864.025	3.245	0	83	5	0.419	0.470	862.471	3.381	0
3558	179	70	137	0.626	0.483	864.025	3.267	0	96	71	0.419	0.470	862.471	3.435	0
3578	180	65	101	0.627	0.483	864.025	3.300	0	69	8	0.419	0.470	862.471	3.537	0
3598	181	62	127	0.628	0.483	862.226	3.226	0	70	37	0.420	0.470	859.532	3.548	0
3618	182	98	101	0.628	0.483	862.226	3.352	0	118	59	0.420	0.470	859.532	3.494	0
3638	183	57	90	0.627	0.483	862.226	3.269	0	93	38	0.420	0.470	859.532	3.347	0
3657	184	114	111	0.626	0.483	862.226	3.331	0	108	105	0.419	0.470	859.532	3.256	0
3677	185	279	81	0.624	0.482	862.226	3.426	0	320	38	0.417	0.470	859.532	3.515	0
3697	186	208	68	0.625	0.482	865.973	3.420	0	249	41	0.418	0.469	862.487	3.432	0
3717	187	312	89	0.625	0.482	865.973	3.352	0	379	40	0.418	0.469	862.487	3.453	0
3737	188	335	117	0.624	0.482	865.973	3.316	0	364	52	0.417	0.470	862.487	3.460	0
3757	189	323	88	0.624	0.482	865.973	3.316	0	336	-42	0.416	0.470	862.487	3.451	0
3777	190	331	131	0.624	0.482	865.973	3.373	0	329	67	0.416	0.470	862.487	3.443	0
3797	191	325	125	0.625	0.482	866.971	3.360	0	328	38	0.417	0.470	864.259	3.451	0
3817	192	344	52	0.624	0.482	866.971	3.171	0	372	99	0.417	0.470	864.259	3.414	0
3837	193	362	84	0.623	0.482	866.971	3.415	0	340	29	0.416	0.470	864.259	3.424	0
3857	194	331	114	0.623	0.483	866.971	3.290	0	348	85	0.416	0.470	864.259	3.421	0
3877	195	321	32	0.623	0.483	866.971	3.379	0	332	51	0.415	0.470	864.259	3.280	0
3897	196	314	55	0.624	0.483	866.435	3.324	0	332	82	0.416	0.470	861.647	3.263	0
3917	197	326	40	0.624	0.483	866.435	3.186	0	358	4	0.416	0.470	861.647	3.693	0
3937	198	351	46	0.623	0.483	866.435	3.500	0	423	21	0.415	0.470	861.647	3.530	0
3957	199	369	16	0.623	0.483	866.435	3.294	0	424	55	0.415	0.470	861.647	3.483	0
3976	200	390	68	0.623	0.483	866.435	3.288	0	367	33	0.415	0.471	861.647	3.533	0
3996	201	409	67	0.624	0.483	865.963	3.280	0	349	47	0.416	0.471	862.038	3.520	0
4016	202	398	78	0.624	0.483	865.963	3.339	0	400	79	0.416	0.471	862.038	3.425	0
4036	203	413	101	0.623	0.483	865.963	3.293	0	379	113	0.415	0.471	862.038	3.524	0
4056	204	387	29	0.623	0.483	865.963	3.218	0	413	85	0.415	0.471	862.038	3.402	0
4076	205	344	16	0.623	0.483	865.963	3.462	0	428	13	0.415	0.471	862.038	3.632	0
4096	206	314	4	0.624	0.483	865.118	3.428	0	441	15	0.416	0.471	863.535	3.633	0
4116	207	335	31	0.624	0.483	865.118	3.369	0	365	30	0.416	0.471	863.535	3.654	0
4136	208	394	44	0.623	0.483	865.118	3.428	0	428	91	0.415	0.471	863.535	3.688	0
4156	209	396	121	0.624	0.483	865.118	3.365	0	440	84	0.416	0.470	863.535	3.537	0
4176	210	417	79	0.624	0.483	865.118	3.330	0	383	-3	0.416	0.470	863.535	3.542	0
4196	211	425	101	0.625	0.483	868.284	3.352	0	370	23	0.417	0.470	862.265	3.542	0
4216	212	351	70	0.625	0.483	868.284	3.238	0	397	12	0.418	0.470	862.265	3.529	0
4236	213	378	54	0.625	0.484	868.284	3.503	0	390	32	0.417	0.471	862.265	3.514	0
4256	214	378	24	0.625	0.484	868.284	3.313	0	436	25	0.417	0.471	862.265	3.661	0
4276	215	398	42	0.625	0.484	868.284	3.417	0	409	71	0.417	0.471	862.265	3.582	0
4295	216	405	37	0.626	0.484	863.935	3.308	0	431	77	0.418	0.471	864.358	3.625	0
4315	217	415	59	0.626	0.484	863.935	3.284	0	445	52	0.418	0.471	864.358	3.573	0
4335	218	378	39	0.625	0.484	863.935	3.379	0	425	85	0.417	0.471	864.358	3.534	0
4355	219	332	66	0.625	0.484	863.935	3.433	0	349	18	0.418	0.471	864.358	3.510	0
4375	220	295	43	0.625	0.484	863.935	3.308	0	368	16	0.418	0.471	864.358	3.560	0
4395	221	259	55	0.626	0.484	863.276	3.369	0	387	21	0.419	0.470	861.700	3.523	0
4415	222	316	91	0.626	0.483	863.276	3.416	0	321	74	0.419	0.470	861.700	3.440	0
4435	223	280	59	0.625	0.483	863.276	3.409	0	364	64	0.418	0.470	861.700	3.451	0
4455	224	317	85	0.625	0.483	863.276	3.319	0	353	44	0.418	0.470	861.700	3.347	0
4475	225	331	106	0.625	0.483	863.276	3.378	0	361	30	0.418	0.470	861.700	3.393	0
4495	226	343	92	0.626	0.484	866.557	3.362	0	356	14	0.419	0.470	862.521	3.372	0
4515	227	299	60	0.626	0.483	866.557	3.295	0	335	-8	0.418	0.470	862.521	3.299	0
4535	228	329	75	0.625	0.483	866.557	3.293	0	323	8	0.418	0.470	862.521	3.506	0
4555	229	339	102	0.625	0.484	866.557	3.218	0	358	44	0.418	0.471	862.521	3.373	0
4575	230	358	115	0.626	0.484	866.557	3.218	0	379	31	0.418	0.471	862.521	3.321	0
4594	231	370	128	0.627	0.484	866.844	3.220	0	398	51	0.419	0.471	861.620	3.390	0
4614	232	338	61	0.627	0.484	866.844	3.232	0	350	6	0.419	0.471	861.620	3.303	0
4634	233	317	89	0.626	0.484	866.844	3.340	0	323	113	0.418	0.471	861.620	3.406	0
4654	234	308	105	0.626	0.484	866.844	3.207	0	343	67	0.418	0.471	861.620	3.263	0
4674	235	334	67	0.626	0.484	866.844	3.241	0	367	23	0.418	0.471	861.620	3.474	0
4694	236	337	86	0.627	0.484	866.961	3.263	0	385	69	0.419	0.471	861.390	3.448	0
4714	237	332	70	0.627	0.484	866.961	3.226	0	416	44	0.419	0.471	861.390	3.445	0
4734	238	330	88	0.626	0.484	866.961	3.220	0	347	-13	0.419	0.471	861.390	3.300	0
4754	239	301	69	0.626	0.484	866.961	3.415	0	366	75	0.419	0.471	861.390	3.369	0
4774	240	336	95	0.626	0.484	866.961	3.232	0	364	37	0.419	0.471	861.390	3.527	0
4794	241	329	93	0.627	0.484	866.288	3.276	0	360	32	0.420	0.471	861.397	3.479	0
4814	242	288	91	0.627	0.484	866.288	3.235	0	368	51	0.420	0.471	861.397	3.434	0
4834	243	313	115	0.627	0.484	866.288	3.246	0	352	92	0.419	0.471	861.397	3.456	0
4854	244	293	42	0.627	0.484	866.288	3.277	0	349	59	0.419	0.471	861.397	3.473	0
4874	245	321	117	0.627	0.484	866.288	3.352	0	359	67	0.419	0.471	861.397	3.338	0
4894	246	318	96	0.630	0.485	864.931	3.370	0	359	89	0.422	0.471	857.642	3.331	0
4914	247	43	108	0.630	0.485	864.931	3.310	0	75	127	0.423	0.471	857.642	3.537	0
4933	248	14	41	0.629	0.485	864.931	3.296	0	87	88	0.421	0.471	857.642	3.481	0
4953	249	82	84	0.629	0.485	864.931	3.276	0	103	68	0.421	0.472	857.642	3.451	0
4973	250	6	45	0.628	0.485	864.931	3.350	0	85	85	0.421	0.472	857.642	3.605	0
4993	251	30	70	0.629	0.485	860.461	3.325	0	89	73	0.421	0.472	859.382	3.583	0
5013	252	53	81	0.629	0.485	860.461	3.385	0	107	70	0.421	0.471	859.382	3.696	0
5033	253	63	84	0.627	0.485	860.461	3.376	0	71	66	0.420	0.471	859.382	3.495	0
5053	254	69	104	0.627	0.485	860.461	3.203	0	68	87	0.420	0.471	859.382	3.456	0
5073	255	75	108	0.627	0.485	860.461	3.430	0	65	64	0.420	0.471	859.382	3.542	0
5093	256	79	106	0.628	0.485	863.416	3.397	0	63	72	0.420	0.471	858.010	3.539	0
5113	257	52	67	0.628	0.484	863.416	3.562	0	93	68	0.420	0.471	858.010	3.548	0
5133	258	87	77	0.626	0.484	863.416	3.425	0	141	34	0.419	0.471	858.010	3.657	0
5153	259	89	90	0.627	0.484	863.416	3.481	0	-1280	-1024	0.627	0.484	-1.000	-1.000	4
5173	260	110	84	0.627	0.484	863.416	3.416	0	171	74	0.419	0.471	858.010	3.593	0
5193	261	134	93	0.626	0.485	863.431	3.431	0	171	73	0.419	0.472	858.774	3.596	0
5213	262	-1280	-1024	0.418	0.472	-1.000	-1.000	4	497	458	0.418	0.472	858.774	11.463	0
5232	263	-1280	-1024	0.621	0.505	-1.000	-1.000	0	994	447	0.417	0.472	858.774	10.093	0
5252	264	-1280	-1024	0.621	0.505	-1.000	-1.000	0	1130	423	0.417	0.472	858.774	9.749	0
5272	265	-1280	-1024	-1.000	-1.000	-1.000	-1.000	4	-1280	-1024	-1.000	-1.000	-1.000	-1.000	4
5292	266	-1280	-1024	0.626	0.485	-1.000	-1.000	4	-1280	-1024	0.418	0.472	-1.000	-1.000	4
5312	267	-281	544	0.626	0.485	864.905	11.027	0	-1280	-1024	0.626	0.485	-1.000	-1.000	4
5332	268	-134	518	0.624	0.485	864.905	11.467	0	1394	415	0.416	0.472	859.454	9.373	0
5352	269	-1280	-1024	-1.000	-1.000	-1.000	-1.000	4	-1280	-1024	-1.000	-1.000	-1.000	-1.000	4
5372	270	-1280	-1024	-1.000	-1.000	-1.000	-1.000	4	-1280	-1024	-1.000	-1.000	-1.000	-1.000	4
5392	271	-1280	-1024	0.624	0.485	-1.000	-1.000	4	-1280	-1024	0.416	0.472	-1.000	-1.000	4
5412	272	194	-8	0.625	0.485	861.856	3.482	0	221	36	0.416	0.472	859.271	3.551	0
5432	273	206	72	0.625	0.485	861.856	3.518	0	232	64	0.416	0.472	859.271	3.625	0
5452	274	200	57	0.625	0.485	861.856	3.431	0	232	44	0.417	0.472	859.271	3.534	0
5472	275	207	121	0.625	0.485	861.856	3.410	0	218	52	0.417	0.472	859.271	3.521	0
5492	276	216	130	0.625	0.485	863.122	3.394	0	222	65	0.417	0.472	857.474	3.526	0
5512	277	235	86	0.625	0.485	863.122	3.455	0	209	66	0.417	0.472	857.474	3.559	0
5532	278	189	70	0.624	0.485	863.122	3.397	0	184	61	0.416	0.472	857.474	3.497	0
5551	279	173	76	0.624	0.485	863.122	3.442	0	247	52	0.416	0.472	857.474	3.697	0
5571	280	202	89	0.625	0.485	863.122	3.291	0	229	90	0.417	0.472	857.474	3.450	0
5591	281	200	81	0.626	0.486	864.920	3.277	0	211	82	0.418	0.472	859.455	3.510	0
5611	282	190	132	0.626	0.486	864.920	3.512	0	218	75	0.418	0.472	859.455	3.546	0
5631	283	163	43	0.625	0.486	864.920	3.593	0	242	87	0.417	0.472	859.455	3.510	0
5651	284	215	144	0.625	0.486	864.920	3.590	0	212	94	0.417	0.472	859.455	3.554	0
5671	285	204	72	0.625	0.486	864.920	3.559	0	243	120	0.417	0.472	859.455	3.549	0
5691	286	194	113	0.626	0.485	864.875	3.603	0	233	134	0.419	0.472	857.635	3.535	0
5711	287	190	120	0.626	0.485	864.875	3.562	0	237	84	0.418	0.471	857.635	3.646	0
5731	288	182	82	0.626	0.485	864.875	3.473	0	241	121	0.418	0.471	857.635	3.485	0
5751	289	209	102	0.626	0.485	864.875	3.644	0	218	93	0.418	0.471	857.635	3.570	0
5771	290	194	90	0.625	0.485	864.875	3.522	0	214	136	0.417	0.471	857.635	3.596	0
5791	291	206	97	0.626	0.485	866.452	3.524	0	211	131	0.418	0.471	858.217	3.535	0
5811	292	208	84	0.626	0.485	866.452	3.376	0	232	108	0.418	0.471	858.217	3.563	0
5831	293	231	156	0.625	0.485	866.452	3.483	0	237	67	0.417	0.471	858.217	3.583	0
5851	294	166	102	0.625	0.485	866.452	3.474	0	252	98	0.417	0.471	858.217	3.536	0
5870	295	189	56	0.626	0.485	866.452	3.478	0	227	79	0.418	0.471	858.217	3.670	0
5890	296	156	81	0.627	0.485	863.654	3.462	0	229	95	0.419	0.471	857.690	3.676	0
5910	297	198	102	0.627	0.485	863.654	3.512	0	282	101	0.419	0.471	857.690	3.755	0
5930	298	222	153	0.626	0.485	863.654	3.486	0	203	69	0.418	0.471	857.690	3.534	0
5950	299	189	110	0.626	0.485	863.654	3.475	0	243	60	0.419	0.471	857.690	3.582	0
5970	300	222	128	0.627	0.485	863.654	3.444	0	224	50	0.419	0.471	857.690	3.566	0
5990	301	211	141	0.628	0.486	865.288	3.432	0	244	41	0.420	0.471	859.206	3.557	0
6010	302	201	117	0.628	0.486	865.288	3.534	0	280	82	0.420	0.471	859.206	3.435	0
6030	303	180	106	0.628	0.486	865.288	3.415	0	231	95	0.420	0.471	859.206	3.646	0
6050	304	172	100	0.628	0.486	865.288	3.400	0	220	55	0.420	0.471	859.206	3.529	0
6070	305	188	125	0.628	0.486	865.288	3.452	0	226	103	0.420	0.471	859.206	3.563	0
6090	306	190	127	0.629	0.486	861.383	3.444	0	221	99	0.421	0.471	855.947	3.584	0
6110	307	193	77	0.629	0.485	861.383	3.437	0	209	120	0.421	0.471	855.947	3.547	0
6130	308	229	203	0.629	0.485	861.383	3.442	0	211	75	0.421	0.471	855.947	3.455	0
6150	309	221	118	0.629	0.485	861.383	3.447	0	249	84	0.421	0.471	855.947	3.672	0
6170	310	225	122	0.629	0.485	861.383	3.393	0	225	99	0.421	0.471	855.947	3.617	0
6189	311	221	124	0.630	0.486	861.979	3.396	0	243	77	0.422	0.471	856.718	3.635	0
6209	312	212	110	0.630	0.486	861.979	3.372	0	258	73	0.422	0.471	856.718	3.690	0
6229	313	189	71	0.629	0.486	861.979	3.376	0	234	32	0.421	0.471	856.718	3.464	0
6249	314	190	102	0.629	0.486	861.979	3.349	0	264	93	0.422	0.471	856.718	3.496	0
6269	315	190	84	0.629	0.486	861.979	3.333	0	228	103	0.422	0.472	856.718	3.570	0
6289	316	189	93	0.630	0.486	864.793	3.336	0	238	103	0.422	0.472	856.154	3.453	0
6309	317	219	126	0.630	0.486	864.793	3.298	0	245	74	0.422	0.472	856.154	3.366	0
6329	318	187	114	0.629	0.486	864.793	3.367	0	223	50	0.421	0.472	856.154	3.363	0
6349	319	181	78	0.629	0.486	864.793	3.436	0	219	121	0.421	0.472	856.154	3.556	0
6369	320	196	136	0.629	0.486	864.793	3.455	0	233	84	0.421	0.471	856.154	3.360	0
6389	321	197	123	0.629	0.486	864.696	3.474	0	236	85	0.422	0.471	859.533	3.437	0
6409	322	195	120	0.629	0.486	864.696	3.366	0	269	19	0.421	0.471	859.533	3.541	0
6429	323	202	125	0.628	0.486	864.696	3.340	0	210	101	0.420	0.472	859.533	3.517	0
6449	324	196	108	0.627	0.486	864.696	3.281	0	210	47	0.420	0.472	859.533	3.381	0
6469	325	229	105	0.627	0.486	864.696	3.421	0	251	144	0.419	0.472	859.533	3.480	0
6489	326	235	99	0.628	0.486	865.323	3.400	0	265	140	0.420	0.472	859.578	3.422	0
6508	327	187	104	0.627	0.486	865.323	3.327	0	249	128	0.420	0.472	859.578	3.437	0
6528	328	197	216	0.626	0.487	865.323	3.418	0	236	188	0.418	0.473	859.578	3.460	0
6548	329	207	236	0.626	0.486	865.323	3.548	0	249	200	0.418	0.473	859.578	3.398	0
6568	330	191	136	0.626	0.486	865.323	3.385	0	246	206	0.418	0.473	859.578	3.501	0
6588	331	191	193	0.627	0.487	868.585	3.430	0	242	208	0.419	0.473	861.699	3.503	0
6608	332	204	224	0.627	0.487	868.585	3.304	0	226	229	0.418	0.473	861.699	3.598	0
6628	333	228	182	0.626	0.487	868.585	3.442	0	231	201	0.418	0.473	861.699	3.411	0
6648	334	217	193	0.626	0.487	868.585	3.382	0	234	241	0.418	0.473	861.699	3.528	0
6668	335	222	177	0.626	0.487	868.585	3.339	0	220	196	0.418	0.473	861.699	3.529	0
6688	336	217	180	0.627	0.487	868.036	3.394	0	218	210	0.419	0.473	860.240	3.524	0
6708	337	233	202	0.627	0.487	868.036	3.317	0	253	186	0.419	0.473	860.240	3.529	0
6728	338	207	165	0.626	0.487	868.036	3.327	0	229	172	0.418	0.473	860.240	3.584	0
6748	339	216	205	0.626	0.487	868.036	3.435	0	270	246	0.418	0.473	860.240	3.515	0
6768	340	237	238	0.626	0.487	868.036	3.414	0	266	223	0.418	0.473	860.240	3.666	0
6788	341	252	239	0.627	0.487	864.942	3.381	0	260	236	0.419	0.473	861.043	3.674	0
6808	342	208	201	0.627	0.487	864.942	3.467	0	189	194	0.419	0.473	861.043	3.542	0
6827	343	211	200	0.626	0.487	864.942	3.342	0	216	209	0.418	0.473	861.043	3.390	0
6847	344	194	211	0.627	0.487	864.942	3.399	0	219	211	0.419	0.473	861.043	3.452	0
6867	345	240	196	0.627	0.487	864.942	3.359	0	233	222	0.419	0.473	861.043	3.541	0
6887	346	242	195	0.628	0.487	866.720	3.390	0	239	229	0.420	0.473	860.302	3.478	0
6907	347	253	216	0.628	0.487	866.720	3.434	0	211	225	0.420	0.473	860.302	3.498	0
6927	348	211	232	0.627	0.487	866.720	3.411	0	219	206	0.419	0.473	860.302	3.543	0
6947	349	208	214	0.627	0.487	866.720	3.367	0	219	198	0.419	0.473	860.302	3.513	0
6967	350	233	216	0.627	0.487	866.720	3.397	0	245	145	0.419	0.473	860.302	3.490	0
6987	351	239	220	0.628	0.487	867.263	3.380	0	253	133	0.420	0.473	857.611	3.493	0
7007	352	184	190	0.628	0.487	867.263	3.371	0	218	240	0.420	0.473	857.611	3.439	0
7027	353	175	175	0.627	0.487	867.263	3.320	0	214	231	0.419	0.473	857.611	3.387	0
7047	354	100	200	0.628	0.487	867.263	3.274	0	125	180	0.420	0.473	857.611	3.578	0
7067	355	73	222	0.628	0.487	867.263	3.275	0	108	166	0.420	0.473	857.611	3.363	0
7087	356	52	234	0.629	0.487	861.615	3.255	0	90	145	0.421	0.472	861.278	3.433	0
7107	357	75	212	0.629	0.486	861.615	3.270	0	77	150	0.421	0.472	861.278	3.370	0
7127	358	61	202	0.628	0.486	861.615	3.159	0	112	186	0.420	0.472	861.278	3.345	0
7146	359	102	200	0.628	0.486	861.615	3.465	0	120	121	0.420	0.472	861.278	3.633	0
7166	360	118	252	0.628	0.486	861.615	3.380	0	94	133	0.420	0.472	861.278	3.346	0
7186	361	131	243	0.629	0.486	865.331	3.425	0	89	132	0.421	0.472	861.037	3.441	0
7206	362	93	216	0.629	0.486	865.331	3.345	0	121	157	0.420	0.473	861.037	3.413	0
7226	363	123	222	0.628	0.486	865.331	3.257	0	141	197	0.420	0.473	861.037	3.399	0
7246	364	66	190	0.627	0.486	865.331	3.119	0	93	168	0.420	0.473	861.037	3.264	0
7266	365	54	179	0.627	0.487	865.331	3.236	0	106	179	0.419	0.473	861.037	3.342	0
7286	366	41	169	0.628	0.487	865.070	3.182	0	120	167	0.420	0.473	860.998	3.296	0
7306	367	110	203	0.628	0.487	865.070	3.354	0	97	183	0.420	0.473	860.998	3.384	0
7326	368	143	215	0.627	0.486	865.070	3.163	0	156	175	0.419	0.473	860.998	3.388	0
7346	369	122	193	0.627	0.486	865.070	3.204	0	188	261	0.419	0.473	860.998	3.470	0
7366	370	145	183	0.627	0.486	865.070	3.331	0	168	152	0.419	0.472	860.998	3.368	0
7386	371	137	179	0.628	0.486	866.305	3.248	0	183	177	0.420	0.472	858.867	3.381	0
7406	372	148	166	0.628	0.485	866.305	3.335	0	153	212	0.420	0.472	858.867	3.330	0
7426	373	120	185	0.627	0.485	866.305	3.279	0	196	196	0.419	0.472	858.867	3.313	0
7445	374	131	192	0.627	0.485	866.305	3.372	0	166	187	0.419	0.472	858.867	3.293	0
7465	375	145	174	0.627	0.485	866.305	3.199	0	164	192	0.419	0.472	858.867	3.351	0
7485	376	156	184	0.628	0.485	867.906	3.210	0	161	185	0.420	0.472	861.268	3.349	0
7505	377	102	219	0.628	0.486	867.906	3.227	0	159	207	0.420	0.472	861.268	3.416	0
7525	378	138	182	0.627	0.486	867.906	3.344	0	156	180	0.419	0.472	861.268	3.234	0
7545	379	73	141	0.627	0.486	867.906	3.100	0	202	184	0.419	0.472	861.268	3.493	0
7565	380	133	216	0.627	0.486	867.906	3.165	0	149	128	0.419	0.473	861.268	3.466	0
7585	381	110	184	0.628	0.486	868.681	3.159	0	162	116	0.420	0.473	859.514	3.437	0
7605	382	139	149	0.628	0.486	868.681	3.319	0	149	156	0.420	0.472	859.514	3.322	0
7625	383	132	240	0.627	0.486	868.681	3.209	0	155	159	0.419	0.472	859.514	3.374	0
7645	384	126	249	0.627	0.486	868.681	3.373	0	118	98	0.419	0.472	859.514	3.238	0
7665	385	41	141	0.627	0.486	868.681	3.280	0	108	236	0.419	0.472	859.514	3.364	0
7685	386	14	197	0.628	0.485	863.260	3.242	0	105	226	0.420	0.472	861.651	3.323	0
7705	387	17	189	0.628	0.485	863.260	3.180	0	129	195	0.420	0.472	861.651	3.512	0
7725	388	67	222	0.627	0.485	863.260	3.190	0	109	208	0.419	0.472	861.651	3.500	0
7745	389	112	254	0.627	0.485	863.260	3.328	0	79	222	0.419	0.472	861.651	3.377	0
7764	390	75	171	0.627	0.486	863.260	3.244	0	83	196	0.419	0.472	861.651	3.473	0
7784	391	92	191	0.628	0.486	864.124	3.293	0	85	210	0.420	0.472	860.235	3.427	0
7804	392	111	261	0.628	0.486	864.124	3.398	0	132	198	0.420	0.472	860.235	3.479	0
7824	393	107	197	0.627	0.486	864.124	3.194	0	122	238	0.419	0.472	860.235	3.471	0
7844	394	114	216	0.627	0.486	864.124	3.288	0	109	183	0.419	0.472	860.235	3.558	0
7864	395	71	200	0.627	0.486	864.124	3.230	0	93	188	0.419	0.472	860.235	3.406	0
7884	396	61	208	0.628	0.486	863.524	3.271	0	77	192	0.420	0.472	861.061	3.420	0
7904	397	105	224	0.628	0.486	863.524	3.375	0	84	193	0.420	0.472	861.061	3.606	0
7924	398	92	250	0.628	0.486	863.524	3.325	0	159	282	0.419	0.472	861.061	3.662	0
7944	399	64	190	0.628	0.486	863.524	3.364	0	101	190	0.419	0.472	861.061	3.629	0
7964	400	99	253	0.628	0.486	863.524	3.379	0	142	242	0.419	0.472	861.061	3.628	0
7984	401	90	232	0.628	0.486	865.125	3.370	0	114	266	0.420	0.472	859.388	3.620	0
8004	402	88	223	0.628	0.486	865.125	3.337	0	128	285	0.420	0.472	859.388	3.693	0
8024	403	66	169	0.627	0.486	865.125	3.436	0	87	172	0.419	0.472	859.388	3.491	0
8044	404	92	229	0.627	0.486	865.125	3.404	0	86	121	0.419	0.472	859.388	3.484	0
8064	405	77	233	0.627	0.486	865.125	3.311	0	107	168	0.419	0.472	859.388	3.460	0
8084	406	91	225	0.628	0.486	863.670	3.345	0	111	145	0.420	0.472	861.232	3.455	0
8104	407	91	255	0.628	0.486	863.670	3.439	0	114	220	0.420	0.472	861.232	3.418	0
8123	408	95	195	0.627	0.486	863.670	3.403	0	105	178	0.419	0.472	861.232	3.540	0
8143	409	95	225	0.627	0.486	863.670	3.495	0	106	165	0.419	0.472	861.232	3.486	0
8163	410	80	206	0.627	0.486	863.670	3.429	0	149	215	0.419	0.473	861.232	3.677	0
8183	411	73	214	0.628	0.486	866.385	3.444	0	166	195	0.420	0.473	859.766	3.698	0
8203	412	119	248	0.628	0.486	866.385	3.374	0	131	211	0.419	0.473	859.766	3.640	0
8223	413	31	218	0.626	0.486	866.385	3.354	0	93	231	0.418	0.473	859.766	3.547	0
8243	414	101	239	0.626	0.486	866.385	3.386	0	102	208	0.418	0.473	859.766	3.387	0
8263	415	92	193	0.626	0.486	866.385	3.358	0	99	187	0.417	0.473	859.766	3.606	0
8283	416	85	192	0.627	0.486	864.442	3.362	0	102	188	0.418	0.473	861.358	3.523	0
8303	417	115	234	0.626	0.486	864.442	3.380	0	108	208	0.418	0.473	861.358	3.467	0
8323	418	59	241	0.625	0.486	864.442	3.246	0	96	191	0.417	0.472	861.358	3.461	0
8343	419	78	219	0.625	0.485	864.442	3.383	0	160	190	0.417	0.472	861.358	3.582	0
8363	420	63	232	0.625	0.485	864.442	3.406	0	123	172	0.416	0.472	861.358	3.583	0
8383	421	71	232	0.625	0.485	864.291	3.375	0	154	168	0.417	0.472	860.313	3.580	0
8403	422	111	211	0.625	0.485	864.291	3.339	0	163	232	0.417	0.472	860.313	3.497	0
8423	423	91	207	0.624	0.485	864.291	3.423	0	130	240	0.416	0.472	860.313	3.463	0
8442	424	89	201	0.624	0.485	864.291	3.405	0	109	154	0.415	0.472	860.313	3.395	0
8462	425	81	254	0.624	0.485	864.291	3.396	0	77	234	0.415	0.472	860.313	3.411	0
8482	426	76	253	0.625	0.485	865.413	3.391	0	52	205	0.416	0.472	859.350	3.423	0
8502	427	63	243	0.624	0.485	865.413	3.310	0	112	147	0.416	0.472	859.350	3.569	0
8522	428	84	203	0.624	0.485	865.413	3.349	0	112	207	0.415	0.472	859.350	3.412	0
8542	429	57	216	0.624	0.485	865.413	3.389	0	71	188	0.415	0.472	859.350	3.507	0
8562	430	102	238	0.624	0.485	865.413	3.252	0	156	196	0.416	0.473	859.350	3.515	0
8582	431	96	216	0.625	0.485	867.642	3.285	0	156	194	0.417	0.472	860.095	3.527	0
8602	432	81	176	0.625	0.485	867.642	3.239	0	135	201	0.417	0.472	860.095	3.554	0
8622	433	80	167	0.624	0.485	867.642	3.449	0	158	202	0.416	0.472	860.095	3.714	0
8642	434	94	218	0.624	0.485	867.642	3.397	0	116	109	0.416	0.472	860.095	3.452	0
8662	435	90	167	0.624	0.485	867.642	3.523	0	85	187	0.415	0.472	860.095	3.431	0
8682	436	102	194	0.625	0.485	862.232	3.508	0	58	162	0.416	0.472	859.547	3.409	0
8702	437	110	225	0.625	0.484	862.232	3.394	0	97	209	0.416	0.472	859.547	3.508	0
8722	438	140	280	0.623	0.485	862.232	3.423	0	178	322	0.415	0.473	859.547	3.570	0
8741	439	368	583	0.621	0.487	862.232	3.397	0	352	627	0.414	0.475	859.547	3.566	0
8761	440	414	650	0.621	0.487	862.232	3.497	0	337	688	0.414	0.475	859.547	3.777	0
8781	441	461	716	0.623	0.488	865.684	3.528	0	322	748	0.415	0.475	862.027	3.841	0
8801	442	411	642	0.623	0.488	865.684	3.459	0	338	715	0.415	0.475	862.027	3.788	0
8821	443	379	703	0.622	0.488	865.684	3.435	0	359	671	0.414	0.475	862.027	3.675	0
8841	444	373	690	0.622	0.488	865.684	3.432	0	377	678	0.414	0.476	862.027	3.727	0
8861	445	376	681	0.622	0.488	865.684	3.534	0	377	672	0.414	0.476	862.027	3.753	0
8881	446	372	671	0.623	0.488	865.911	3.528	0	376	674	0.415	0.476	862.073	3.707	0
8901	447	380	674	0.623	0.488	865.911	3.462	0	403	650	0.415	0.475	862.073	3.777	0
8921	448	363	676	0.622	0.488	865.911	3.458	0	357	648	0.414	0.475	862.073	3.675	0
8941	449	354	666	0.622	0.488	865.911	3.513	0	394	685	0.414	0.475	862.073	3.635	0
8961	450	416	677	0.622	0.487	865.911	3.556	0	398	673	0.414	0.475	862.073	3.753	0
8981	451	430	674	0.623	0.487	866.242	3.577	0	400	681	0.415	0.474	865.445	3.704	0
9001	452	386	666	0.623	0.487	866.242	3.625	0	362	684	0.415	0.474	865.445	3.657	0
9021	453	375	707	0.623	0.487	866.242	3.536	0	355	676	0.415	0.474	865.445	3.812	0
9041	454	289	681	0.623	0.487	866.242	3.569	0	310	665	0.415	0.475	865.445	3.644	0
9060	455	301	648	0.623	0.487	866.242	3.543	0	328	631	0.415	0.475	865.445	3.783	0
9080	456	313	662	0.624	0.487	864.645	3.550	0	304	619	0.416	0.474	866.606	3.723	0
9100	457	342	672	0.624	0.487	864.645	3.481	0	282	658	0.416	0.474	866.606	3.644	0
9120	458	270	672	0.624	0.487	864.645	3.478	0	324	678	0.416	0.474	866.606	3.667	0
9140	459	324	661	0.624	0.487	864.645	3.483	0	320	649	0.416	0.474	866.606	3.715	0
9160	460	282	670	0.624	0.487	864.645	3.481	0	316	626	0.416	0.474	866.606	3.706	0
9180	461	303	667	0.625	0.488	864.519	3.480	0	311	625	0.417	0.474	866.428	3.696	0
9200	462	269	684	0.625	0.488	864.519	3.491	0	317	696	0.417	0.474	866.428	3.869	0
9220	463	308	658	0.625	0.488	864.519	3.348	0	317	673	0.417	0.474	866.428	3.613	0
9240	464	321	656	0.625	0.488	864.519	3.357	0	293	634	0.417	0.474	866.428	3.459	0
9260	465	277	657	0.625	0.488	864.519	3.259	0	298	657	0.417	0.474	866.428	3.480	0
9280	466	270	655	0.626	0.488	866.863	3.240	0	305	641	0.418	0.474	865.151	3.495	0
9300	467	350	630	0.626	0.488	866.863	3.281	0	269	676	0.418	0.474	865.151	3.517	0
9320	468	535	683	0.623	0.488	866.863	3.502	0	531	715	0.415	0.474	865.151	3.609	0
9340	469	931	658	0.619	0.488	866.863	3.352	0	945	649	0.412	0.474	865.151	3.345	0
9360	470	1007	675	0.619	0.487	866.863	3.269	0	1084	594	0.411	0.474	865.151	3.388	0
9379	471	1071	673	0.621	0.487	858.344	3.309	0	1220	587	0.413	0.473	861.505	3.416	0
9399	472	1055	543	0.621	0.487	858.344	3.501	0	-1280	-1024	0.621	0.487	-1.000	-1.000	4
9419	473	1000	601	0.620	0.487	858.344	3.266	0	-1280	-1024	0.620	0.487	-1.000	-1.000	4
9439	474	963	676	0.622	0.488	858.344	3.146	0	971	504	0.414	0.474	861.505	3.405	0
9459	475	990	702	0.622	0.488	858.344	3.196	0	912	643	0.414	0.474	861.505	3.755	0
9479	476	1017	733	0.621	0.488	849.690	3.102	0	912	646	0.413	0.474	857.695	3.739	0
9499	477	982	713	0.621	0.489	849.690	3.212	0	911	699	0.413	0.475	857.695	3.166	0
9519	478	905	545	0.622	0.489	849.690	2.941	0	912	661	0.414	0.475	857.695	3.222	0
9539	479	965	652	0.622	0.489	849.690	3.101	0	901	698	0.414	0.475	857.695	3.326	0
9559	480	975	649	0.622	0.489	849.690	3.371	0	993	621	0.414	0.475	857.695	3.128	0
9579	481	984	635	0.621	0.489	862.453	3.338	0	1025	601	0.413	0.475	877.025	3.249	0
9599	482	987	672	0.621	0.489	862.453	3.192	0	996	630	0.413	0.475	877.025	3.296	0
9619	483	958	664	0.622	0.489	862.453	3.267	0	915	655	0.414	0.475	877.025	3.339	0
9639	484	988	648	0.622	0.489	862.453	3.332	0	946	649	0.413	0.475	877.025	3.388	0
9659	485	988	702	0.622	0.489	862.453	3.390	0	922	633	0.413	0.475	877.025	3.267	0
9679	486	984	694	0.620	0.489	866.493	3.464	0	932	651	0.412	0.475	867.955	3.265	0
9699	487	975	654	0.620	0.489	866.493	3.318	0	923	649	0.412	0.475	867.955	3.313	0
9718	488	980	700	0.621	0.489	866.493	3.316	0	965	586	0.413	0.475	867.955	3.318	0
9738	489	974	669	0.621	0.489	866.493	3.422	0	879	684	0.413	0.475	867.955	3.411	0
9758	490	977	721	0.621	0.489	866.493	3.399	0	935	668	0.413	0.475	867.955	3.421	0
9778	491	977	717	0.621	0.489	866.292	3.375	0	895	662	0.412	0.475	869.342	3.436	0
9798	492	981	722	0.621	0.489	866.292	3.432	0	934	603	0.412	0.475	869.342	3.199	0
9818	493	945	640	0.622	0.490	866.292	3.242	0	905	646	0.413	0.475	869.342	3.469	0
9838	494	938	638	0.622	0.490	866.292	3.311	0	930	631	0.413	0.475	869.342	3.436	0
9858	495	964	660	0.622	0.490	866.292	3.408	0	915	655	0.413	0.475	869.342	3.416	0
9878	496	968	668	0.621	0.490	863.417	3.317	0	924	662	0.413	0.475	858.657	3.355	0
9898	497	977	650	0.621	0.490	863.417	3.309	0	933	664	0.413	0.475	858.657	3.335	0
9918	498	950	643	0.622	0.490	863.417	3.231	0	917	645	0.414	0.475	858.657	3.297	0
9938	499	976	671	0.622	0.489	863.417	3.389	0	910	669	0.414	0.475	858.657	3.191	0
9958	500	973	710	0.622	0.489	863.417	3.280	0	914	658	0.414	0.475	858.657	3.278	0
9978	501	969	718	0.622	0.489	864.640	3.283	0	911	651	0.413	0.475	861.672	3.247	0
9998	502	980	670	0.622	0.489	864.640	3.225	0	922	659	0.413	0.474	861.672	3.241	0
10017	503	970	607	0.623	0.489	864.640	3.123	0	913	671	0.414	0.474	861.672	3.235	0
10037	504	994	716	0.623	0.489	864.640	3.377	0	919	669	0.415	0.474	861.672	3.235	0
10057	505	982	674	0.624	0.489	864.640	3.140	0	977	594	0.415	0.474	861.672	3.099	0
10077	506	990	667	0.623	0.489	868.149	3.243	0	1002	593	0.414	0.474	862.421	3.087	0
10097	507	1024	666	0.623	0.489	868.149	3.292	0	938	641	0.415	0.474	862.421	3.316	0
