1	1	-1280	-1024	-1.000	-1.000	-1.000	-1.000	4	-1280	-1024	-1.000	-1.000	-1.000	-1.000	4
21	2	-1280	-1024	-1.000	-1.000	-1.000	-1.000	4	-1280	-1024	-1.000	-1.000	-1.000	-1.000	4
41	3	-1280	-1024	-1.000	-1.000	-1.000	-1.000	4	-1280	-1024	-1.000	-1.000	-1.000	-1.000	4
61	4	-1280	-1024	-1.000	-1.000	-1.000	-1.000	4	-1280	-1024	-1.000	-1.000	-1.000	-1.000	4
81	5	-1280	-1024	-1.000	-1.000	-1.000	-1.000	4	-1280	-1024	-1.000	-1.000	-1.000	-1.000	4
100	6	-1280	-1024	-1.000	-1.000	-1.000	-1.000	4	-1280	-1024	-1.000	-1.000	-1.000	-1.000	4
120	7	-1280	-1024	-1.000	-1.000	-1.000	-1.000	4	-1280	-1024	-1.000	-1.000	-1.000	-1.000	4
140	8	-1280	-1024	-1.000	-1.000	-1.000	-1.000	4	-1280	-1024	-1.000	-1.000	-1.000	-1.000	4
180	9	-1280	-1024	0.742	0.660	-1.000	-1.000	4	-1280	-1024	0.539	0.669	-1.000	-1.000	4
181	10	-1280	-1024	-1.000	-1.000	-1.000	-1.000	4	-1280	-1024	-1.000	-1.000	-1.000	-1.000	4
240	11	-1280	-1024	-1.000	-1.000	-1.000	-1.000	4	-1280	-1024	-1.000	-1.000	-1.000	-1.000	4
260	12	-1280	-1024	0.742	0.660	-1.000	-1.000	4	-1280	-1024	0.539	0.669	-1.000	-1.000	4
280	13	733	410	0.742	0.661	836.516	3.672	0	716	391	0.539	0.670	827.748	3.403	0
300	14	737	396	0.742	0.660	836.516	3.543	0	-1280	-1024	0.742	0.660	-1.000	-1.000	4
320	15	-1280	-1024	0.540	0.669	-1.000	-1.000	4	574	378	0.540	0.669	827.748	3.358	0
340	16	593	353	0.743	0.660	836.516	3.485	0	-1280	-1024	0.743	0.660	-1.000	-1.000	4
360	17	593	349	0.743	0.660	836.516	3.471	0	568	374	0.540	0.669	827.748	3.234	0
380	18	595	362	0.743	0.661	828.806	3.439	0	568	376	0.540	0.669	826.979	3.231	0
399	19	578	376	0.743	0.660	828.806	3.420	0	-1280	-1024	0.743	0.660	-1.000	-1.000	4
419	20	589	354	0.743	0.660	828.806	3.382	0	-1280	-1024	0.743	0.660	-1.000	-1.000	4
439	21	593	360	0.743	0.660	828.806	3.389	0	578	360	0.540	0.669	826.979	3.225	0
459	22	588	368	0.743	0.660	828.806	3.417	0	-1280	-1024	0.743	0.660	-1.000	-1.000	4
479	23	588	360	0.743	0.661	827.618	3.395	0	-1280	-1024	0.540	0.669	-1.000	-1.000	4
499	24	592	363	0.743	0.660	827.618	3.371	0	-1280	-1024	0.743	0.660	-1.000	-1.000	4
519	25	554	451	0.744	0.661	827.618	3.257	0	519	399	0.541	0.669	830.221	3.117	0
539	26	410	588	0.744	0.662	827.618	3.280	0	-1280	-1024	0.744	0.662	-1.000	-1.000	4
559	27	386	608	0.745	0.662	827.618	3.260	0	-1280	-1024	0.745	0.662	-1.000	-1.000	4
579	28	356	621	0.745	0.663	834.199	3.294	0	-1280	-1024	0.542	0.671	-1.000	-1.000	4
599	29	-1280	-1024	-1.000	-1.000	-1.000	-1.000	4	-1280	-1024	-1.000	-1.000	-1.000	-1.000	4
619	30	-1280	-1024	-1.000	-1.000	-1.000	-1.000	4	-1280	-1024	-1.000	-1.000	-1.000	-1.000	4
639	31	372	620	0.745	0.662	834.199	3.355	0	-1280	-1024	0.745	0.662	-1.000	-1.000	4
659	32	-1280	-1024	-1.000	-1.000	-1.000	-1.000	4	-1280	-1024	-1.000	-1.000	-1.000	-1.000	4
679	33	-1280	-1024	0.745	0.663	-1.000	-1.000	4	-1280	-1024	0.542	0.672	-1.000	-1.000	4
699	34	-1280	-1024	-1.000	-1.000	-1.000	-1.000	4	-1280	-1024	-1.000	-1.000	-1.000	-1.000	4
718	35	-1280	-1024	-1.000	-1.000	-1.000	-1.000	4	-1280	-1024	-1.000	-1.000	-1.000	-1.000	4
738	36	-1280	-1024	-1.000	-1.000	-1.000	-1.000	4	-1280	-1024	-1.000	-1.000	-1.000	-1.000	4
758	37	-1280	-1024	-1.000	-1.000	-1.000	-1.000	4	-1280	-1024	-1.000	-1.000	-1.000	-1.000	4
778	38	-1280	-1024	0.746	0.664	-1.000	-1.000	4	-1280	-1024	0.543	0.672	-1.000	-1.000	4
798	39	-1280	-1024	-1.000	-1.000	-1.000	-1.000	4	-1280	-1024	-1.000	-1.000	-1.000	-1.000	4
818	40	-1280	-1024	-1.000	-1.000	-1.000	-1.000	4	-1280	-1024	-1.000	-1.000	-1.000	-1.000	4
838	41	340	614	0.746	0.664	836.210	3.314	0	-1280	-1024	0.746	0.664	-1.000	-1.000	4
858	42	-1280	-1024	-1.000	-1.000	-1.000	-1.000	4	-1280	-1024	-1.000	-1.000	-1.000	-1.000	4
878	43	-1280	-1024	0.746	0.664	-1.000	-1.000	4	-1280	-1024	0.543	0.672	-1.000	-1.000	4
898	44	346	615	0.746	0.663	834.247	3.225	0	-1280	-1024	0.746	0.663	-1.000	-1.000	4
918	45	-1280	-1024	-1.000	-1.000	-1.000	-1.000	4	-1280	-1024	-1.000	-1.000	-1.000	-1.000	4
938	46	337	601	0.746	0.664	834.247	3.328	0	-1280	-1024	0.746	0.664	-1.000	-1.000	4
958	47	332	629	0.746	0.664	834.247	3.367	0	-1280	-1024	0.746	0.664	-1.000	-1.000	4
978	48	327	625	0.745	0.664	834.717	3.408	0	-1280	-1024	0.542	0.673	-1.000	-1.000	4
998	49	-1280	-1024	-1.000	-1.000	-1.000	-1.000	4	-1280	-1024	-1.000	-1.000	-1.000	-1.000	4
1018	50	456	677	0.745	0.664	834.717	3.423	0	-1280	-1024	0.745	0.664	-1.000	-1.000	4
1037	51	-1280	-1024	-1.000	-1.000	-1.000	-1.000	4	-1280	-1024	-1.000	-1.000	-1.000	-1.000	4
1057	52	418	644	0.744	0.664	834.717	3.346	0	-1280	-1024	0.744	0.664	-1.000	-1.000	4
1077	53	418	644	0.744	0.664	834.708	3.346	0	-1280	-1024	0.541	0.673	-1.000	-1.000	4
1097	54	-1280	-1024	-1.000	-1.000	-1.000	-1.000	4	-1280	-1024	-1.000	-1.000	-1.000	-1.000	4
1117	55	-1280	-1024	-1.000	-1.000	-1.000	-1.000	4	-1280	-1024	-1.000	-1.000	-1.000	-1.000	4
1137	56	407	630	0.744	0.664	834.708	3.208	0	405	626	0.541	0.673	829.362	3.153	0
1157	57	427	648	0.745	0.664	834.708	3.325	0	-1280	-1024	0.745	0.664	-1.000	-1.000	4
1177	58	427	648	0.745	0.664	834.060	3.323	0	-1280	-1024	0.541	0.673	-1.000	-1.000	4
1197	59	-1280	-1024	-1.000	-1.000	-1.000	-1.000	4	-1280	-1024	-1.000	-1.000	-1.000	-1.000	4
1217	60	-1280	-1024	-1.000	-1.000	-1.000	-1.000	4	-1280	-1024	-1.000	-1.000	-1.000	-1.000	4
1237	61	-1280	-1024	-1.000	-1.000	-1.000	-1.000	4	-1280	-1024	-1.000	-1.000	-1.000	-1.000	4
1257	62	-1280	-1024	-1.000	-1.000	-1.000	-1.000	4	-1280	-1024	-1.000	-1.000	-1.000	-1.000	4
1277	63	-1280	-1024	0.740	0.664	-1.000	-1.000	4	-1280	-1024	0.537	0.674	-1.000	-1.000	4
1297	64	978	632	0.740	0.664	833.572	3.236	0	-1280	-1024	0.740	0.664	-1.000	-1.000	4
1317	65	-1280	-1024	-1.000	-1.000	-1.000	-1.000	4	-1280	-1024	-1.000	-1.000	-1.000	-1.000	4
1337	66	979	624	0.740	0.664	833.572	3.265	0	-1280	-1024	0.740	0.664	-1.000	-1.000	4
1356	67	-1280	-1024	-1.000	-1.000	-1.000	-1.000	4	-1280	-1024	-1.000	-1.000	-1.000	-1.000	4
1376	68	-1280	-1024	0.740	0.665	-1.000	-1.000	4	-1280	-1024	0.537	0.674	-1.000	-1.000	4
1396	69	972	653	0.740	0.664	836.033	3.443	0	-1280	-1024	0.740	0.664	-1.000	-1.000	4
1416	70	978	658	0.740	0.664	836.033	3.472	0	-1280	-1024	0.740	0.664	-1.000	-1.000	4
1436	71	1088	633	0.739	0.664	836.033	3.304	0	-1280	-1024	0.739	0.664	-1.000	-1.000	4
1456	72	1080	634	0.739	0.664	836.033	3.319	0	-1280	-1024	0.739	0.664	-1.000	-1.000	4
1476	73	1073	634	0.740	0.665	837.785	3.340	0	-1280	-1024	0.536	0.675	-1.000	-1.000	4
1496	74	1085	633	0.740	0.664	837.785	3.392	0	-1280	-1024	0.740	0.664	-1.000	-1.000	4
1516	75	1077	630	0.740	0.664	837.785	3.312	0	-1280	-1024	0.740	0.664	-1.000	-1.000	4
1536	76	1080	625	0.741	0.664	837.785	3.383	0	-1280	-1024	0.741	0.664	-1.000	-1.000	4
1556	77	1114	601	0.741	0.665	837.785	3.297	0	-1280	-1024	0.741	0.665	-1.000	-1.000	4
1576	78	1111	597	0.742	0.665	836.096	3.310	0	-1280	-1024	0.538	0.675	-1.000	-1.000	4
1596	79	887	399	0.743	0.663	836.096	3.407	0	-1280	-1024	0.743	0.663	-1.000	-1.000	4
1616	80	550	172	0.745	0.662	836.096	3.422	0	-1280	-1024	0.745	0.662	-1.000	-1.000	4
1636	81	351	78	0.747	0.662	836.096	3.423	0	397	117	0.545	0.670	827.405	3.108	0
1656	82	354	77	0.747	0.662	836.096	3.368	0	390	141	0.545	0.670	827.405	3.142	0
1676	83	370	117	0.748	0.662	819.052	3.305	0	392	152	0.545	0.670	822.347	3.123	0
1695	84	382	129	0.748	0.662	819.052	3.315	0	401	135	0.546	0.670	822.347	3.166	0
1715	85	-1280	-1024	0.546	0.670	-1.000	-1.000	4	383	113	0.546	0.670	822.347	3.182	0
1735	86	373	134	0.748	0.663	819.052	3.358	0	-1280	-1024	0.748	0.663	-1.000	-1.000	4
1755	87	377	122	0.748	0.663	819.052	3.340	0	393	136	0.546	0.671	822.347	3.235	0
1775	88	375	116	0.748	0.663	821.245	3.349	0	393	137	0.546	0.671	821.732	3.233	0
1795	89	179	112	0.749	0.663	821.245	3.342	0	194	110	0.547	0.671	821.732	3.209	0
1815	90	188	101	0.750	0.663	821.245	3.400	0	175	109	0.547	0.671	821.732	3.127	0
1835	91	-1280	-1024	0.547	0.671	-1.000	-1.000	4	177	109	0.547	0.671	821.732	3.143	0
1855	92	-1280	-1024	-1.000	-1.000	-1.000	-1.000	4	-1280	-1024	-1.000	-1.000	-1.000	-1.000	4
1875	93	-1280	-1024	0.750	0.664	-1.000	-1.000	4	-1280	-1024	0.547	0.672	-1.000	-1.000	4
1895	94	183	141	0.750	0.663	808.074	3.357	0	172	117	0.547	0.671	822.781	3.255	0
1915	95	-1280	-1024	0.547	0.671	-1.000	-1.000	4	167	109	0.547	0.671	822.781	3.214	0
1935	96	-1280	-1024	0.547	0.671	-1.000	-1.000	4	158	107	0.547	0.671	822.781	3.188	0
1955	97	205	146	0.750	0.663	808.074	3.386	0	162	95	0.547	0.671	822.781	3.187	0
1975	98	207	148	0.750	0.664	807.051	3.382	0	159	93	0.548	0.671	821.563	3.182	0
1995	99	184	112	0.751	0.662	807.051	3.402	0	154	16	0.548	0.670	821.563	3.250	0
2014	100	177	127	0.751	0.662	807.051	3.425	0	159	42	0.548	0.670	821.563	3.218	0
2034	101	177	126	0.751	0.662	807.051	3.438	0	141	35	0.548	0.670	821.563	3.266	0
2054	102	-1280	-1024	-1.000	-1.000	-1.000	-1.000	4	-1280	-1024	-1.000	-1.000	-1.000	-1.000	4
2074	103	-1280	-1024	0.751	0.662	-1.000	-1.000	4	-1280	-1024	0.549	0.670	-1.000	-1.000	4
2094	104	-1280	-1024	0.549	0.670	-1.000	-1.000	4	142	55	0.549	0.670	819.643	3.214	0
2114	105	176	126	0.752	0.661	815.142	3.479	0	-1280	-1024	0.752	0.661	-1.000	-1.000	4
2134	106	182	107	0.752	0.661	815.142	3.583	0	162	43	0.549	0.669	819.643	3.269	0
2154	107	153	105	0.752	0.661	815.142	3.516	0	-1280	-1024	0.752	0.661	-1.000	-1.000	4
2174	108	157	119	0.753	0.662	808.533	3.534	0	-1280	-1024	0.550	0.670	-1.000	-1.000	4
2194	109	-1280	-1024	0.550	0.669	-1.000	-1.000	4	73	50	0.550	0.669	819.275	3.204	0
2214	110	-1280	-1024	-1.000	-1.000	-1.000	-1.000	4	-1280	-1024	-1.000	-1.000	-1.000	-1.000	4
2234	111	-1280	-1024	0.550	0.670	-1.000	-1.000	4	67	52	0.550	0.670	819.275	3.250	0
2254	112	-1280	-1024	0.550	0.671	-1.000	-1.000	4	76	58	0.550	0.671	819.275	3.262	0
2274	113	-1280	-1024	0.754	0.664	-1.000	-1.000	4	73	56	0.551	0.672	820.234	3.277	0
2294	114	112	131	0.754	0.664	806.025	3.429	0	87	45	0.551	0.672	820.234	3.241	0
2314	115	107	138	0.754	0.664	806.025	3.397	0	80	56	0.551	0.672	820.234	3.232	0
2333	116	-1280	-1024	0.551	0.673	-1.000	-1.000	4	85	52	0.551	0.673	820.234	3.231	0
2353	117	-1280	-1024	0.552	0.673	-1.000	-1.000	4	93	57	0.552	0.673	820.234	3.233	0
2373	118	-1280	-1024	0.754	0.666	-1.000	-1.000	4	90	52	0.552	0.673	821.517	3.237	0
2393	119	-1280	-1024	0.552	0.673	-1.000	-1.000	4	76	41	0.552	0.673	821.517	3.255	0
2413	120	-1280	-1024	0.552	0.673	-1.000	-1.000	4	87	43	0.552	0.673	821.517	3.243	0
2433	121	-1280	-1024	0.552	0.672	-1.000	-1.000	4	122	56	0.552	0.672	821.517	3.245	0
2453	122	155	123	0.754	0.665	810.124	3.434	0	140	48	0.552	0.672	821.517	3.241	0
2473	123	153	120	0.755	0.666	811.663	3.440	0	159	54	0.552	0.673	820.814	3.238	0
2493	124	-1280	-1024	0.552	0.672	-1.000	-1.000	4	135	35	0.552	0.672	820.814	3.314	0
2513	125	173	125	0.755	0.664	811.663	3.457	0	131	57	0.552	0.672	820.814	3.250	0
2533	126	157	124	0.755	0.664	811.663	3.397	0	137	43	0.552	0.671	820.814	3.259	0
2553	127	-1280	-1024	0.553	0.671	-1.000	-1.000	4	145	39	0.553	0.671	820.814	3.292	0
2573	128	-1280	-1024	0.755	0.664	-1.000	-1.000	4	144	44	0.553	0.671	821.851	3.264	0
2593	129	168	122	0.755	0.662	811.778	3.459	0	133	47	0.553	0.670	821.851	3.266	0
2613	130	239	117	0.755	0.662	811.778	3.454	0	226	41	0.552	0.670	821.851	3.246	0
2633	131	219	109	0.754	0.661	811.778	3.493	0	223	62	0.552	0.670	821.851	3.222	0
2652	132	-1280	-1024	0.552	0.669	-1.000	-1.000	4	218	59	0.552	0.669	821.851	3.233	0
2672	133	-1280	-1024	0.754	0.661	-1.000	-1.000	4	216	61	0.552	0.669	820.486	3.215	0
2692	134	227	109	0.754	0.660	811.804	3.464	0	218	62	0.552	0.669	820.486	3.202	0
2712	135	218	113	0.754	0.660	811.804	3.486	0	-1280	-1024	0.754	0.660	-1.000	-1.000	4
2732	136	-1280	-1024	0.551	0.668	-1.000	-1.000	4	225	57	0.551	0.668	820.486	3.197	0
2752	137	240	104	0.753	0.659	811.804	3.425	0	226	48	0.551	0.668	820.486	3.175	0
2772	138	239	103	0.753	0.660	812.095	3.426	0	226	47	0.551	0.669	820.954	3.177	0
2792	139	238	107	0.753	0.659	812.095	3.344	0	243	63	0.551	0.668	820.954	3.207	0
2812	140	-1280	-1024	0.550	0.668	-1.000	-1.000	4	222	58	0.550	0.668	820.954	3.237	0
2832	141	239	118	0.752	0.658	812.095	3.438	0	-1280	-1024	0.752	0.658	-1.000	-1.000	4
2852	142	235	114	0.752	0.657	812.095	3.425	0	239	51	0.550	0.667	820.954	3.199	0
2872	143	235	114	0.752	0.658	812.133	3.425	0	237	46	0.549	0.667	822.818	3.206	0
2892	144	237	119	0.751	0.657	812.133	3.430	0	245	56	0.549	0.666	822.818	3.255	0
2912	145	228	116	0.751	0.657	812.133	3.466	0	236	35	0.549	0.666	822.818	3.134	0
2932	146	236	114	0.751	0.657	812.133	3.404	0	244	59	0.548	0.666	822.818	3.250	0
2952	147	222	120	0.750	0.657	812.133	3.474	0	234	58	0.548	0.667	822.818	3.176	0
2971	148	221	114	0.750	0.658	813.956	3.463	0	237	62	0.548	0.667	821.122	3.222	0
2991	149	230	123	0.750	0.657	813.956	3.489	0	235	65	0.547	0.667	821.122	3.229	0
3011	150	240	114	0.749	0.657	813.956	3.451	0	-1280	-1024	0.749	0.657	-1.000	-1.000	4
3031	151	227	107	0.749	0.657	813.956	3.441	0	239	63	0.547	0.667	821.122	3.243	0
3051	152	251	117	0.749	0.656	813.956	3.333	0	227	61	0.546	0.667	821.122	3.168	0
3071	153	251	117	0.748	0.657	813.218	3.296	0	226	58	0.546	0.667	822.359	3.173	0
3091	154	236	127	0.748	0.656	813.218	3.428	0	227	46	0.546	0.667	822.359	3.198	0
3111	155	221	124	0.747	0.656	813.218	3.475	0	-1280	-1024	0.747	0.656	-1.000	-1.000	4
3131	156	-1280	-1024	0.545	0.667	-1.000	-1.000	4	240	47	0.545	0.667	822.359	3.214	0
3151	157	243	126	0.747	0.656	813.218	3.456	0	230	52	0.544	0.667	822.359	3.222	0
3171	158	241	123	0.746	0.657	814.741	3.463	0	230	53	0.544	0.667	822.208	3.221	0
3191	159	232	112	0.746	0.656	814.741	3.428	0	236	37	0.544	0.667	822.208	3.194	0
3211	160	256	113	0.746	0.656	814.741	3.424	0	246	63	0.544	0.667	822.208	3.188	0
3231	161	-1280	-1024	0.543	0.667	-1.000	-1.000	4	239	65	0.543	0.667	822.208	3.244	0
3251	162	271	107	0.745	0.656	814.741	3.393	0	238	64	0.543	0.667	822.208	3.227	0
3271	163	271	107	0.745	0.657	814.986	3.394	0	238	67	0.543	0.668	820.865	3.236	0
3290	164	257	108	0.744	0.656	814.986	3.402	0	231	56	0.542	0.667	820.865	3.136	0
3310	165	260	103	0.744	0.656	814.986	3.416	0	245	65	0.542	0.667	820.865	3.176	0
3330	166	256	108	0.744	0.656	814.986	3.423	0	243	58	0.542	0.667	820.865	3.180	0
3350	167	263	111	0.744	0.656	814.986	3.365	0	-1280	-1024	0.744	0.656	-1.000	-1.000	4
3370	168	265	117	0.743	0.657	812.022	3.359	0	-1280	-1024	0.541	0.668	-1.000	-1.000	4
3390	169	260	127	0.743	0.656	812.022	3.409	0	234	58	0.541	0.668	823.598	3.275	0
3410	170	261	118	0.743	0.656	812.022	3.443	0	244	61	0.541	0.668	823.598	3.220	0
3430	171	222	105	0.743	0.656	812.022	3.454	0	209	54	0.541	0.668	823.598	3.226	0
3450	172	225	115	0.743	0.656	812.022	3.430	0	222	59	0.541	0.667	823.598	3.262	0
3470	173	228	112	0.743	0.657	811.047	3.425	0	216	51	0.541	0.668	825.908	3.243	0
3490	174	238	112	0.743	0.656	811.047	3.434	0	-1280	-1024	0.743	0.656	-1.000	-1.000	4
3510	175	238	126	0.743	0.656	811.047	3.470	0	197	36	0.541	0.667	825.908	3.159	0
3530	176	236	115	0.743	0.656	811.047	3.391	0	206	49	0.541	0.667	825.908	3.214	0
3550	177	241	129	0.743	0.656	811.047	3.421	0	224	55	0.541	0.667	825.908	3.271	0
3570	178	242	130	0.742	0.657	809.310	3.411	0	241	76	0.540	0.667	820.420	3.305	0
3590	179	225	129	0.742	0.656	809.310	3.390	0	226	69	0.540	0.667	820.420	3.209	0
3609	180	238	117	0.742	0.656	809.310	3.433	0	-1280	-1024	0.742	0.656	-1.000	-1.000	4
3629	181	227	129	0.742	0.656	809.310	3.405	0	226	55	0.540	0.667	820.420	3.269	0
3649	182	238	126	0.743	0.656	809.310	3.393	0	215	56	0.540	0.667	820.420	3.278	0
3669	183	228	111	0.742	0.657	814.065	3.427	0	213	48	0.540	0.668	823.730	3.291	0
3689	184	277	106	0.742	0.656	814.065	3.456	0	271	56	0.540	0.668	823.730	3.283	0
3709	185	278	105	0.743	0.657	814.065	3.472	0	281	62	0.540	0.668	823.730	3.252	0
3729	186	276	108	0.743	0.657	814.065	3.368	0	272	48	0.541	0.668	823.730	3.221	0
3749	187	271	109	0.743	0.657	814.065	3.412	0	274	49	0.541	0.668	823.730	3.156	0
3769	188	272	112	0.743	0.658	812.956	3.385	0	280	59	0.541	0.668	820.630	3.111	0
3789	189	278	108	0.743	0.657	812.956	3.450	0	284	77	0.541	0.668	820.630	3.163	0
3809	190	275	108	0.743	0.657	812.956	3.469	0	279	65	0.541	0.668	820.630	3.220	0
3829	191	341	87	0.743	0.657	812.956	3.423	0	341	63	0.541	0.668	820.630	3.274	0
3849	192	340	101	0.743	0.657	812.956	3.402	0	346	69	0.541	0.668	820.630	3.254	0
3869	193	335	82	0.743	0.658	818.144	3.417	0	349	57	0.541	0.668	824.382	3.299	0
3889	194	338	73	0.743	0.657	818.144	3.488	0	336	63	0.541	0.668	824.382	3.228	0
3908	195	337	83	0.743	0.657	818.144	3.450	0	-1280	-1024	0.743	0.657	-1.000	-1.000	4
3928	196	336	78	0.743	0.657	818.144	3.525	0	350	60	0.541	0.668	824.382	3.265	0
3948	197	341	80	0.743	0.657	818.144	3.490	0	338	65	0.541	0.668	824.382	3.257	0
3968	198	341	81	0.743	0.658	816.789	3.484	0	341	77	0.540	0.668	819.621	3.238	0
3988	199	340	80	0.743	0.657	816.789	3.451	0	338	66	0.540	0.668	819.621	3.269	0
4008	200	351	69	0.743	0.657	816.789	3.494	0	339	78	0.540	0.668	819.621	3.190	0
4028	201	340	79	0.743	0.657	816.789	3.505	0	350	73	0.540	0.668	819.621	3.290	0
4048	202	339	82	0.743	0.657	816.789	3.509	0	346	79	0.540	0.668	819.621	3.279	0
4068	203	342	81	0.743	0.658	815.831	3.508	0	349	71	0.540	0.668	822.287	3.276	0
4088	204	357	80	0.743	0.657	815.831	3.420	0	342	63	0.541	0.668	822.287	3.313	0
4108	205	-1280	-1024	0.541	0.668	-1.000	-1.000	4	338	51	0.541	0.668	822.287	3.328	0
4128	206	342	77	0.743	0.657	815.831	3.484	0	327	75	0.541	0.668	822.287	3.229	0
4148	207	-1280	-1024	0.542	0.668	-1.000	-1.000	4	197	74	0.542	0.668	822.287	3.294	0
4168	208	-1280	-1024	0.745	0.658	-1.000	-1.000	4	181	80	0.542	0.669	821.695	3.272	0
4188	209	230	133	0.745	0.657	808.146	3.495	0	193	72	0.542	0.668	821.695	3.287	0
4208	210	228	125	0.745	0.657	808.146	3.459	0	195	79	0.542	0.668	821.695	3.319	0
4228	211	-1280	-1024	0.542	0.668	-1.000	-1.000	4	194	69	0.542	0.668	821.695	3.377	0
4247	212	227	117	0.745	0.657	808.146	3.486	0	195	73	0.542	0.668	821.695	3.322	0
4267	213	224	110	0.745	0.658	811.202	3.499	0	194	71	0.542	0.669	822.720	3.347	0
4287	214	230	123	0.745	0.657	811.202	3.497	0	198	77	0.542	0.668	822.720	3.236	0
4307	215	225	132	0.745	0.657	811.202	3.438	0	197	74	0.542	0.668	822.720	3.348	0
4327	216	217	126	0.745	0.657	811.202	3.463	0	-1280	-1024	0.745	0.657	-1.000	-1.000	4
4347	217	241	124	0.745	0.657	811.202	3.511	0	199	85	0.542	0.668	822.720	3.322	0
4367	218	241	134	0.745	0.658	808.249	3.476	0	198	82	0.542	0.669	823.911	3.327	0
4387	219	236	134	0.745	0.657	808.249	3.487	0	193	75	0.542	0.668	823.911	3.283	0
4407	220	-1280	-1024	-1.000	-1.000	-1.000	-1.000	4	-1280	-1024	-1.000	-1.000	-1.000	-1.000	4
4427	221	241	122	0.746	0.657	808.249	3.530	0	-1280	-1024	0.746	0.657	-1.000	-1.000	4
4447	222	-1280	-1024	0.543	0.668	-1.000	-1.000	4	187	69	0.543	0.668	823.911	3.320	0
4467	223	-1280	-1024	0.746	0.658	-1.000	-1.000	4	188	72	0.543	0.669	822.531	3.315	0
4487	224	242	148	0.746	0.657	809.558	3.456	0	207	75	0.543	0.668	822.531	3.263	0
4507	225	-1280	-1024	0.543	0.668	-1.000	-1.000	4	200	73	0.543	0.668	822.531	3.213	0
4527	226	216	139	0.746	0.658	809.558	3.514	0	184	80	0.544	0.668	822.531	3.279	0
4546	227	214	127	0.747	0.658	809.558	3.440	0	193	78	0.544	0.668	822.531	3.206	0
4566	228	214	127	0.746	0.658	809.392	3.439	0	186	80	0.544	0.668	822.130	3.225	0
4586	229	233	120	0.747	0.657	809.392	3.517	0	231	73	0.544	0.668	822.130	3.300	0
4606	230	230	110	0.747	0.658	809.392	3.514	0	234	62	0.544	0.668	822.130	3.333	0
4626	231	249	114	0.747	0.658	809.392	3.535	0	229	64	0.544	0.668	822.130	3.388	0
4646	232	230	119	0.747	0.658	809.392	3.428	0	229	66	0.545	0.668	822.130	3.283	0
4666	233	234	112	0.747	0.659	810.438	3.429	0	229	69	0.545	0.668	821.639	3.310	0
4686	234	258	123	0.748	0.658	810.438	3.476	0	243	67	0.545	0.668	821.639	3.301	0
4706	235	239	117	0.748	0.658	810.438	3.491	0	218	67	0.545	0.668	821.639	3.320	0
4726	236	230	124	0.748	0.658	810.438	3.482	0	225	54	0.545	0.668	821.639	3.263	0
4746	237	254	127	0.748	0.658	810.438	3.489	0	222	58	0.546	0.668	821.639	3.312	0
4766	238	240	122	0.749	0.659	812.356	3.494	0	228	62	0.546	0.668	818.991	3.298	0
4786	239	233	110	0.749	0.658	812.356	3.528	0	220	69	0.546	0.668	818.991	3.246	0
4806	240	237	116	0.750	0.658	812.356	3.442	0	229	74	0.547	0.668	818.991	3.304	0
4826	241	236	85	0.750	0.658	812.356	3.514	0	243	61	0.548	0.668	818.991	3.290	0
4846	242	-1280	-1024	0.548	0.667	-1.000	-1.000	4	234	44	0.548	0.667	818.991	3.216	0
4865	243	-1280	-1024	0.751	0.659	-1.000	-1.000	4	239	36	0.549	0.668	820.667	3.246	0
4885	244	233	86	0.752	0.658	812.470	3.409	0	251	59	0.549	0.667	820.667	3.180	0
4905	245	-1280	-1024	0.549	0.667	-1.000	-1.000	4	218	65	0.549	0.667	820.667	3.258	0
4925	246	239	114	0.753	0.658	812.470	3.397	0	238	67	0.550	0.667	820.667	3.255	0
4945	247	-1280	-1024	-1.000	-1.000	-1.000	-1.000	4	-1280	-1024	-1.000	-1.000	-1.000	-1.000	4
4965	248	-1280	-1024	0.753	0.659	-1.000	-1.000	4	-1280	-1024	0.550	0.668	-1.000	-1.000	4
4985	249	238	122	0.753	0.658	809.158	3.384	0	241	67	0.551	0.667	821.771	3.170	0
5005	250	-1280	-1024	0.551	0.667	-1.000	-1.000	4	216	52	0.551	0.667	821.771	3.268	0
5025	251	238	115	0.754	0.658	809.158	3.439	0	233	71	0.551	0.667	821.771	3.189	0
5045	252	230	128	0.754	0.658	809.158	3.430	0	235	64	0.551	0.667	821.771	3.244	0
5065	253	226	120	0.754	0.659	812.518	3.444	0	226	58	0.551	0.667	822.593	3.213	0
5085	254	225	111	0.754	0.658	812.518	3.471	0	219	39	0.552	0.667	822.593	3.268	0
5105	255	224	120	0.754	0.658	812.518	3.464	0	221	55	0.552	0.666	822.593	3.260	0
5125	256	226	120	0.754	0.658	812.518	3.431	0	222	48	0.552	0.666	822.593	3.222	0
5145	257	242	117	0.754	0.658	812.518	3.429	0	229	55	0.552	0.666	822.593	3.258	0
5165	258	244	124	0.754	0.659	811.983	3.425	0	229	46	0.552	0.667	825.290	3.254	0
5184	259	206	113	0.755	0.658	811.983	3.442	0	218	95	0.552	0.667	825.290	3.174	0
5204	260	-1280	-1024	0.552	0.667	-1.000	-1.000	4	207	87	0.552	0.667	825.290	3.202	0
5224	261	222	118	0.755	0.659	811.983	3.442	0	215	81	0.552	0.667	825.290	3.249	0
5244	262	-1280	-1024	0.552	0.667	-1.000	-1.000	4	216	70	0.552	0.667	825.290	3.150	0
5264	263	-1280	-1024	0.755	0.660	-1.000	-1.000	4	220	75	0.552	0.668	820.541	3.156	0
5284	264	206	125	0.755	0.659	810.782	3.406	0	194	93	0.552	0.667	820.541	3.160	0
5304	265	225	113	0.755	0.659	810.782	3.360	0	199	93	0.552	0.667	820.541	3.210	0
5324	266	217	115	0.755	0.659	810.782	3.367	0	198	79	0.552	0.667	820.541	3.262	0
5344	267	232	116	0.755	0.659	810.782	3.459	0	205	86	0.552	0.667	820.541	3.234	0
5364	268	230	114	0.755	0.659	812.303	3.449	0	206	78	0.552	0.667	822.029	3.265	0
5384	269	230	120	0.755	0.659	812.303	3.479	0	220	100	0.552	0.667	822.029	3.218	0
5404	270	209	121	0.755	0.659	812.303	3.467	0	214	87	0.552	0.667	822.029	3.157	0
5424	271	211	112	0.754	0.659	812.303	3.488	0	209	97	0.552	0.667	822.029	3.187	0
5444	272	107	124	0.755	0.658	812.303	3.431	0	-1280	-1024	0.755	0.658	-1.000	-1.000	4
5464	273	93	134	0.755	0.659	807.148	3.405	0	-1280	-1024	0.552	0.667	-1.000	-1.000	4
5484	274	115	145	0.755	0.658	807.148	3.429	0	-1280	-1024	0.755	0.658	-1.000	-1.000	4
5503	275	112	155	0.755	0.659	807.148	3.457	0	66	85	0.552	0.667	821.826	3.173	0
5523	276	113	147	0.755	0.659	807.148	3.364	0	-1280	-1024	0.755	0.659	-1.000	-1.000	4
5543	277	107	140	0.755	0.659	807.148	3.387	0	-1280	-1024	0.755	0.659	-1.000	-1.000	4
5563	278	104	140	0.755	0.660	808.463	3.380	0	-1280	-1024	0.552	0.668	-1.000	-1.000	4
5583	279	106	124	0.755	0.659	808.463	3.451	0	-1280	-1024	0.755	0.659	-1.000	-1.000	4
5603	280	99	145	0.755	0.659	808.463	3.432	0	-1280	-1024	0.755	0.659	-1.000	-1.000	4
5623	281	-1280	-1024	0.552	0.668	-1.000	-1.000	4	67	84	0.552	0.668	823.524	3.170	0
5643	282	104	139	0.755	0.659	808.463	3.426	0	-1280	-1024	0.755	0.659	-1.000	-1.000	4
5663	283	106	142	0.755	0.660	807.136	3.420	0	-1280	-1024	0.553	0.668	-1.000	-1.000	4
5683	284	95	141	0.755	0.659	807.136	3.422	0	81	78	0.553	0.668	823.140	3.266	0
5703	285	105	134	0.756	0.659	807.136	3.405	0	-1280	-1024	0.756	0.659	-1.000	-1.000	4
5723	286	97	133	0.756	0.659	807.136	3.428	0	77	66	0.553	0.668	823.140	3.166	0
5743	287	-1280	-1024	0.553	0.667	-1.000	-1.000	4	76	55	0.553	0.667	823.140	3.221	0
5763	288	-1280	-1024	0.756	0.660	-1.000	-1.000	4	77	57	0.554	0.668	822.424	3.218	0
5783	289	-1280	-1024	-1.000	-1.000	-1.000	-1.000	4	-1280	-1024	-1.000	-1.000	-1.000	-1.000	4
5803	290	92	163	0.757	0.659	807.529	3.469	0	78	67	0.554	0.667	822.424	3.252	0
5822	291	97	135	0.757	0.659	807.529	3.420	0	84	62	0.554	0.667	822.424	3.206	0
5842	292	111	136	0.757	0.659	807.529	3.456	0	96	73	0.554	0.667	822.424	3.235	0
5862	293	119	134	0.756	0.660	808.806	3.440	0	106	77	0.553	0.668	821.098	3.209	0
5882	294	235	126	0.756	0.659	808.806	3.430	0	224	75	0.554	0.667	821.098	3.186	0
5902	295	235	116	0.756	0.659	808.806	3.408	0	219	83	0.554	0.667	821.098	3.270	0
5922	296	231	120	0.757	0.659	808.806	3.436	0	234	78	0.554	0.667	821.098	3.221	0
5942	297	219	121	0.757	0.659	808.806	3.417	0	243	100	0.554	0.667	821.098	3.237	0
5962	298	213	115	0.757	0.660	811.756	3.424	0	246	103	0.554	0.668	821.098	3.253	0
5982	299	-1280	-1024	0.554	0.667	-1.000	-1.000	4	232	73	0.554	0.667	821.098	3.171	0
6002	300	231	118	0.757	0.659	811.756	3.475	0	218	94	0.554	0.667	821.098	3.281	0
6022	301	-1280	-1024	0.554	0.667	-1.000	-1.000	4	223	78	0.554	0.667	821.098	3.185	0
6042	302	228	108	0.757	0.660	811.756	3.431	0	226	78	0.555	0.667	821.098	3.218	0
6062	303	227	107	0.758	0.660	812.029	3.433	0	221	78	0.555	0.668	821.270	3.254	0
6082	304	227	118	0.758	0.660	812.029	3.426	0	227	88	0.555	0.668	821.270	3.199	0
6102	305	226	124	0.758	0.660	812.029	3.405	0	224	83	0.555	0.668	821.270	3.224	0
6122	306	-1280	-1024	0.556	0.668	-1.000	-1.000	4	223	90	0.556	0.668	821.270	3.181	0
6142	307	237	111	0.758	0.660	812.029	3.417	0	220	82	0.556	0.668	821.270	3.169	0
6162	308	237	111	0.759	0.661	811.915	3.417	0	216	78	0.556	0.668	823.512	3.177	0
6181	309	221	119	0.758	0.660	811.915	3.440	0	221	76	0.556	0.668	823.512	3.260	0
6201	310	187	108	0.759	0.660	811.915	3.371	0	138	70	0.556	0.668	823.512	3.269	0
6221	311	-1280	-1024	0.556	0.668	-1.000	-1.000	4	107	65	0.556	0.668	823.512	3.210	0
6241	312	130	117	0.759	0.660	811.915	3.413	0	121	83	0.556	0.668	823.512	3.211	0
6261	313	130	118	0.758	0.661	811.582	3.412	0	105	81	0.556	0.668	823.909	3.213	0
6281	314	134	123	0.758	0.660	811.582	3.431	0	114	71	0.556	0.668	823.909	3.303	0
6301	315	-1280	-1024	0.555	0.668	-1.000	-1.000	4	121	40	0.555	0.668	823.909	3.207	0
6321	316	130	138	0.758	0.660	811.582	3.394	0	112	51	0.555	0.668	823.909	3.152	0
6341	317	129	140	0.758	0.660	811.582	3.352	0	103	75	0.555	0.668	823.909	3.233	0
6361	318	131	144	0.757	0.661	809.701	3.345	0	104	65	0.555	0.669	822.992	3.220	0
6381	319	-1280	-1024	0.555	0.669	-1.000	-1.000	4	97	71	0.555	0.669	822.992	3.220	0
6401	320	89	130	0.757	0.661	809.701	3.375	0	-1280	-1024	0.757	0.661	-1.000	-1.000	4
6421	321	102	139	0.757	0.661	809.701	3.408	0	72	79	0.555	0.669	822.992	3.208	0
6441	322	-1280	-1024	0.555	0.669	-1.000	-1.000	4	81	79	0.555	0.669	822.992	3.219	0
6461	323	-1280	-1024	0.757	0.662	-1.000	-1.000	4	79	75	0.555	0.669	824.392	3.224	0
6480	324	-1280	-1024	0.555	0.669	-1.000	-1.000	4	86	77	0.555	0.669	824.392	3.206	0
6500	325	89	125	0.757	0.661	809.414	3.440	0	77	64	0.555	0.669	824.392	3.210	0
6520	326	95	131	0.757	0.661	809.414	3.417	0	77	74	0.555	0.669	824.392	3.170	0
6540	327	-1280	-1024	0.555	0.669	-1.000	-1.000	4	73	64	0.555	0.669	824.392	3.164	0
6560	328	-1280	-1024	0.758	0.662	-1.000	-1.000	4	70	64	0.555	0.669	825.303	3.162	0
6580	329	-1280	-1024	0.555	0.669	-1.000	-1.000	4	60	64	0.555	0.669	825.303	3.203	0
6600	330	-1280	-1024	-1.000	-1.000	-1.000	-1.000	4	-1280	-1024	-1.000	-1.000	-1.000	-1.000	4
6620	331	-1280	-1024	0.555	0.669	-1.000	-1.000	4	152	34	0.555	0.669	825.303	3.261	0
6640	332	-1280	-1024	0.554	0.668	-1.000	-1.000	4	231	33	0.554	0.668	825.303	3.201	0
6660	333	-1280	-1024	0.756	0.661	-1.000	-1.000	4	281	33	0.554	0.669	823.376	3.212	0
6680	334	238	89	0.756	0.660	816.633	3.406	0	233	36	0.554	0.668	823.376	3.204	0
6700	335	241	85	0.757	0.660	816.633	3.369	0	242	33	0.554	0.668	823.376	3.196	0
6720	336	236	95	0.757	0.660	816.633	3.454	0	242	26	0.554	0.668	823.376	3.200	0
6740	337	236	87	0.757	0.660	816.633	3.411	0	237	17	0.554	0.668	823.376	3.094	0
6760	338	237	89	0.757	0.661	816.053	3.412	0	243	19	0.554	0.669	820.753	3.072	0
6780	339	243	93	0.757	0.660	816.053	3.424	0	234	22	0.554	0.668	820.753	3.154	0
6799	340	246	92	0.757	0.660	816.053	3.387	0	244	15	0.554	0.668	820.753	3.096	0
6819	341	243	87	0.757	0.660	816.053	3.422	0	237	24	0.554	0.668	820.753	3.161	0
6839	342	240	91	0.757	0.660	816.053	3.424	0	232	27	0.554	0.668	820.753	3.188	0
6859	343	239	87	0.757	0.661	816.972	3.418	0	236	28	0.554	0.669	820.029	3.175	0
6879	344	237	90	0.757	0.660	816.972	3.487	0	247	42	0.554	0.668	820.029	3.151	0
6899	345	249	75	0.757	0.660	816.972	3.350	0	235	34	0.554	0.668	820.029	3.184	0
6919	346	222	99	0.757	0.660	816.972	3.392	0	219	41	0.554	0.669	820.029	3.195	0
6939	347	229	110	0.757	0.660	816.972	3.379	0	-1280	-1024	0.757	0.660	-1.000	-1.000	4
6959	348	233	120	0.757	0.661	813.039	3.351	0	-1280	-1024	0.554	0.669	-1.000	-1.000	4
6979	349	231	125	0.757	0.660	813.039	3.382	0	-1280	-1024	0.757	0.660	-1.000	-1.000	4
6999	350	223	121	0.757	0.660	813.039	3.347	0	-1280	-1024	0.757	0.660	-1.000	-1.000	4
7019	351	221	110	0.757	0.660	813.039	3.446	0	210	27	0.554	0.668	823.879	3.214	0
7039	352	-1280	-1024	0.554	0.668	-1.000	-1.000	4	212	36	0.554	0.668	823.879	3.232	0
7059	353	-1280	-1024	0.757	0.661	-1.000	-1.000	4	215	44	0.554	0.669	820.656	3.219	0
7079	354	-1280	-1024	0.554	0.668	-1.000	-1.000	4	222	34	0.554	0.668	820.656	3.204	0
7099	355	-1280	-1024	0.554	0.668	-1.000	-1.000	4	218	37	0.554	0.668	820.656	3.180	0
7118	356	-1280	-1024	0.554	0.668	-1.000	-1.000	4	214	41	0.554	0.668	820.656	3.172	0
7138	357	-1280	-1024	0.554	0.668	-1.000	-1.000	4	208	42	0.554	0.668	820.656	3.208	0
7158	358	-1280	-1024	0.756	0.660	-1.000	-1.000	4	203	41	0.554	0.668	821.830	3.199	0
7178	359	-1280	-1024	0.554	0.668	-1.000	-1.000	4	203	36	0.554	0.668	821.830	3.189	0
7198	360	226	99	0.756	0.659	812.192	3.430	0	216	39	0.554	0.668	821.830	3.231	0
7218	361	218	94	0.756	0.659	812.192	3.391	0	207	46	0.554	0.668	821.830	3.200	0
7238	362	214	119	0.756	0.660	812.192	3.352	0	227	103	0.553	0.668	821.830	3.195	0
7258	363	214	131	0.756	0.660	809.395	3.301	0	228	114	0.553	0.668	820.958	3.206	0
7278	364	231	120	0.756	0.659	809.395	3.295	0	208	71	0.553	0.668	820.958	3.075	0
7298	365	223	107	0.755	0.659	809.395	3.360	0	233	72	0.553	0.668	820.958	3.154	0
7318	366	-1280	-1024	0.553	0.668	-1.000	-1.000	4	216	94	0.553	0.668	820.958	3.233	0
7338	367	220	127	0.755	0.659	809.395	3.407	0	220	90	0.552	0.668	820.958	3.148	0
7358	368	221	129	0.755	0.660	808.691	3.404	0	229	89	0.552	0.668	820.405	3.170	0
7378	369	221	111	0.755	0.659	808.691	3.416	0	211	80	0.552	0.668	820.405	3.147	0
7398	370	221	127	0.755	0.658	808.691	3.381	0	226	63	0.553	0.667	820.405	3.143	0
7418	371	219	120	0.755	0.658	808.691	3.414	0	226	63	0.553	0.667	820.405	3.223	0
7437	372	234	137	0.756	0.658	808.691	3.326	0	229	70	0.553	0.667	820.405	3.158	0
7457	373	235	139	0.756	0.659	808.242	3.317	0	230	73	0.553	0.668	819.863	3.175	0
7477	374	207	123	0.756	0.658	808.242	3.381	0	161	69	0.553	0.667	819.863	3.176	0
7497	375	124	121	0.757	0.658	808.242	3.420	0	-1280	-1024	0.757	0.658	-1.000	-1.000	4
7517	376	122	144	0.757	0.658	808.242	3.369	0	92	64	0.554	0.667	819.863	3.087	0
7537	377	116	120	0.757	0.658	808.242	3.346	0	92	56	0.554	0.667	819.863	3.131	0
7557	378	115	131	0.757	0.659	805.913	3.341	0	90	52	0.554	0.668	821.413	3.137	0
7577	379	125	143	0.757	0.658	805.913	3.324	0	97	60	0.554	0.667	821.413	3.213	0
7597	380	123	140	0.757	0.658	805.913	3.393	0	-1280	-1024	0.757	0.658	-1.000	-1.000	4
7617	381	123	134	0.757	0.658	805.913	3.358	0	97	63	0.554	0.667	821.413	3.184	0
7637	382	123	126	0.757	0.658	805.913	3.363	0	106	61	0.554	0.667	821.413	3.154	0
7657	383	121	119	0.757	0.659	807.138	3.374	0	108	66	0.554	0.668	819.721	3.148	0
7677	384	130	135	0.757	0.658	807.138	3.415	0	113	66	0.554	0.667	819.721	3.175	0
7697	385	131	128	0.757	0.658	807.138	3.435	0	100	69	0.554	0.667	819.721	3.143	0
7717	386	125	149	0.757	0.658	807.138	3.441	0	100	69	0.554	0.667	819.721	3.245	0
7737	387	120	140	0.757	0.658	807.138	3.376	0	102	72	0.554	0.667	819.721	3.136	0
7756	388	118	141	0.757	0.659	807.788	3.386	0	103	74	0.554	0.668	819.322	3.166	0
7776	389	243	124	0.757	0.659	807.788	3.383	0	230	93	0.554	0.667	819.322	3.193	0
7796	390	246	131	0.757	0.659	807.788	3.342	0	236	78	0.554	0.667	819.322	3.104	0
7816	391	232	139	0.757	0.659	807.788	3.348	0	-1280	-1024	0.757	0.659	-1.000	-1.000	4
7836	392	246	137	0.757	0.659	807.788	3.381	0	218	77	0.554	0.667	819.322	3.145	0
7856	393	239	129	0.757	0.659	810.416	3.373	0	219	79	0.554	0.668	818.506	3.142	0
7876	394	-1280	-1024	0.554	0.667	-1.000	-1.000	4	216	96	0.554	0.667	818.506	3.189	0
7896	395	219	107	0.757	0.659	810.416	3.397	0	208	83	0.554	0.667	818.506	3.184	0
7916	396	233	124	0.757	0.659	810.416	3.445	0	221	83	0.554	0.667	818.506	3.150	0
7936	397	241	117	0.757	0.659	810.416	3.414	0	215	114	0.554	0.667	818.506	3.232	0
7956	398	237	99	0.757	0.659	821.896	3.484	0	212	101	0.554	0.668	821.578	3.236	0
7976	399	236	147	0.757	0.659	821.896	3.462	0	235	161	0.554	0.668	821.578	3.215	0
7996	400	236	157	0.757	0.659	821.896	3.488	0	225	149	0.554	0.668	821.578	3.198	0
8016	401	245	156	0.757	0.659	821.896	3.458	0	230	158	0.554	0.668	821.578	3.224	0
8036	402	247	161	0.757	0.659	821.896	3.420	0	239	168	0.554	0.668	821.578	3.175	0
8056	403	251	166	0.757	0.659	820.121	3.415	0	235	166	0.553	0.668	821.609	3.176	0
8075	404	250	150	0.757	0.659	820.121	3.503	0	233	150	0.553	0.667	821.609	3.291	0
8095	405	256	148	0.757	0.659	820.121	3.461	0	237	157	0.553	0.667	821.609	3.210	0
8115	406	249	160	0.757	0.659	820.121	3.443	0	237	144	0.554	0.667	821.609	3.184	0
8135	407	248	145	0.757	0.659	820.121	3.461	0	-1280	-1024	0.757	0.659	-1.000	-1.000	4
8155	408	251	153	0.757	0.659	817.585	3.445	0	-1280	-1024	0.554	0.668	-1.000	-1.000	4
8175	409	247	153	0.757	0.659	817.585	3.491	0	225	153	0.554	0.667	819.509	3.158	0
8195	410	239	173	0.757	0.659	817.585	3.484	0	232	164	0.554	0.667	819.509	3.187	0
8215	411	244	174	0.757	0.659	817.585	3.410	0	-1280	-1024	0.757	0.659	-1.000	-1.000	4
8235	412	244	159	0.757	0.659	817.585	3.493	0	221	167	0.554	0.667	819.509	3.188	0
8255	413	242	164	0.757	0.659	820.496	3.484	0	219	163	0.553	0.668	821.452	3.195	0
8275	414	242	129	0.757	0.660	820.496	3.467	0	233	154	0.553	0.668	821.452	3.238	0
8295	415	137	162	0.758	0.660	820.496	3.500	0	99	169	0.554	0.668	821.452	3.174	0
8315	416	118	122	0.758	0.660	820.496	3.461	0	-1280	-1024	0.758	0.660	-1.000	-1.000	4
8335	417	-1280	-1024	0.554	0.668	-1.000	-1.000	4	106	168	0.554	0.668	821.452	3.202	0
8355	418	-1280	-1024	0.758	0.659	-1.000	-1.000	4	105	166	0.554	0.668	822.081	3.204	0
8374	419	122	151	0.758	0.659	815.899	3.416	0	-1280	-1024	0.758	0.659	-1.000	-1.000	4
8394	420	118	160	0.757	0.659	815.899	3.479	0	95	163	0.554	0.667	822.081	3.210	0
8414	421	131	176	0.757	0.659	815.899	3.433	0	96	167	0.554	0.667	822.081	3.256	0
8434	422	118	169	0.757	0.659	815.899	3.413	0	112	163	0.554	0.667	822.081	3.202	0
8454	423	120	174	0.757	0.659	817.297	3.438	0	118	163	0.554	0.668	822.486	3.216	0
8474	424	119	147	0.758	0.660	817.297	3.524	0	93	179	0.554	0.668	822.486	3.244	0
8494	425	104	154	0.758	0.660	817.297	3.490	0	-1280	-1024	0.758	0.660	-1.000	-1.000	4
8514	426	108	156	0.758	0.660	817.297	3.543	0	-1280	-1024	0.758	0.660	-1.000	-1.000	4
8534	427	127	169	0.758	0.660	817.297	3.440	0	90	170	0.554	0.668	822.486	3.182	0
8554	428	122	174	0.758	0.660	817.085	3.441	0	92	174	0.555	0.668	820.759	3.175	0
8574	429	164	173	0.758	0.660	817.085	3.483	0	133	183	0.555	0.668	820.759	3.229	0
8594	430	258	192	0.757	0.660	817.085	3.391	0	237	188	0.554	0.668	820.759	3.231	0
8614	431	253	173	0.757	0.660	817.085	3.483	0	231	183	0.554	0.668	820.759	3.257	0
8634	432	264	187	0.757	0.660	817.085	3.443	0	235	178	0.554	0.668	820.759	3.260	0
8654	433	260	169	0.757	0.660	821.243	3.433	0	229	165	0.554	0.668	824.641	3.279	0
8674	434	243	166	0.757	0.660	821.243	3.450	0	224	167	0.554	0.667	824.641	3.194	0
8693	435	236	148	0.757	0.660	821.243	3.430	0	217	156	0.554	0.667	824.641	3.241	0
8713	436	239	143	0.757	0.660	821.243	3.492	0	244	161	0.553	0.667	824.641	3.232	0
8733	437	249	154	0.757	0.660	821.243	3.455	0	232	157	0.553	0.667	824.641	3.144	0
8753	438	247	155	0.757	0.660	821.281	3.461	0	236	158	0.553	0.668	824.329	3.160	0
8773	439	247	156	0.756	0.660	821.281	3.461	0	218	154	0.553	0.667	824.329	3.207	0
8793	440	247	155	0.756	0.660	821.281	3.443	0	244	175	0.553	0.668	824.329	3.185	0
8813	441	279	164	0.756	0.660	821.281	3.465	0	267	181	0.552	0.668	824.329	3.239	0
8833	442	277	173	0.756	0.660	821.281	3.459	0	258	183	0.552	0.668	824.329	3.226	0
8853	443	278	183	0.756	0.660	818.219	3.443	0	272	190	0.552	0.668	822.428	3.223	0
8873	444	272	178	0.755	0.660	818.219	3.408	0	269	189	0.552	0.668	822.428	3.202	0
8893	445	271	173	0.755	0.660	818.219	3.358	0	268	181	0.552	0.668	822.428	3.283	0
8913	446	-1280	-1024	0.552	0.668	-1.000	-1.000	4	275	191	0.552	0.668	822.428	3.215	0
8933	447	276	182	0.755	0.660	818.219	3.383	0	275	196	0.552	0.668	822.428	3.230	0
8953	448	275	181	0.755	0.660	818.834	3.386	0	276	196	0.552	0.668	821.711	3.253	0
8973	449	279	184	0.755	0.660	818.834	3.392	0	279	181	0.552	0.668	821.711	3.208	0
8993	450	269	174	0.755	0.660	818.834	3.384	0	267	200	0.552	0.668	821.711	3.218	0
9012	451	279	175	0.755	0.660	818.834	3.432	0	271	181	0.552	0.668	821.711	3.141	0
9032	452	279	187	0.755	0.660	818.834	3.346	0	-1280	-1024	0.755	0.660	-1.000	-1.000	4
9052	453	278	184	0.755	0.660	817.826	3.346	0	-1280	-1024	0.552	0.669	-1.000	-1.000	4
9072	454	288	177	0.755	0.660	817.826	3.417	0	264	179	0.552	0.668	823.025	3.239	0
9092	455	280	180	0.755	0.660	817.826	3.402	0	268	171	0.552	0.668	823.025	3.233	0
9112	456	285	177	0.755	0.660	817.826	3.423	0	270	178	0.552	0.668	823.025	3.283	0
9132	457	-1280	-1024	0.552	0.668	-1.000	-1.000	4	277	184	0.552	0.668	823.025	3.209	0
9152	458	-1280	-1024	0.756	0.660	-1.000	-1.000	4	281	185	0.552	0.669	821.971	3.212	0
9172	459	275	166	0.756	0.660	819.604	3.410	0	270	173	0.552	0.668	821.971	3.215	0
9192	460	-1280	-1024	0.552	0.668	-1.000	-1.000	4	275	187	0.552	0.668	821.971	3.167	0
9212	461	279	187	0.756	0.660	819.604	3.429	0	256	180	0.552	0.668	821.971	3.200	0
9232	462	281	184	0.756	0.660	819.604	3.394	0	268	175	0.553	0.669	821.971	3.274	0
9252	463	280	183	0.757	0.660	820.258	3.397	0	267	185	0.553	0.669	819.644	3.254	0
9272	464	256	158	0.757	0.661	820.258	3.415	0	246	192	0.554	0.669	819.644	3.150	0
9292	465	251	181	0.758	0.661	820.258	3.412	0	-1280	-1024	0.758	0.661	-1.000	-1.000	4
9312	466	271	167	0.758	0.661	820.258	3.413	0	244	191	0.554	0.669	819.644	3.205	0
9331	467	246	195	0.758	0.661	820.258	3.358	0	253	186	0.555	0.669	819.644	3.194	0
9351	468	251	194	0.759	0.661	820.683	3.354	0	252	183	0.555	0.669	820.695	3.198	0
9371	469	264	187	0.759	0.661	820.683	3.428	0	243	193	0.556	0.669	820.695	3.235	0
9391	470	259	171	0.759	0.661	820.683	3.436	0	236	185	0.556	0.669	820.695	3.218	0
9411	471	264	172	0.760	0.661	820.683	3.437	0	-1280	-1024	0.760	0.661	-1.000	-1.000	4
9431	472	262	179	0.760	0.661	820.683	3.459	0	252	191	0.556	0.668	820.695	3.145	0
9451	473	260	169	0.760	0.661	821.476	3.469	0	250	185	0.556	0.669	823.623	3.156	0
9471	474	-1280	-1024	0.557	0.668	-1.000	-1.000	4	248	184	0.557	0.668	823.623	3.232	0
9491	475	257	172	0.760	0.661	821.476	3.473	0	-1280	-1024	0.760	0.661	-1.000	-1.000	4
9511	476	223	168	0.760	0.661	821.476	3.437	0	216	159	0.557	0.668	823.623	3.213	0
9531	477	156	141	0.761	0.661	821.476	3.482	0	140	164	0.558	0.668	823.623	3.232	0
9551	478	113	133	0.761	0.661	819.629	3.465	0	141	167	0.558	0.669	822.430	3.228	0
9571	479	147	153	0.761	0.661	819.629	3.418	0	130	157	0.558	0.668	822.430	3.291	0
9591	480	-1280	-1024	0.558	0.668	-1.000	-1.000	4	134	149	0.558	0.668	822.430	3.227	0
9611	481	-1280	-1024	0.558	0.668	-1.000	-1.000	4	143	154	0.558	0.668	822.430	3.219	0
9631	482	145	146	0.761	0.661	819.629	3.432	0	115	165	0.558	0.668	822.430	3.237	0
9650	483	147	149	0.761	0.661	818.310	3.427	0	119	165	0.558	0.669	821.257	3.232	0
9670	484	144	135	0.761	0.661	818.310	3.465	0	138	160	0.558	0.668	821.257	3.271	0
9690	485	151	159	0.761	0.661	818.310	3.430	0	136	165	0.558	0.668	821.257	3.168	0
9710	486	157	149	0.761	0.661	818.310	3.469	0	149	149	0.558	0.668	821.257	3.178	0
9730	487	166	162	0.762	0.661	818.310	3.417	0	147	154	0.558	0.668	821.257	3.187	0
9750	488	171	157	0.762	0.661	819.452	3.430	0	147	154	0.559	0.669	820.171	3.192	0
9770	489	123	144	0.762	0.661	819.452	3.411	0	104	169	0.559	0.668	820.171	3.168	0
9790	490	-1280	-1024	-1.000	-1.000	-1.000	-1.000	4	-1280	-1024	-1.000	-1.000	-1.000	-1.000	4
9810	491	133	144	0.762	0.661	819.452	3.425	0	106	178	0.559	0.668	820.171	3.198	0
9830	492	-1280	-1024	0.559	0.668	-1.000	-1.000	4	112	173	0.559	0.668	820.171	3.199	0
9850	493	-1280	-1024	0.762	0.661	-1.000	-1.000	4	112	174	0.559	0.669	821.090	3.203	0
9870	494	132	154	0.762	0.661	818.263	3.401	0	108	178	0.558	0.668	821.090	3.236	0
9890	495	126	167	0.762	0.661	818.263	3.444	0	-1280	-1024	0.762	0.661	-1.000	-1.000	4
9910	496	135	179	0.762	0.661	818.263	3.449	0	112	180	0.558	0.668	821.090	3.191	0
9930	497	132	163	0.762	0.661	818.263	3.447	0	109	172	0.558	0.668	821.090	3.145	0
9950	498	130	165	0.762	0.661	818.572	3.450	0	109	172	0.558	0.669	820.879	3.144	0
9969	499	-1280	-1024	0.558	0.669	-1.000	-1.000	4	250	356	0.558	0.669	820.879	3.234	0
9989	500	355	544	0.760	0.662	818.572	3.453	0	-1280	-1024	0.760	0.662	-1.000	-1.000	4
10009	501	-1280	-1024	0.557	0.670	-1.000	-1.000	4	339	512	0.557	0.670	820.879	3.133	0
10029	502	365	539	0.760	0.661	818.572	3.471	0	-1280	-1024	0.760	0.661	-1.000	-1.000	4
10049	503	351	516	0.760	0.662	835.554	3.542	0	-1280	-1024	0.557	0.670	-1.000	-1.000	4
10069	504	-1280	-1024	-1.000	-1.000	-1.000	-1.000	4	-1280	-1024	-1.000	-1.000	-1.000	-1.000	4
10089	505	-1280	-1024	-1.000	-1.000	-1.000	-1.000	4	-1280	-1024	-1.000	-1.000	-1.000	-1.000	4
10109	506	-1280	-1024	-1.000	-1.000	-1.000	-1.000	4	-1280	-1024	-1.000	-1.000	-1.000	-1.000	4
