16	1	-1280	-1024	0.772	0.445	-1.000	-1.000	4	-1280	-1024	0.523	0.420	-1.000	-1.000	4
36	2	245	441	0.772	0.445	783.668	4.818	0	354	725	0.522	0.420	779.206	4.154	0
56	3	335	715	0.772	0.445	783.668	3.805	0	308	705	0.522	0.420	779.206	3.842	0
76	4	317	701	0.773	0.445	783.668	3.812	0	302	720	0.522	0.420	779.206	3.761	0
96	5	346	721	0.773	0.446	783.668	3.786	0	290	729	0.522	0.420	779.206	3.854	0
116	6	347	712	0.773	0.446	790.721	3.816	0	288	708	0.522	0.420	795.125	3.908	0
136	7	300	690	0.773	0.446	790.721	3.888	0	311	675	0.522	0.420	795.125	3.973	0
156	8	341	712	0.772	0.446	790.721	3.916	0	308	681	0.521	0.420	795.125	3.891	0
202	9	298	718	0.772	0.445	790.721	3.990	0	302	715	0.521	0.420	795.125	4.042	0
203	10	299	701	0.771	0.445	790.721	3.825	0	330	704	0.521	0.420	795.125	3.946	0
215	11	-1280	-1024	-1.000	-1.000	-1.000	-1.000	4	-1280	-1024	-1.000	-1.000	-1.000	-1.000	4
235	12	438	466	0.769	0.441	790.721	3.846	0	485	399	0.519	0.416	795.125	4.110	0
255	13	465	469	0.769	0.442	790.721	4.106	0	444	447	0.519	0.417	795.125	3.914	0
275	14	492	476	0.770	0.442	788.023	4.130	0	498	512	0.519	0.417	784.887	3.915	0
315	15	484	423	0.770	0.442	788.023	4.118	0	498	384	0.519	0.417	784.887	4.138	0
335	16	431	421	0.770	0.441	788.023	3.832	0	402	402	0.519	0.416	784.887	4.100	0
355	17	437	461	0.769	0.441	788.023	3.733	0	426	423	0.518	0.416	784.887	3.741	0
375	18	447	410	0.769	0.441	788.023	3.745	0	459	468	0.518	0.416	784.887	3.658	0
395	19	457	418	0.769	0.441	787.798	3.756	0	493	492	0.518	0.416	783.781	3.569	0
415	20	458	438	0.769	0.441	787.798	3.717	0	476	420	0.518	0.416	783.781	3.800	0
435	21	465	449	0.769	0.440	787.798	3.749	0	494	371	0.518	0.416	783.781	3.939	0
455	22	453	448	0.769	0.440	787.798	3.620	0	451	422	0.518	0.416	783.781	3.707	0
475	23	455	447	0.769	0.440	787.798	3.713	0	458	410	0.518	0.416	783.781	3.687	0
495	24	456	445	0.770	0.441	788.495	3.699	0	464	396	0.519	0.416	785.037	3.674	0
515	25	440	644	0.769	0.442	788.495	3.621	0	400	642	0.520	0.417	785.037	3.783	0
535	26	421	617	0.769	0.442	788.495	3.568	0	374	629	0.519	0.418	785.037	3.551	0
554	27	449	618	0.769	0.442	788.495	3.575	0	419	618	0.519	0.417	785.037	3.579	0
574	28	345	660	0.770	0.442	788.495	3.802	0	422	563	0.520	0.418	785.037	3.688	0
594	29	327	646	0.772	0.443	791.447	3.806	0	424	548	0.522	0.418	784.460	3.569	0
614	30	300	710	0.772	0.443	791.447	3.615	0	280	690	0.522	0.418	784.460	3.508	0
634	31	304	674	0.772	0.443	791.447	3.591	0	217	677	0.522	0.418	784.460	3.630	0
654	32	277	695	0.772	0.443	791.447	3.605	0	305	726	0.522	0.418	784.460	3.795	0
674	33	266	648	0.772	0.443	791.447	3.646	0	248	760	0.522	0.418	784.460	3.638	0
694	34	257	650	0.773	0.443	787.902	3.624	0	290	769	0.523	0.418	788.267	3.713	0
714	35	329	795	0.773	0.443	787.902	3.876	0	281	726	0.523	0.418	788.267	3.619	0
734	36	316	685	0.772	0.443	787.902	3.522	0	290	739	0.522	0.418	788.267	3.593	0
754	37	411	651	0.771	0.443	787.902	3.553	0	412	635	0.521	0.418	788.267	3.639	0
774	38	404	686	0.770	0.442	787.902	3.563	0	389	650	0.520	0.418	788.267	3.410	0
794	39	373	672	0.771	0.442	791.175	3.587	0	376	670	0.521	0.418	783.745	3.372	0
814	40	412	646	0.771	0.442	791.175	3.386	0	390	655	0.521	0.418	783.745	3.535	0
834	41	425	633	0.770	0.442	791.175	3.674	0	403	664	0.520	0.417	783.745	3.573	0
854	42	462	681	0.771	0.442	791.175	3.571	0	347	702	0.520	0.417	783.745	3.493	0
874	43	405	640	0.771	0.442	791.175	3.517	0	408	617	0.521	0.417	783.745	3.439	0
893	44	411	644	0.772	0.442	792.355	3.651	0	391	625	0.521	0.417	785.833	3.439	0
913	45	396	678	0.772	0.442	792.355	3.342	0	396	596	0.522	0.417	785.833	3.411	0
933	46	477	634	0.771	0.442	792.355	3.545	0	421	618	0.520	0.417	785.833	3.476	0
953	47	508	731	0.770	0.442	792.355	3.613	0	453	622	0.520	0.418	785.833	3.521	0
973	48	465	666	0.770	0.443	792.355	3.649	0	439	622	0.520	0.418	785.833	3.492	0
993	49	470	671	0.771	0.443	788.680	3.668	0	456	624	0.521	0.418	784.746	3.509	0
1013	50	459	631	0.771	0.443	788.680	3.453	0	424	697	0.521	0.418	784.746	3.354	0
1033	51	461	669	0.770	0.443	788.680	3.510	0	465	630	0.520	0.418	784.746	3.378	0
1053	52	468	699	0.770	0.443	788.680	3.900	0	484	623	0.520	0.418	784.746	3.411	0
1073	53	438	636	0.770	0.443	788.680	3.484	0	432	702	0.520	0.418	784.746	3.567	0
1093	54	434	661	0.771	0.443	789.694	3.618	0	428	669	0.521	0.418	783.367	3.598	0
1113	55	444	700	0.771	0.443	789.694	3.534	0	452	663	0.521	0.418	783.367	3.382	0
1133	56	355	510	0.771	0.441	789.694	3.342	0	367	504	0.521	0.416	783.367	3.401	0
1153	57	289	338	0.771	0.438	789.694	3.396	0	290	251	0.523	0.413	783.367	3.337	0
1173	58	210	175	0.772	0.437	789.694	3.369	0	247	176	0.524	0.411	783.367	3.288	0
1193	59	142	26	0.773	0.437	783.212	3.368	0	204	110	0.524	0.412	778.790	3.255	0
1212	60	229	214	0.773	0.437	783.212	3.412	0	269	151	0.524	0.412	778.790	3.278	0
1232	61	238	169	0.772	0.437	783.212	3.422	0	279	170	0.523	0.412	778.790	3.481	0
1252	62	237	148	0.772	0.437	783.212	3.258	0	264	166	0.523	0.411	778.790	3.363	0
1272	63	218	152	0.772	0.437	783.212	3.341	0	264	155	0.523	0.411	778.790	3.484	0
1292	64	211	155	0.773	0.437	783.526	3.301	0	263	159	0.523	0.411	781.004	3.455	0
1312	65	214	170	0.773	0.436	783.526	3.315	0	245	128	0.523	0.411	781.004	3.438	0
1332	66	221	178	0.773	0.436	783.526	3.408	0	278	134	0.523	0.411	781.004	3.502	0
1352	67	277	177	0.773	0.436	783.526	3.276	0	235	115	0.523	0.411	781.004	3.293	0
1372	68	219	145	0.773	0.436	783.526	3.353	0	271	126	0.523	0.410	781.004	3.560	0
1392	69	237	144	0.774	0.435	784.497	3.374	0	255	126	0.524	0.410	779.950	3.506	0
1412	70	231	159	0.774	0.435	784.497	3.232	0	194	149	0.525	0.410	779.950	3.147	0
1432	71	74	101	0.775	0.434	784.497	3.206	0	65	92	0.526	0.409	779.950	3.413	0
1452	72	33	117	0.775	0.434	784.497	3.124	0	94	102	0.526	0.409	779.950	3.511	0
1472	73	47	95	0.776	0.433	784.497	3.405	0	57	67	0.526	0.408	779.950	3.484	0
1492	74	29	110	0.777	0.433	779.932	3.366	0	65	64	0.527	0.407	779.106	3.454	0
1512	75	59	114	0.777	0.432	779.932	3.082	0	15	106	0.528	0.407	779.106	3.166	0
1531	76	27	95	0.777	0.432	779.932	3.115	0	51	77	0.528	0.406	779.106	3.150	0
1551	77	39	127	0.777	0.432	779.932	3.154	0	53	60	0.528	0.406	779.106	3.287	0
1571	78	40	127	0.777	0.431	779.932	3.171	0	41	112	0.528	0.406	779.106	3.152	0
1591	79	42	128	0.777	0.431	779.106	3.185	0	43	99	0.528	0.406	776.423	3.188	0
1611	80	62	132	0.777	0.430	779.106	3.282	0	35	95	0.528	0.405	776.423	3.157	0
1631	81	6	71	0.777	0.429	779.106	3.226	0	25	28	0.527	0.404	776.423	3.175	0
1651	82	40	46	0.776	0.428	779.106	3.246	0	26	7	0.527	0.403	776.423	3.224	0
1671	83	47	54	0.776	0.428	779.106	3.306	0	43	10	0.527	0.403	776.423	3.135	0
1691	84	30	66	0.777	0.428	776.303	3.273	0	41	13	0.527	0.403	774.853	3.148	0
1711	85	40	30	0.777	0.428	776.303	3.311	0	69	15	0.527	0.403	774.853	3.212	0
1731	86	24	54	0.777	0.428	776.303	3.364	0	40	21	0.527	0.403	774.853	3.107	0
1751	87	47	41	0.778	0.428	776.303	3.307	0	26	-1	0.528	0.403	774.853	3.239	0
1771	88	52	29	0.778	0.428	776.303	3.171	0	69	-5	0.528	0.403	774.853	3.250	0
1791	89	54	37	0.779	0.428	776.819	3.174	0	52	-8	0.529	0.403	774.254	3.258	0
1811	90	30	35	0.779	0.428	776.819	3.398	0	35	9	0.529	0.402	774.254	3.192	0
1830	91	33	11	0.779	0.427	776.819	3.455	0	52	9	0.529	0.402	774.254	3.247	0
1850	92	65	50	0.779	0.427	776.819	3.474	0	63	39	0.528	0.401	774.254	3.161	0
1870	93	-1280	-1024	0.528	0.399	-1.000	-1.000	4	80	136	0.528	0.399	774.254	3.233	0
1890	94	-1280	-1024	-1.000	-1.000	-1.000	-1.000	4	-1280	-1024	-1.000	-1.000	-1.000	-1.000	4
1910	95	-1280	-1024	-1.000	-1.000	-1.000	-1.000	4	-1280	-1024	-1.000	-1.000	-1.000	-1.000	4
1930	96	-1280	-1024	-1.000	-1.000	-1.000	-1.000	4	-1280	-1024	-1.000	-1.000	-1.000	-1.000	4
1950	97	-1280	-1024	0.777	0.421	-1.000	-1.000	4	-1280	-1024	0.528	0.394	-1.000	-1.000	4
1970	98	-1280	-1024	0.528	0.392	-1.000	-1.000	4	200	-220	0.528	0.392	775.382	3.948	0
1990	99	168	35	0.778	0.419	780.103	3.331	0	170	2	0.528	0.391	775.382	3.337	0
2010	100	110	66	0.778	0.418	780.103	3.949	0	207	54	0.529	0.389	775.382	4.032	0
2030	101	160	36	0.779	0.417	780.103	3.179	0	187	1	0.529	0.388	775.382	3.317	0
2050	102	134	51	0.779	0.416	778.554	3.328	0	175	3	0.530	0.386	779.380	3.559	0
2070	103	164	25	0.779	0.415	778.554	3.492	0	170	19	0.530	0.385	779.380	3.245	0
2090	104	162	55	0.780	0.414	778.554	3.301	0	151	13	0.530	0.383	779.380	3.374	0
2110	105	143	43	0.780	0.413	778.554	3.452	0	163	8	0.530	0.382	779.380	3.316	0
2130	106	148	39	0.780	0.411	778.554	3.421	0	172	30	0.530	0.380	779.380	3.209	0
2150	107	140	28	0.780	0.410	780.938	3.368	0	168	36	0.530	0.379	775.664	3.241	0
2169	108	164	32	0.780	0.409	780.938	3.319	0	174	2	0.531	0.378	775.664	3.378	0
2189	109	151	55	0.780	0.409	780.938	3.333	0	147	14	0.531	0.378	775.664	3.320	0
2209	110	173	35	0.780	0.410	780.938	3.365	0	169	39	0.531	0.379	775.664	3.369	0
2229	111	278	62	0.778	0.410	780.938	3.377	0	312	35	0.530	0.379	775.664	3.398	0
2249	112	286	59	0.778	0.410	779.702	3.383	0	319	37	0.530	0.379	779.235	3.398	0
2269	113	272	53	0.778	0.409	779.702	3.560	0	281	27	0.530	0.378	779.235	3.341	0
2289	114	282	10	0.778	0.407	779.702	3.518	0	304	4	0.530	0.376	779.235	3.353	0
2309	115	266	56	0.778	0.407	779.702	3.573	0	282	40	0.530	0.376	779.235	3.455	0
2329	116	293	69	0.777	0.406	779.702	3.420	0	282	30	0.529	0.376	779.235	3.255	0
2349	117	288	50	0.777	0.405	783.291	3.417	0	286	25	0.530	0.375	780.081	3.283	0
2369	118	258	-9	0.778	0.404	783.291	3.516	0	312	14	0.530	0.374	780.081	3.533	0
2389	119	304	27	0.778	0.403	783.291	3.485	0	266	16	0.530	0.373	780.081	3.448	0
2409	120	293	19	0.778	0.403	783.291	3.430	0	322	36	0.531	0.372	780.081	3.460	0
2429	121	312	57	0.779	0.403	783.291	3.697	0	357	29	0.531	0.373	780.081	3.598	0
2449	122	306	54	0.780	0.404	787.447	3.702	0	350	27	0.532	0.373	783.327	3.578	0
2469	123	336	32	0.780	0.404	787.447	3.547	0	346	51	0.533	0.373	783.327	3.473	0
2488	124	335	40	0.781	0.404	787.447	3.354	0	382	69	0.534	0.373	783.327	3.356	0
2508	125	365	17	0.781	0.405	787.447	3.635	0	336	25	0.534	0.373	783.327	3.407	0
2528	126	336	42	0.782	0.405	787.447	3.552	0	346	32	0.534	0.374	783.327	3.384	0
2548	127	349	38	0.782	0.406	786.323	3.521	0	352	38	0.534	0.375	783.272	3.410	0
2568	128	-1280	-1024	-1.000	-1.000	-1.000	-1.000	4	-1280	-1024	-1.000	-1.000	-1.000	-1.000	4
2588	129	349	3	0.781	0.408	786.323	3.881	0	-1280	-1024	0.781	0.408	-1.000	-1.000	4
2608	130	359	31	0.781	0.408	786.323	3.442	0	376	7	0.533	0.377	783.272	3.661	0
2628	131	355	34	0.781	0.408	786.323	3.393	0	352	6	0.533	0.377	783.272	3.440	0
2648	132	359	39	0.782	0.408	785.115	3.339	0	351	10	0.534	0.377	781.617	3.433	0
2668	133	337	19	0.783	0.408	785.115	3.442	0	347	60	0.535	0.377	781.617	3.505	0
2688	134	370	25	0.783	0.409	785.115	3.404	0	344	34	0.535	0.378	781.617	3.467	0
2708	135	396	-17	0.782	0.409	785.115	3.383	0	414	23	0.534	0.378	781.617	3.308	0
2728	136	430	6	0.782	0.408	785.115	3.305	0	464	41	0.534	0.377	781.617	3.481	0
2748	137	455	2	0.782	0.408	783.012	3.260	0	481	39	0.534	0.377	781.320	3.430	0
2768	138	434	27	0.782	0.407	783.012	3.277	0	427	19	0.533	0.377	781.320	3.343	0
2787	139	437	49	0.782	0.408	783.012	3.348	0	430	-13	0.533	0.378	781.320	3.419	0
2807	140	441	25	0.781	0.408	783.012	3.233	0	426	40	0.533	0.378	781.320	3.293	0
2827	141	448	9	0.781	0.409	783.012	3.250	0	407	-16	0.532	0.379	781.320	3.368	0
2847	142	451	14	0.781	0.409	782.457	3.253	0	406	3	0.532	0.379	780.198	3.371	0
2867	143	436	-11	0.781	0.409	782.457	3.302	0	446	-14	0.532	0.379	780.198	3.393	0
2887	144	444	36	0.781	0.409	782.457	3.266	0	432	34	0.532	0.380	780.198	3.440	0
2907	145	416	-14	0.781	0.410	782.457	3.306	0	418	30	0.532	0.380	780.198	3.465	0
2927	146	543	-29	0.780	0.410	782.457	3.390	0	578	11	0.531	0.381	780.198	3.518	0
2947	147	550	-25	0.778	0.411	784.486	3.398	0	579	39	0.529	0.381	778.945	3.547	0
2967	148	648	-22	0.778	0.411	784.486	3.289	0	655	28	0.529	0.381	778.945	3.320	0
2987	149	650	-3	0.778	0.411	784.486	3.418	0	653	26	0.529	0.381	778.945	3.420	0
3007	150	648	-20	0.778	0.411	784.486	3.381	0	606	42	0.529	0.381	778.945	3.497	0
3027	151	666	-10	0.778	0.411	784.486	3.540	0	656	35	0.529	0.382	778.945	3.324	0
3047	152	667	-17	0.778	0.412	784.325	3.567	0	645	40	0.529	0.383	778.546	3.392	0
3067	153	-1280	-1024	0.528	0.383	-1.000	-1.000	4	679	-46	0.528	0.383	778.546	3.602	0
3087	154	658	-44	0.777	0.412	784.325	3.513	0	663	-9	0.527	0.383	778.546	3.566	0
3106	155	694	-23	0.777	0.412	784.325	3.759	0	683	10	0.527	0.383	778.546	3.597	0
3126	156	606	29	0.778	0.412	784.325	3.804	0	611	16	0.528	0.383	778.546	3.624	0
3146	157	655	54	0.777	0.412	785.876	3.857	0	563	20	0.527	0.383	779.049	3.618	0
3166	158	607	-48	0.777	0.413	785.876	3.756	0	627	-3	0.527	0.384	779.049	3.540	0
3186	159	617	-2	0.777	0.413	785.876	3.586	0	665	-7	0.528	0.384	779.049	3.526	0
3206	160	611	21	0.777	0.413	785.876	3.750	0	648	12	0.528	0.384	779.049	3.511	0
3226	161	640	-24	0.777	0.413	785.876	3.707	0	647	-7	0.527	0.384	779.049	3.479	0
3246	162	650	14	0.776	0.412	783.250	3.647	0	647	6	0.526	0.384	776.888	3.454	0
3266	163	689	5	0.776	0.412	783.250	3.615	0	684	31	0.526	0.384	776.888	3.841	0
3286	164	677	-17	0.775	0.413	783.250	3.474	0	698	47	0.525	0.384	776.888	3.544	0
3306	165	664	-18	0.775	0.414	783.250	3.709	0	627	-7	0.525	0.385	776.888	3.321	0
3326	166	650	-29	0.776	0.414	783.250	3.682	0	673	8	0.526	0.385	776.888	3.442	0
3346	167	599	-30	0.775	0.414	782.675	3.673	0	622	-1	0.525	0.386	777.418	3.336	0
3366	168	595	15	0.774	0.414	782.675	3.821	0	650	44	0.524	0.385	777.418	3.562	0
3386	169	621	-8	0.774	0.414	782.675	3.701	0	622	-37	0.524	0.386	777.418	3.632	0
3406	170	636	17	0.773	0.414	782.675	3.568	0	599	49	0.523	0.386	777.418	3.455	0
3425	171	667	31	0.773	0.415	782.675	3.447	0	627	8	0.522	0.387	777.418	3.568	0
3445	172	684	20	0.770	0.415	785.308	3.338	0	623	-15	0.520	0.387	777.912	3.562	0
3465	173	720	-17	0.769	0.414	785.308	3.644	0	764	73	0.519	0.387	777.912	3.732	0
3485	174	753	-12	0.768	0.414	785.308	3.626	0	756	-17	0.518	0.387	777.912	3.363	0
3505	175	767	-45	0.768	0.414	785.308	3.552	0	760	34	0.517	0.387	777.912	3.599	0
3525	176	717	-12	0.769	0.414	785.308	3.709	0	716	-10	0.518	0.387	777.912	3.444	0
3545	177	697	-14	0.767	0.415	785.006	3.685	0	670	14	0.517	0.388	776.330	3.543	0
3565	178	732	-48	0.767	0.415	785.006	3.835	0	697	11	0.517	0.388	776.330	3.358	0
3585	179	729	-23	0.767	0.415	785.006	3.858	0	727	85	0.517	0.388	776.330	3.469	0
3605	180	693	-1	0.767	0.415	785.006	3.900	0	755	49	0.516	0.388	776.330	3.422	0
3625	181	688	-26	0.766	0.415	785.006	3.765	0	732	-12	0.516	0.388	776.330	3.579	0
3645	182	686	-19	0.765	0.415	784.311	3.778	0	742	13	0.515	0.389	776.929	3.603	0
3665	183	720	-96	0.765	0.416	784.311	4.609	0	738	-4	0.514	0.389	776.929	3.538	0
3685	184	729	-13	0.765	0.416	784.311	3.838	0	718	10	0.514	0.390	776.929	3.677	0
3705	185	662	13	0.764	0.416	784.311	3.912	0	724	-30	0.514	0.389	776.929	3.637	0
3725	186	748	13	0.764	0.416	784.311	3.701	0	698	9	0.514	0.389	776.929	3.620	0
3744	187	731	21	0.763	0.415	783.996	3.678	0	694	-5	0.513	0.389	776.986	3.603	0
3764	188	739	-18	0.763	0.416	783.996	3.774	0	729	4	0.512	0.390	776.986	3.975	0
3784	189	710	2	0.763	0.416	783.996	3.874	0	710	54	0.513	0.390	776.986	3.891	0
3804	190	666	1	0.764	0.416	783.996	3.786	0	648	6	0.513	0.390	776.986	3.722	0
3824	191	612	-21	0.764	0.416	783.996	3.966	0	630	18	0.514	0.390	776.986	3.676	0
3844	192	630	-13	0.763	0.416	783.585	3.965	0	649	26	0.513	0.390	779.166	3.641	0
3864	193	602	-61	0.763	0.416	783.585	3.872	0	659	9	0.513	0.390	779.166	3.863	0
3884	194	627	-6	0.764	0.416	783.585	3.808	0	661	7	0.513	0.390	779.166	3.753	0
3904	195	691	33	0.764	0.416	783.585	3.669	0	594	31	0.513	0.390	779.166	3.842	0
3924	196	635	16	0.763	0.416	783.585	4.029	0	643	37	0.513	0.390	779.166	3.916	0
3944	197	659	36	0.763	0.416	783.593	3.976	0	614	42	0.512	0.390	779.618	3.890	0
3964	198	662	-52	0.763	0.416	783.593	3.852	0	684	73	0.512	0.390	779.618	3.718	0
3984	199	646	-6	0.762	0.416	783.593	3.673	0	674	29	0.511	0.390	779.618	3.939	0
4004	200	650	17	0.762	0.416	783.593	3.873	0	719	82	0.511	0.390	779.618	3.862	0
4024	201	606	62	0.763	0.416	783.593	3.857	0	658	-10	0.512	0.390	779.618	3.695	0
4043	202	554	91	0.762	0.416	784.238	3.821	0	622	1	0.512	0.391	777.474	3.774	0
4063	203	-1280	-1024	0.512	0.390	-1.000	-1.000	4	654	29	0.512	0.390	777.474	3.858	0
4083	204	618	60	0.763	0.416	784.238	3.964	0	663	28	0.512	0.390	777.474	4.130	0
4103	205	656	-3	0.763	0.416	784.238	3.902	0	654	34	0.513	0.390	777.474	3.811	0
4123	206	624	-47	0.763	0.416	784.238	3.948	0	634	85	0.513	0.390	777.474	3.893	0
4143	207	641	-86	0.764	0.416	781.183	3.908	0	620	83	0.513	0.391	780.237	3.966	0
4163	208	306	13	0.766	0.417	781.183	4.078	0	325	21	0.517	0.391	780.237	3.980	0
4183	209	331	-4	0.766	0.418	781.183	3.741	0	319	71	0.517	0.391	780.237	3.736	0
4203	210	315	52	0.766	0.417	781.183	3.948	0	325	36	0.517	0.391	780.237	3.861	0
4223	211	312	31	0.766	0.417	781.183	3.993	0	319	59	0.517	0.391	780.237	3.907	0
4243	212	311	38	0.767	0.417	781.151	3.868	0	320	51	0.517	0.391	777.375	3.797	0
4263	213	361	6	0.767	0.418	781.151	3.805	0	364	-14	0.517	0.391	777.375	3.841	0
4283	214	318	56	0.766	0.418	781.151	3.674	0	339	24	0.516	0.392	777.375	3.645	0
4303	215	324	50	0.766	0.418	781.151	3.598	0	330	29	0.516	0.392	777.375	3.791	0
4323	216	341	24	0.766	0.417	781.151	3.735	0	338	43	0.516	0.391	777.375	3.681	0
4343	217	352	51	0.767	0.417	780.594	3.642	0	334	47	0.517	0.391	778.700	3.748	0
4362	218	309	71	0.767	0.417	780.594	3.630	0	282	70	0.517	0.391	778.700	3.637	0
4382	219	284	57	0.767	0.418	780.594	3.595	0	262	66	0.517	0.392	778.700	3.555	0
4402	220	285	47	0.767	0.418	780.594	3.567	0	247	42	0.517	0.392	778.700	3.560	0
4422	221	276	78	0.767	0.418	780.594	3.672	0	270	67	0.517	0.392	778.700	3.790	0
4442	222	274	73	0.767	0.418	779.439	3.646	0	264	62	0.518	0.391	777.644	3.758	0
4462	223	266	77	0.768	0.417	779.439	3.590	0	275	57	0.518	0.391	777.644	3.797	0
4482	224	268	76	0.768	0.417	779.439	3.599	0	253	96	0.518	0.391	777.644	3.609	0
4502	225	244	49	0.768	0.418	779.439	3.626	0	293	39	0.518	0.391	777.644	3.756	0
4522	226	177	58	0.769	0.418	779.439	3.604	0	186	30	0.519	0.392	777.644	3.736	0
4542	227	163	46	0.770	0.418	780.791	3.621	0	176	25	0.520	0.392	779.262	3.724	0
4562	228	184	75	0.770	0.418	780.791	3.611	0	130	74	0.520	0.392	779.262	3.511	0
4582	229	174	81	0.770	0.418	780.791	3.712	0	176	90	0.520	0.391	779.262	3.733	0
4602	230	155	67	0.770	0.418	780.791	3.616	0	149	48	0.520	0.391	779.262	3.654	0
4622	231	175	71	0.770	0.418	780.791	3.642	0	138	82	0.520	0.391	779.262	3.613	0
4642	232	170	71	0.770	0.418	780.701	3.671	0	153	76	0.520	0.391	780.619	3.719	0
4662	233	158	56	0.770	0.418	780.701	3.538	0	138	19	0.520	0.392	780.619	3.564	0
4682	234	160	85	0.770	0.418	780.701	3.592	0	148	89	0.520	0.392	780.619	3.542	0
4701	235	157	94	0.770	0.418	780.701	3.556	0	122	44	0.520	0.392	780.619	3.644	0
4721	236	45	55	0.771	0.418	780.701	3.617	0	40	94	0.522	0.392	780.619	3.523	0
4741	237	37	73	0.771	0.418	779.634	3.608	0	33	89	0.522	0.392	778.401	3.540	0
4761	238	38	51	0.771	0.419	779.634	3.563	0	2	53	0.522	0.392	778.401	3.568	0
4781	239	14	66	0.771	0.418	779.634	3.595	0	-17	70	0.522	0.392	778.401	3.435	0
4801	240	29	55	0.771	0.418	779.634	3.576	0	0	43	0.522	0.392	778.401	3.564	0
4821	241	27	80	0.771	0.418	779.634	3.540	0	-8	83	0.522	0.391	778.401	3.362	0
4841	242	23	78	0.771	0.418	780.459	3.553	0	-15	76	0.522	0.391	778.728	3.382	0
4861	243	30	57	0.771	0.418	780.459	3.639	0	-25	44	0.522	0.391	778.728	3.494	0
4881	244	26	54	0.771	0.418	780.459	3.539	0	-7	58	0.522	0.391	778.728	3.431	0
4901	245	31	52	0.771	0.418	780.459	3.522	0	2	25	0.522	0.391	778.728	3.619	0
4921	246	39	60	0.771	0.418	780.459	3.626	0	15	68	0.522	0.391	778.728	3.478	0
4941	247	42	66	0.771	0.418	777.366	3.556	0	30	65	0.522	0.391	777.184	3.485	0
4961	248	46	72	0.771	0.418	777.366	3.592	0	3	69	0.522	0.391	777.184	3.421	0
4981	249	50	71	0.771	0.419	777.366	3.623	0	-9	28	0.522	0.392	777.184	3.463	0
5001	250	37	73	0.771	0.419	777.366	3.496	0	10	43	0.522	0.392	777.184	3.569	0
5020	251	45	52	0.771	0.419	777.366	3.614	0	9	64	0.522	0.392	777.184	3.423	0
5040	252	40	47	0.771	0.418	778.502	3.573	0	11	52	0.522	0.391	775.596	3.464	0
5060	253	50	43	0.771	0.418	778.502	3.598	0	30	38	0.522	0.391	775.596	3.487	0
5080	254	35	66	0.771	0.418	778.502	3.563	0	32	57	0.522	0.391	775.596	3.468	0
5100	255	54	51	0.771	0.419	778.502	3.588	0	27	31	0.522	0.392	775.596	3.540	0
5120	256	46	39	0.771	0.419	778.502	3.632	0	32	10	0.522	0.392	775.596	3.497	0
5140	257	48	52	0.771	0.419	776.452	3.614	0	31	9	0.522	0.392	776.401	3.510	0
5160	258	44	34	0.771	0.419	776.452	3.533	0	4	42	0.522	0.392	776.401	3.557	0
5180	259	29	30	0.771	0.419	776.452	3.595	0	6	14	0.522	0.392	776.401	3.460	0
5200	260	60	43	0.771	0.419	776.452	3.514	0	10	36	0.522	0.392	776.401	3.508	0
5220	261	57	55	0.771	0.419	776.452	3.513	0	30	31	0.521	0.392	776.401	3.412	0
5240	262	58	58	0.770	0.419	776.599	3.513	0	37	21	0.521	0.392	777.404	3.416	0
5260	263	48	53	0.770	0.419	776.599	3.519	0	17	44	0.521	0.392	777.404	3.454	0
5280	264	58	61	0.770	0.419	776.599	3.562	0	35	71	0.521	0.392	777.404	3.489	0
5300	265	73	58	0.770	0.419	776.599	3.520	0	41	33	0.521	0.392	777.404	3.558	0
5320	266	171	37	0.769	0.419	776.599	3.517	0	184	36	0.519	0.392	777.404	3.529	0
5340	267	184	26	0.767	0.418	780.825	3.547	0	204	33	0.518	0.392	779.478	3.574	0
5359	268	232	30	0.767	0.419	780.825	3.613	0	268	20	0.518	0.392	779.478	3.680	0
5379	269	238	7	0.767	0.419	780.825	3.641	0	222	15	0.518	0.392	779.478	3.643	0
5399	270	247	29	0.767	0.419	780.825	3.534	0	252	20	0.518	0.392	779.478	3.530	0
5419	271	229	20	0.767	0.419	780.825	3.666	0	224	39	0.518	0.392	779.478	3.494	0
5439	272	235	18	0.767	0.419	779.311	3.631	0	235	45	0.518	0.392	778.433	3.454	0
5459	273	193	20	0.767	0.419	779.311	3.719	0	183	27	0.518	0.392	778.433	3.650	0
5479	274	215	43	0.768	0.419	779.311	3.656	0	208	57	0.518	0.393	778.433	3.663	0
5499	275	187	60	0.768	0.419	779.311	3.631	0	214	75	0.518	0.393	778.433	3.577	0
5519	276	180	35	0.767	0.419	779.311	3.532	0	201	31	0.518	0.393	778.433	3.575	0
5539	277	182	35	0.767	0.419	780.572	3.489	0	199	49	0.518	0.393	778.829	3.575	0
5559	278	205	96	0.767	0.419	780.572	3.594	0	216	35	0.518	0.393	778.829	3.760	0
5579	279	189	75	0.767	0.419	780.572	3.610	0	171	46	0.518	0.393	778.829	3.640	0
5599	280	183	38	0.767	0.419	780.572	3.599	0	185	70	0.517	0.393	778.829	3.589	0
5619	281	200	74	0.767	0.419	780.572	3.520	0	171	42	0.517	0.393	778.829	3.633	0
5639	282	190	61	0.767	0.419	780.829	3.520	0	175	47	0.517	0.393	779.453	3.617	0
5659	283	326	49	0.766	0.419	780.829	3.602	0	339	24	0.516	0.393	779.453	3.556	0
5678	284	346	57	0.765	0.419	780.829	3.435	0	337	-1	0.516	0.393	779.453	3.606	0
5698	285	334	16	0.766	0.419	780.829	3.589	0	355	24	0.516	0.393	779.453	3.646	0
5718	286	337	16	0.766	0.419	780.829	3.563	0	336	35	0.517	0.393	779.453	3.567	0
5738	287	335	15	0.766	0.420	782.138	3.520	0	344	31	0.517	0.393	779.199	3.602	0
5758	288	355	21	0.767	0.420	782.138	3.667	0	318	42	0.517	0.393	779.199	3.621	0
5778	289	328	29	0.767	0.420	782.138	3.621	0	340	14	0.517	0.393	779.199	3.514	0
5798	290	349	31	0.767	0.420	782.138	3.596	0	360	-10	0.517	0.393	779.199	3.698	0
5818	291	346	40	0.767	0.419	782.138	3.606	0	348	32	0.518	0.393	779.199	3.527	0
5838	292	348	51	0.768	0.419	779.524	3.582	0	358	7	0.518	0.393	780.096	3.596	0
5858	293	337	54	0.768	0.419	779.524	3.528	0	308	7	0.518	0.393	780.096	3.461	0
5878	294	336	22	0.768	0.419	779.524	3.558	0	375	32	0.519	0.393	780.096	3.681	0
5898	295	347	81	0.769	0.419	779.524	3.552	0	335	40	0.519	0.393	780.096	3.559	0
5918	296	352	82	0.769	0.419	779.524	3.514	0	343	8	0.519	0.393	780.096	3.465	0
5938	297	354	82	0.769	0.419	780.053	3.529	0	349	21	0.520	0.393	780.300	3.546	0
5958	298	345	4	0.770	0.419	780.053	3.570	0	367	3	0.520	0.393	780.300	3.718	0
5978	299	351	22	0.770	0.420	780.053	3.421	0	337	39	0.520	0.393	780.300	3.583	0
5997	300	345	54	0.770	0.420	780.053	3.563	0	345	43	0.520	0.393	780.300	3.498	0
6017	301	338	30	0.770	0.420	780.053	3.543	0	338	14	0.520	0.393	780.300	3.703	0
6037	302	338	44	0.770	0.420	779.970	3.501	0	342	35	0.521	0.393	780.339	3.613	0
6057	303	-1280	-1024	-1.000	-1.000	-1.000	-1.000	4	-1280	-1024	-1.000	-1.000	-1.000	-1.000	4
6077	304	375	-32	0.770	0.420	779.970	4.292	0	-1280	-1024	0.770	0.420	-1.000	-1.000	4
6097	305	358	11	0.770	0.420	779.970	3.803	0	441	-44	0.521	0.393	780.339	3.892	0
6117	306	365	28	0.770	0.420	779.970	3.700	0	395	-4	0.521	0.393	780.339	3.812	0
6137	307	371	38	0.771	0.420	782.575	3.610	0	395	-1	0.522	0.393	779.104	3.806	0
6157	308	396	74	0.771	0.420	782.575	3.707	0	384	-21	0.522	0.393	779.104	3.601	0
6177	309	357	27	0.770	0.420	782.575	3.692	0	380	-32	0.521	0.393	779.104	3.857	0
6197	310	340	53	0.771	0.420	782.575	3.539	0	334	10	0.521	0.393	779.104	3.676	0
6217	311	315	79	0.771	0.420	782.575	3.431	0	314	92	0.521	0.393	779.104	3.590	0
6237	312	352	71	0.770	0.420	779.393	3.349	0	327	106	0.521	0.393	780.062	3.677	0
6257	313	330	83	0.770	0.420	779.393	3.544	0	303	57	0.520	0.393	780.062	3.555	0
6277	314	301	91	0.769	0.420	779.393	3.482	0	320	47	0.520	0.393	780.062	3.648	0
6296	315	320	64	0.769	0.420	779.393	3.509	0	340	54	0.519	0.393	780.062	3.626	0
6316	316	314	90	0.769	0.420	779.393	3.456	0	320	15	0.519	0.394	780.062	3.562	0
6336	317	309	76	0.769	0.420	781.745	3.466	0	325	7	0.519	0.394	780.329	3.605	0
6356	318	306	60	0.769	0.420	781.745	3.494	0	301	55	0.519	0.394	780.329	3.381	0
6376	319	313	57	0.768	0.420	781.745	3.470	0	333	54	0.519	0.394	780.329	3.643	0
6396	320	298	55	0.768	0.420	781.745	3.488	0	332	29	0.518	0.394	780.329	3.554	0
6416	321	298	50	0.768	0.420	781.745	3.535	0	295	65	0.518	0.394	780.329	3.452	0
6436	322	296	47	0.768	0.420	781.754	3.532	0	310	57	0.518	0.394	780.623	3.568	0
6456	323	249	71	0.768	0.421	781.754	3.497	0	286	51	0.518	0.394	780.623	3.575	0
6476	324	240	157	0.768	0.422	781.754	3.527	0	231	90	0.519	0.395	780.623	3.551	0
6496	325	239	146	0.768	0.422	781.754	3.526	0	239	108	0.518	0.395	780.623	3.519	0
6516	326	262	184	0.768	0.422	781.754	3.514	0	254	155	0.518	0.395	780.623	3.520	0
6536	327	255	189	0.767	0.421	782.120	3.532	0	227	182	0.518	0.395	779.744	3.516	0
6556	328	-1280	-1024	0.518	0.395	-1.000	-1.000	4	265	88	0.518	0.395	779.744	3.989	0
6576	329	287	124	0.766	0.421	782.120	3.821	0	243	96	0.517	0.395	779.744	3.528	0
6596	330	266	154	0.766	0.421	782.120	3.727	0	256	138	0.516	0.395	779.744	3.446	0
6615	331	260	140	0.766	0.421	782.120	3.653	0	250	131	0.516	0.395	779.744	3.568	0
6635	332	254	148	0.767	0.422	785.458	3.594	0	257	126	0.518	0.396	779.266	3.552	0
6655	333	166	168	0.767	0.422	785.458	3.516	0	202	163	0.518	0.396	779.266	3.648	0
6675	334	213	204	0.767	0.422	785.458	3.545	0	243	196	0.517	0.396	779.266	3.832	0
6695	335	213	211	0.767	0.422	785.458	3.563	0	206	206	0.517	0.396	779.266	3.674	0
6715	336	215	224	0.767	0.422	785.458	3.601	0	208	150	0.517	0.396	779.266	3.684	0
6735	337	216	233	0.768	0.422	785.150	3.624	0	206	163	0.518	0.396	780.862	3.701	0
6755	338	213	213	0.768	0.422	785.150	3.594	0	268	201	0.518	0.396	780.862	3.710	0
6775	339	147	219	0.768	0.422	785.150	3.701	0	140	138	0.519	0.396	780.862	3.461	0
6795	340	87	179	0.769	0.422	785.150	3.689	0	51	107	0.520	0.395	780.862	3.578	0
6815	341	82	80	0.769	0.422	785.150	4.071	0	70	132	0.520	0.396	780.862	3.652	0
6835	342	85	78	0.770	0.423	779.348	4.131	0	92	133	0.520	0.396	778.365	3.540	0
6855	343	135	225	0.770	0.422	779.348	3.590	0	112	100	0.520	0.396	778.365	3.698	0
6875	344	116	173	0.769	0.422	779.348	3.629	0	102	178	0.520	0.396	778.365	3.561	0
6895	345	43	124	0.769	0.422	779.348	3.659	0	124	112	0.520	0.396	778.365	3.675	0
6915	346	54	99	0.769	0.423	779.348	3.908	0	82	109	0.520	0.396	778.365	3.615	0
6934	347	63	73	0.770	0.423	780.010	3.965	0	81	110	0.520	0.396	778.079	3.670	0
6954	348	69	164	0.770	0.423	780.010	3.433	0	44	115	0.520	0.396	778.079	3.611	0
6974	349	81	164	0.770	0.423	780.010	3.471	0	68	180	0.520	0.396	778.079	3.471	0
6994	350	67	172	0.770	0.422	780.010	3.475	0	30	157	0.520	0.396	778.079	3.552	0
7014	351	105	185	0.769	0.423	780.010	3.415	0	99	157	0.519	0.396	778.079	3.478	0
7034	352	107	178	0.769	0.423	784.544	3.453	0	98	152	0.519	0.396	777.104	3.503	0
7054	353	124	188	0.769	0.423	784.544	3.503	0	98	122	0.519	0.396	777.104	3.484	0
7074	354	138	206	0.769	0.423	784.544	3.447	0	147	200	0.519	0.397	777.104	3.600	0
7094	355	125	203	0.769	0.423	784.544	3.582	0	124	144	0.519	0.397	777.104	3.492	0
7114	356	106	177	0.769	0.423	784.544	3.577	0	153	134	0.519	0.396	777.104	3.485	0
7134	357	109	186	0.769	0.423	783.982	3.569	0	147	150	0.519	0.396	780.382	3.531	0
7154	358	139	188	0.769	0.423	783.982	3.631	0	111	154	0.519	0.397	780.382	3.559	0
7174	359	179	213	0.768	0.423	783.982	3.604	0	133	153	0.519	0.397	780.382	3.597	0
7194	360	142	185	0.768	0.423	783.982	3.633	0	92	213	0.519	0.397	780.382	3.609	0
7214	361	169	234	0.768	0.424	783.982	3.566	0	151	148	0.519	0.397	780.382	3.712	0
7234	362	154	235	0.769	0.424	781.915	3.553	0	144	165	0.519	0.397	778.629	3.739	0
7253	363	188	168	0.768	0.423	781.915	3.575	0	218	166	0.519	0.397	778.629	3.667	0
7273	364	175	159	0.768	0.423	781.915	3.618	0	193	159	0.518	0.397	778.629	3.602	0
7293	365	190	184	0.768	0.424	781.915	3.468	0	198	166	0.518	0.397	778.629	3.634	0
7313	366	218	194	0.768	0.424	781.915	3.685	0	203	130	0.518	0.397	778.629	3.617	0
7333	367	215	198	0.768	0.423	783.924	3.667	0	187	120	0.518	0.397	780.730	3.643	0
7353	368	213	162	0.768	0.423	783.924	3.514	0	206	140	0.518	0.397	780.730	3.823	0
7373	369	200	170	0.767	0.423	783.924	3.527	0	201	145	0.517	0.397	780.730	3.719	0
7393	370	215	169	0.767	0.423	783.924	3.614	0	196	149	0.517	0.397	780.730	3.573	0
7413	371	214	136	0.767	0.423	783.924	3.755	0	186	163	0.517	0.397	780.730	3.812	0
7433	372	213	138	0.768	0.423	783.924	3.803	0	180	172	0.518	0.397	779.180	3.715	0
7453	373	211	199	0.768	0.423	783.924	3.614	0	208	167	0.518	0.397	779.180	3.658	0
7473	374	246	205	0.766	0.423	783.924	3.669	0	249	167	0.517	0.397	779.180	3.803	0
7493	375	273	159	0.766	0.423	783.924	3.644	0	287	118	0.516	0.396	779.180	3.895	0
7513	376	268	146	0.766	0.423	783.924	3.458	0	279	136	0.516	0.396	779.180	3.705	0
7533	377	263	134	0.766	0.423	784.100	3.467	0	260	118	0.517	0.397	778.714	3.802	0
7553	378	301	150	0.766	0.423	784.100	3.650	0	251	112	0.517	0.396	778.714	3.555	0
7572	379	294	172	0.766	0.423	784.100	3.626	0	280	83	0.516	0.397	778.714	3.675	0
7592	380	288	140	0.766	0.423	784.100	3.781	0	267	186	0.516	0.397	778.714	3.534	0
7612	381	276	147	0.766	0.423	784.100	3.662	0	291	125	0.516	0.397	778.714	3.533	0
7632	382	267	145	0.766	0.423	785.992	3.698	0	292	134	0.517	0.397	779.747	3.537	0
7652	383	254	180	0.766	0.423	785.992	3.682	0	257	162	0.517	0.397	779.747	3.662	0
7672	384	194	169	0.766	0.423	785.992	3.412	0	228	167	0.517	0.397	779.747	3.697	0
7692	385	130	178	0.767	0.423	785.992	3.559	0	100	149	0.518	0.397	779.747	3.550	0
7712	386	108	195	0.767	0.423	785.992	3.592	0	131	138	0.518	0.397	779.747	3.552	0
7732	387	90	203	0.768	0.423	781.729	3.468	0	161	140	0.518	0.397	779.746	3.554	0
7752	388	101	140	0.768	0.423	781.729	3.668	0	99	185	0.519	0.397	779.746	3.513	0
7772	389	102	148	0.767	0.423	781.729	3.608	0	89	141	0.518	0.397	779.746	3.617	0
7792	390	169	217	0.767	0.423	781.729	3.601	0	107	182	0.518	0.397	779.746	3.434	0
7812	391	103	167	0.767	0.423	781.729	3.652	0	96	163	0.517	0.397	779.746	3.566	0
7832	392	125	188	0.767	0.423	782.851	3.624	0	105	150	0.518	0.397	780.007	3.578	0
7852	393	94	169	0.767	0.423	782.851	3.408	0	105	193	0.518	0.397	780.007	3.456	0
7872	394	92	184	0.767	0.423	782.851	3.418	0	141	103	0.518	0.397	780.007	3.760	0
7891	395	94	187	0.767	0.423	782.851	3.512	0	62	182	0.517	0.397	780.007	3.457	0
7911	396	90	195	0.767	0.423	782.851	3.425	0	64	145	0.517	0.397	780.007	3.586	0
7931	397	87	201	0.767	0.423	781.898	3.454	0	67	117	0.518	0.397	779.136	3.669	0
7951	398	86	208	0.767	0.423	781.898	3.542	0	68	202	0.518	0.397	779.136	3.342	0
7971	399	92	189	0.767	0.423	781.898	3.471	0	113	141	0.517	0.397	779.136	3.459	0
7991	400	106	196	0.767	0.423	781.898	3.459	0	114	155	0.517	0.397	779.136	3.463	0
8011	401	136	173	0.767	0.423	781.898	3.682	0	129	210	0.517	0.397	779.136	3.568	0
8031	402	91	166	0.767	0.423	782.441	3.657	0	137	182	0.518	0.397	779.030	3.605	0
8051	403	-7	224	0.768	0.423	782.441	3.447	0	-1280	-1024	0.768	0.423	-1.000	-1.000	4
8071	404	22	201	0.768	0.424	782.441	3.586	0	6	228	0.519	0.397	779.030	3.395	0
8091	405	21	187	0.768	0.424	782.441	3.582	0	-17	209	0.519	0.397	779.030	3.376	0
8111	406	-6	216	0.769	0.424	782.441	3.400	0	24	195	0.519	0.397	779.030	3.503	0
8131	407	3	199	0.769	0.424	782.750	3.466	0	22	178	0.519	0.397	779.172	3.533	0
8151	408	10	214	0.769	0.424	782.750	3.471	0	-7	148	0.519	0.397	779.172	3.462	0
8171	409	26	253	0.769	0.424	782.750	3.442	0	27	185	0.519	0.397	779.172	3.459	0
8191	410	-8	211	0.769	0.424	782.750	3.471	0	2	235	0.519	0.397	779.172	3.380	0
8210	411	-11	208	0.769	0.424	782.750	3.558	0	11	186	0.519	0.397	779.172	3.437	0
8230	412	-14	214	0.768	0.424	784.266	3.564	0	22	202	0.519	0.397	780.520	3.420	0
8250	413	50	200	0.768	0.424	784.266	3.454	0	54	170	0.519	0.398	780.520	3.535	0
8270	414	85	184	0.768	0.424	784.266	3.661	0	130	177	0.519	0.398	780.520	3.785	0
8290	415	72	191	0.768	0.424	784.266	3.678	0	86	231	0.518	0.398	780.520	3.594	0
8310	416	90	210	0.768	0.424	784.266	3.567	0	95	201	0.518	0.398	780.520	3.758	0
8330	417	82	203	0.769	0.424	783.950	3.682	0	103	222	0.519	0.398	778.728	3.676	0
8350	418	89	193	0.769	0.424	783.950	3.675	0	63	171	0.519	0.397	778.728	3.452	0
8370	419	71	168	0.768	0.424	783.950	3.962	0	113	229	0.518	0.398	778.728	3.583	0
8390	420	91	219	0.768	0.424	783.950	3.607	0	84	175	0.518	0.398	778.728	3.668	0
8410	421	114	153	0.768	0.424	783.950	3.700	0	105	233	0.518	0.398	778.728	3.522	0
8430	422	136	167	0.769	0.424	782.745	3.751	0	92	212	0.519	0.398	781.022	3.625	0
8450	423	105	184	0.769	0.424	782.745	3.772	0	84	149	0.519	0.398	781.022	3.716	0
8470	424	69	211	0.768	0.424	782.745	3.563	0	89	189	0.518	0.398	781.022	3.532	0
8490	425	118	193	0.768	0.424	782.745	3.656	0	86	173	0.519	0.398	781.022	3.594	0
8510	426	39	189	0.768	0.425	782.745	3.596	0	111	177	0.519	0.398	781.022	3.990	0
8529	427	44	186	0.769	0.425	784.533	3.646	0	118	187	0.519	0.398	777.859	3.920	0
8549	428	125	174	0.769	0.425	784.533	3.797	0	92	166	0.520	0.398	777.859	3.786	0
8569	429	51	194	0.768	0.425	784.533	3.933	0	40	192	0.519	0.398	777.859	3.499	0
8589	430	71	182	0.769	0.424	784.533	3.521	0	43	216	0.519	0.398	777.859	3.541	0
8609	431	44	221	0.769	0.425	784.533	3.592	0	24	180	0.519	0.398	777.859	3.567	0
8629	432	24	228	0.769	0.425	783.041	3.534	0	4	186	0.519	0.398	776.612	3.588	0
8649	433	43	182	0.769	0.425	783.041	3.792	0	38	203	0.519	0.398	776.612	3.520	0
8669	434	48	197	0.769	0.425	783.041	3.611	0	46	181	0.519	0.398	776.612	3.550	0
8689	435	57	194	0.769	0.425	783.041	3.678	0	24	163	0.519	0.398	776.612	3.617	0
8709	436	75	202	0.768	0.424	783.041	3.644	0	74	194	0.518	0.398	776.612	3.572	0
8729	437	79	198	0.766	0.424	784.871	3.686	0	76	185	0.517	0.398	779.315	3.614	0
8749	438	180	152	0.766	0.424	784.871	3.752	0	175	201	0.517	0.398	779.315	3.503	0
8769	439	178	170	0.767	0.424	784.871	3.678	0	162	195	0.517	0.398	779.315	3.581	0
8789	440	173	196	0.767	0.424	784.871	3.697	0	152	158	0.517	0.398	779.315	3.564	0
8809	441	188	180	0.767	0.424	784.871	3.788	0	183	165	0.517	0.398	779.315	3.501	0
8828	442	189	195	0.767	0.424	783.389	3.751	0	176	175	0.517	0.398	776.805	3.524	0
8848	443	209	179	0.767	0.424	783.389	3.588	0	232	182	0.517	0.398	776.805	3.567	0
8868	444	225	203	0.766	0.425	783.389	3.612	0	214	181	0.516	0.399	776.805	3.577	0
8888	445	241	288	0.766	0.425	783.389	3.738	0	262	138	0.516	0.399	776.805	3.615	0
8908	446	216	228	0.766	0.425	783.389	3.535	0	203	196	0.516	0.399	776.805	3.656	0
8928	447	217	260	0.766	0.425	785.327	3.583	0	215	184	0.516	0.399	777.951	3.683	0
8948	448	235	192	0.766	0.425	785.327	3.670	0	237	133	0.517	0.399	777.951	3.851	0
8968	449	199	226	0.766	0.425	785.327	3.562	0	176	158	0.516	0.399	777.951	3.740	0
8988	450	218	180	0.766	0.425	785.327	3.670	0	257	138	0.516	0.399	777.951	3.737	0
9008	451	238	207	0.765	0.425	785.327	3.479	0	200	172	0.515	0.399	777.951	3.698	0
9028	452	258	212	0.766	0.425	786.158	3.492	0	234	163	0.516	0.399	780.958	3.697	0
9048	453	229	215	0.766	0.425	786.158	3.692	0	235	165	0.516	0.399	780.958	3.822	0
9068	454	199	142	0.765	0.425	786.158	3.687	0	213	153	0.515	0.399	780.958	3.825	0
9088	455	191	169	0.765	0.425	786.158	3.872	0	199	154	0.515	0.399	780.958	3.687	0
9108	456	203	151	0.765	0.425	786.158	3.763	0	185	187	0.515	0.399	780.958	3.720	0
9128	457	202	166	0.766	0.425	785.049	3.807	0	174	195	0.516	0.399	775.778	3.730	0
9147	458	223	123	0.766	0.425	785.049	3.981	0	213	233	0.516	0.399	775.778	3.522	0
9167	459	236	209	0.765	0.425	785.049	3.684	0	221	217	0.515	0.399	775.778	3.534	0
9187	460	329	213	0.764	0.425	785.049	3.869	0	278	240	0.514	0.399	775.778	3.611	0
9207	461	308	357	0.763	0.426	785.049	3.683	0	293	329	0.514	0.400	775.778	3.713	0
9227	462	288	403	0.764	0.426	787.222	3.754	0	263	319	0.514	0.400	782.704	3.788	0
9247	463	337	231	0.764	0.426	787.222	3.868	0	349	289	0.514	0.400	782.704	3.684	0
9267	464	337	258	0.764	0.426	787.222	3.573	0	292	280	0.514	0.400	782.704	3.873	0
9287	465	287	274	0.763	0.426	787.222	3.796	0	278	248	0.513	0.400	782.704	3.734	0
9307	466	299	279	0.763	0.426	787.222	3.761	0	275	298	0.513	0.400	782.704	3.652	0
9327	467	312	285	0.764	0.426	786.410	3.722	0	273	288	0.514	0.400	782.960	3.710	0
9347	468	296	305	0.764	0.426	786.410	3.638	0	343	308	0.514	0.400	782.960	3.765	0
9367	469	344	444	0.762	0.428	786.410	3.720	0	346	523	0.513	0.402	782.960	3.930	0
9387	470	398	669	0.761	0.430	786.410	3.778	0	325	683	0.514	0.404	782.960	3.654	0
9407	471	452	719	0.761	0.430	786.410	3.810	0	327	707	0.513	0.404	782.960	3.618	0
9427	472	444	764	0.762	0.430	794.276	3.880	0	328	737	0.513	0.404	776.790	3.553	0
9447	473	370	681	0.762	0.430	794.276	3.667	0	322	729	0.513	0.404	776.790	3.709	0
9466	474	383	679	0.761	0.430	794.276	3.682	0	351	692	0.512	0.404	776.790	3.617	0
9486	475	366	682	0.761	0.430	794.276	3.646	0	346	703	0.512	0.404	776.790	3.521	0
9506	476	397	682	0.761	0.430	794.276	3.724	0	334	718	0.512	0.404	776.790	3.666	0
9526	477	397	685	0.762	0.430	791.273	3.713	0	328	690	0.512	0.404	787.548	3.641	0
9546	478	379	690	0.762	0.430	791.273	3.797	0	311	706	0.512	0.404	787.548	3.667	0
9566	479	396	687	0.762	0.430	791.273	3.767	0	339	716	0.512	0.404	787.548	3.718	0
9586	480	324	662	0.762	0.430	791.273	3.693	0	308	673	0.513	0.404	787.548	3.696	0
9606	481	239	681	0.762	0.430	791.273	3.676	0	298	659	0.513	0.404	787.548	3.622	0
9626	482	164	675	0.763	0.430	787.519	3.642	0	288	649	0.514	0.404	783.520	3.620	0
9646	483	267	661	0.763	0.430	787.519	3.639	0	263	676	0.514	0.404	783.520	3.754	0
9666	484	310	636	0.763	0.430	787.519	3.725	0	284	736	0.513	0.404	783.520	3.670	0
9686	485	419	753	0.763	0.430	787.519	4.133	0	231	717	0.513	0.404	783.520	3.557	0
9706	486	331	660	0.763	0.430	787.519	3.852	0	226	645	0.513	0.405	783.520	3.527	0
9726	487	373	674	0.764	0.431	789.880	4.043	0	216	671	0.514	0.405	779.935	3.482	0
9746	488	299	645	0.764	0.430	789.880	3.854	0	268	661	0.514	0.405	779.935	3.667	0
9766	489	309	701	0.763	0.430	789.880	3.571	0	285	720	0.513	0.405	779.935	3.710	0
9785	490	448	656	0.761	0.430	789.880	3.604	0	405	697	0.512	0.404	779.935	3.548	0
9805	491	449	663	0.761	0.430	789.880	3.722	0	430	694	0.512	0.405	779.935	3.806	0
9826	492	450	679	0.762	0.430	792.317	3.588	0	431	684	0.512	0.404	786.040	3.828	0
9845	493	442	633	0.762	0.430	792.317	3.739	0	443	677	0.512	0.404	786.040	3.668	0
9865	494	423	681	0.762	0.430	792.317	3.656	0	443	625	0.512	0.404	786.040	3.673	0
9885	495	461	618	0.762	0.430	792.317	3.661	0	413	678	0.512	0.404	786.040	3.744	0
9905	496	433	651	0.762	0.430	792.317	3.548	0	434	664	0.512	0.405	786.040	3.671	0
9925	497	449	663	0.762	0.430	790.419	3.531	0	423	648	0.513	0.405	787.347	3.697	0
9945	498	437	667	0.762	0.430	790.419	3.900	0	422	681	0.513	0.405	787.347	3.804	0
9965	499	458	651	0.762	0.430	790.419	3.656	0	444	672	0.512	0.405	787.347	3.742	0
9985	500	445	668	0.762	0.430	790.419	3.613	0	406	620	0.512	0.405	787.347	3.579	0
10005	501	457	672	0.762	0.430	790.419	3.525	0	449	639	0.512	0.405	787.347	3.635	0
10025	502	453	668	0.763	0.430	790.199	3.466	0	437	622	0.513	0.405	783.952	3.530	0
10045	503	465	691	0.763	0.430	790.199	3.698	0	456	641	0.513	0.405	783.952	3.628	0
10065	504	445	685	0.762	0.430	790.199	3.603	0	397	670	0.512	0.405	783.952	3.445	0
10085	505	490	688	0.762	0.430	790.199	3.642	0	431	649	0.512	0.405	783.952	3.702	0
10105	506	464	660	0.762	0.430	790.199	3.646	0	394	659	0.512	0.405	783.952	3.798	0
10125	507	486	650	0.763	0.430	795.412	3.674	0	403	650	0.513	0.405	782.558	3.778	0
