8	1	-1280	-1024	-1.000	-1.000	-1.000	-1.000	4	-1280	-1024	-1.000	-1.000	-1.000	-1.000	4
28	2	-1280	-1024	0.587	0.276	-1.000	-1.000	4	-1280	-1024	0.348	0.297	-1.000	-1.000	4
48	3	-1280	-1024	0.348	0.297	-1.000	-1.000	4	773	370	0.348	0.297	668.391	4.693	0
68	4	740	323	0.587	0.276	675.288	4.891	0	783	356	0.348	0.297	668.391	4.765	0
88	5	759	323	0.587	0.276	675.288	4.913	0	760	366	0.348	0.298	668.391	4.693	0
108	6	756	317	0.587	0.276	675.288	4.884	0	749	356	0.348	0.298	668.391	4.589	0
128	7	764	319	0.588	0.276	673.757	4.878	0	747	359	0.348	0.298	668.310	4.598	0
148	8	787	335	0.587	0.276	673.757	5.090	0	744	321	0.348	0.298	668.310	4.724	0
182	9	779	341	0.588	0.276	673.757	4.937	0	733	372	0.348	0.298	668.310	4.767	0
188	10	761	348	0.588	0.276	673.757	4.871	0	749	361	0.349	0.298	668.310	4.713	0
207	11	757	293	0.588	0.277	673.757	4.846	0	747	339	0.349	0.298	668.310	4.709	0
227	12	755	295	0.588	0.277	673.257	4.817	0	744	364	0.349	0.298	667.997	4.703	0
267	13	748	342	0.589	0.276	673.257	4.837	0	758	345	0.349	0.298	667.997	4.573	0
287	14	757	310	0.589	0.276	673.257	4.957	0	743	344	0.350	0.298	667.997	4.537	0
307	15	729	314	0.590	0.277	673.257	4.886	0	747	383	0.350	0.298	667.997	4.654	0
327	16	757	340	0.590	0.277	673.257	4.710	0	746	355	0.351	0.298	667.997	4.588	0
347	17	747	327	0.591	0.277	672.783	4.739	0	748	366	0.351	0.298	667.651	4.598	0
367	18	745	315	0.591	0.277	672.783	4.942	0	732	351	0.351	0.298	667.651	4.409	0
387	19	756	321	0.592	0.277	672.783	4.661	0	754	375	0.352	0.298	667.651	4.372	0
407	20	741	311	0.592	0.277	672.783	4.519	0	761	375	0.353	0.298	667.651	4.384	0
427	21	751	342	0.593	0.278	672.783	4.427	0	729	372	0.353	0.298	667.651	4.358	0
447	22	754	347	0.594	0.278	672.050	4.330	0	751	371	0.354	0.298	667.394	4.356	0
467	23	756	293	0.594	0.278	672.050	4.620	0	735	357	0.354	0.299	667.394	4.397	0
487	24	749	310	0.594	0.278	672.050	4.456	0	727	361	0.355	0.298	667.394	4.221	0
507	25	733	341	0.595	0.278	672.050	4.695	0	729	378	0.355	0.299	667.394	4.211	0
526	26	825	472	0.594	0.280	672.050	4.540	0	815	460	0.355	0.300	667.394	4.234	0
546	27	834	500	0.593	0.281	674.438	4.526	0	829	470	0.354	0.302	670.402	4.254	0
566	28	938	586	0.593	0.282	674.438	4.481	0	940	597	0.354	0.302	670.402	4.213	0
586	29	980	588	0.593	0.282	674.438	4.392	0	958	599	0.354	0.302	670.402	4.212	0
606	30	938	615	0.593	0.282	674.438	4.540	0	962	605	0.354	0.302	670.402	4.101	0
626	31	973	588	0.594	0.282	674.438	4.475	0	924	619	0.355	0.302	670.402	4.086	0
646	32	957	594	0.594	0.282	676.550	4.481	0	945	626	0.355	0.302	668.018	4.057	0
666	33	971	610	0.594	0.282	676.550	4.437	0	937	617	0.354	0.302	668.018	3.969	0
686	34	954	621	0.594	0.282	676.550	4.240	0	938	621	0.355	0.302	668.018	3.971	0
706	35	962	571	0.594	0.282	676.550	4.189	0	946	621	0.355	0.302	668.018	3.931	0
726	36	998	583	0.594	0.282	676.550	4.282	0	956	610	0.355	0.302	668.018	4.028	0
746	37	1007	574	0.594	0.281	676.347	4.278	0	964	616	0.355	0.302	664.344	4.002	0
766	38	953	583	0.594	0.282	676.347	4.210	0	951	620	0.355	0.302	664.344	3.840	0
786	39	961	605	0.594	0.282	676.347	4.138	0	965	595	0.355	0.302	664.344	3.701	0
806	40	819	581	0.596	0.282	676.347	4.275	0	853	590	0.357	0.302	664.344	3.819	0
826	41	546	606	0.600	0.281	676.347	4.095	0	594	527	0.360	0.302	664.344	3.803	0
845	42	483	601	0.602	0.281	670.913	4.094	0	545	495	0.363	0.301	669.602	3.788	0
865	43	378	550	0.602	0.282	670.913	4.145	0	420	539	0.363	0.302	669.602	3.926	0
885	44	374	565	0.602	0.281	670.913	4.056	0	389	523	0.363	0.302	669.602	3.820	0
905	45	399	571	0.602	0.282	670.913	4.111	0	416	582	0.363	0.302	669.602	3.900	0
925	46	349	587	0.602	0.282	670.913	4.160	0	417	538	0.363	0.302	669.602	3.822	0
945	47	359	593	0.602	0.281	673.488	4.146	0	414	541	0.363	0.301	671.603	3.860	0
965	48	441	592	0.602	0.281	673.488	4.354	0	433	571	0.363	0.301	671.603	4.079	0
985	49	426	570	0.602	0.281	673.488	4.319	0	410	577	0.363	0.301	671.603	3.912	0
1005	50	441	587	0.602	0.281	673.488	4.270	0	399	586	0.362	0.301	671.603	3.891	0
1025	51	427	621	0.601	0.281	673.488	4.344	0	420	586	0.362	0.301	671.603	3.911	0
1045	52	432	620	0.600	0.281	671.351	4.300	0	419	588	0.361	0.302	669.986	3.895	0
1065	53	485	599	0.600	0.281	671.351	4.216	0	488	566	0.361	0.302	669.986	3.887	0
1085	54	491	572	0.600	0.281	671.351	4.420	0	501	565	0.361	0.302	669.986	4.060	0
1105	55	456	597	0.599	0.281	671.351	3.865	0	449	568	0.360	0.302	669.986	3.725	0
1125	56	450	594	0.599	0.281	671.351	4.059	0	469	583	0.360	0.302	669.986	3.900	0
1145	57	462	589	0.599	0.281	670.057	4.002	0	451	582	0.360	0.302	671.134	3.910	0
1164	58	435	617	0.599	0.280	670.057	3.937	0	-1280	-1024	0.599	0.280	-1.000	-1.000	4
1184	59	-1280	-1024	-1.000	-1.000	-1.000	-1.000	4	-1280	-1024	-1.000	-1.000	-1.000	-1.000	4
1204	60	-1280	-1024	-1.000	-1.000	-1.000	-1.000	4	-1280	-1024	-1.000	-1.000	-1.000	-1.000	4
1224	61	-1280	-1024	-1.000	-1.000	-1.000	-1.000	4	-1280	-1024	-1.000	-1.000	-1.000	-1.000	4
1244	62	-1280	-1024	-1.000	-1.000	-1.000	-1.000	4	-1280	-1024	-1.000	-1.000	-1.000	-1.000	4
1264	63	-1280	-1024	-1.000	-1.000	-1.000	-1.000	4	-1280	-1024	-1.000	-1.000	-1.000	-1.000	4
1284	64	-1280	-1024	-1.000	-1.000	-1.000	-1.000	4	-1280	-1024	-1.000	-1.000	-1.000	-1.000	4
1304	65	-1280	-1024	-1.000	-1.000	-1.000	-1.000	4	-1280	-1024	-1.000	-1.000	-1.000	-1.000	4
1324	66	-1280	-1024	-1.000	-1.000	-1.000	-1.000	4	-1280	-1024	-1.000	-1.000	-1.000	-1.000	4
1344	67	1175	932	0.593	0.280	670.057	2.620	0	-1280	-1024	0.593	0.280	-1.000	-1.000	4
1364	68	-1280	-1024	-1.000	-1.000	-1.000	-1.000	4	-1280	-1024	-1.000	-1.000	-1.000	-1.000	4
1384	69	963	579	0.593	0.281	670.057	4.246	0	994	546	0.353	0.302	671.134	4.380	0
1404	70	960	551	0.593	0.281	670.057	4.475	0	944	546	0.354	0.302	671.134	4.087	0
1424	71	972	508	0.593	0.281	680.537	4.776	0	944	549	0.354	0.302	669.218	4.076	0
1444	72	964	634	0.593	0.281	680.537	4.227	0	937	569	0.354	0.302	669.218	4.720	0
1464	73	965	645	0.593	0.281	680.537	4.248	0	930	629	0.354	0.302	669.218	3.891	0
1483	74	965	645	0.593	0.281	680.537	4.257	0	938	617	0.354	0.302	669.218	3.926	0
1503	75	993	600	0.593	0.281	680.537	4.197	0	957	594	0.354	0.302	669.218	3.846	0
1523	76	991	609	0.593	0.281	675.855	4.179	0	955	632	0.354	0.302	662.955	3.807	0
1543	77	951	633	0.593	0.281	675.855	4.177	0	936	620	0.354	0.302	662.955	3.977	0
1563	78	973	635	0.593	0.281	675.855	4.215	0	941	650	0.354	0.302	662.955	3.953	0
1583	79	947	641	0.593	0.281	675.855	4.259	0	937	634	0.354	0.302	662.955	3.977	0
1603	80	981	639	0.593	0.281	675.855	4.267	0	919	652	0.354	0.302	662.955	4.066	0
1623	81	976	639	0.593	0.282	675.488	4.273	0	920	644	0.354	0.303	665.385	4.082	0
1643	82	968	653	0.594	0.282	675.488	4.284	0	917	645	0.354	0.303	665.385	4.207	0
1663	83	951	621	0.594	0.282	675.488	4.403	0	919	635	0.355	0.303	665.385	4.085	0
1683	84	762	560	0.596	0.282	675.488	4.397	0	770	596	0.357	0.302	665.385	4.359	0
1703	85	725	606	0.598	0.281	675.488	4.449	0	721	520	0.358	0.302	665.385	4.284	0
1723	86	677	572	0.598	0.281	679.341	4.487	0	674	489	0.358	0.302	668.656	4.319	0
1743	87	732	536	0.598	0.281	679.341	4.872	0	697	523	0.358	0.302	668.656	4.588	0
1763	88	702	544	0.599	0.282	679.341	4.837	0	694	525	0.359	0.302	668.656	4.559	0
1782	89	744	564	0.599	0.281	679.341	4.744	0	689	544	0.359	0.302	668.656	4.386	0
1802	90	733	527	0.599	0.281	679.341	4.641	0	710	520	0.359	0.302	668.656	4.354	0
1822	91	741	534	0.599	0.281	679.705	4.583	0	714	525	0.359	0.301	668.556	4.321	0
1842	92	728	559	0.598	0.281	679.705	4.760	0	707	502	0.358	0.301	668.556	4.416	0
1862	93	751	507	0.599	0.281	679.705	4.854	0	697	513	0.359	0.301	668.556	4.454	0
1882	94	738	556	0.598	0.281	679.705	4.614	0	718	502	0.359	0.301	668.556	4.309	0
1902	95	723	578	0.598	0.281	679.705	4.531	0	705	549	0.358	0.301	668.556	4.328	0
1922	96	740	567	0.598	0.281	678.934	4.494	0	722	558	0.358	0.301	667.109	4.337	0
1942	97	723	551	0.598	0.281	678.934	4.602	0	709	531	0.358	0.301	667.109	4.284	0
1962	98	725	579	0.598	0.281	678.934	4.438	0	714	533	0.358	0.301	667.109	4.236	0
1982	99	735	594	0.598	0.281	678.934	4.506	0	713	530	0.358	0.302	667.109	4.441	0
2002	100	714	567	0.598	0.281	678.934	4.565	0	715	515	0.358	0.302	667.109	4.181	0
2022	101	717	589	0.598	0.282	677.377	4.487	0	716	514	0.358	0.302	667.301	4.232	0
2042	102	556	555	0.599	0.283	677.377	4.663	0	558	537	0.359	0.302	667.301	4.174	0
2062	103	433	588	0.601	0.283	677.377	4.534	0	412	600	0.361	0.303	667.301	4.206	0
2082	104	415	600	0.601	0.283	677.377	4.320	0	410	601	0.361	0.303	667.301	4.081	0
2101	105	424	620	0.601	0.283	677.377	4.380	0	418	602	0.361	0.303	667.301	4.162	0
2121	106	430	642	0.601	0.283	671.531	4.403	0	420	600	0.361	0.303	668.882	4.156	0
2141	107	419	610	0.601	0.283	671.531	4.253	0	395	592	0.361	0.303	668.882	4.052	0
2161	108	405	596	0.601	0.283	671.531	4.358	0	411	610	0.361	0.303	668.882	4.119	0
2181	109	429	592	0.601	0.283	671.531	4.230	0	415	600	0.361	0.303	668.882	4.055	0
2201	110	415	606	0.601	0.283	671.531	4.170	0	409	606	0.361	0.303	668.882	4.079	0
2221	111	414	600	0.601	0.283	669.986	4.175	0	410	601	0.361	0.303	668.993	4.099	0
2241	112	422	605	0.601	0.283	669.986	4.191	0	422	593	0.361	0.303	668.993	4.134	0
2261	113	416	588	0.601	0.283	669.986	4.341	0	405	570	0.361	0.304	668.993	4.061	0
2281	114	440	577	0.601	0.283	669.986	4.310	0	439	605	0.361	0.304	668.993	4.068	0
2301	115	467	622	0.601	0.283	669.986	4.227	0	469	590	0.361	0.304	668.993	4.042	0
2321	116	474	612	0.601	0.283	670.300	4.299	0	476	588	0.361	0.304	668.245	4.034	0
2341	117	470	625	0.601	0.283	670.300	4.260	0	464	607	0.362	0.303	668.245	4.025	0
2361	118	469	581	0.602	0.283	670.300	4.450	0	474	605	0.362	0.303	668.245	4.123	0
2381	119	453	580	0.602	0.283	670.300	4.441	0	469	591	0.362	0.303	668.245	4.138	0
2401	120	423	561	0.602	0.283	670.300	4.486	0	462	587	0.362	0.303	668.245	3.989	0
2420	121	420	552	0.602	0.282	671.711	4.504	0	468	583	0.363	0.302	668.712	4.042	0
2440	122	469	610	0.603	0.282	671.711	4.242	0	453	586	0.363	0.302	668.712	4.161	0
2461	123	452	574	0.603	0.282	671.711	4.143	0	457	588	0.363	0.301	668.712	4.115	0
2480	124	448	625	0.603	0.282	671.711	4.265	0	457	591	0.363	0.301	668.712	3.902	0
2500	125	439	548	0.603	0.281	671.711	4.217	0	447	608	0.363	0.301	668.712	3.888	0
2520	126	432	555	0.603	0.281	672.257	4.200	0	450	613	0.363	0.301	668.022	3.871	0
2540	127	454	585	0.603	0.281	672.257	4.240	0	475	603	0.363	0.301	668.022	4.088	0
2560	128	471	618	0.603	0.282	672.257	4.289	0	479	620	0.363	0.301	668.022	4.101	0
2580	129	467	608	0.602	0.282	672.257	4.330	0	463	554	0.363	0.301	668.022	3.952	0
2600	130	477	609	0.602	0.282	672.257	4.204	0	456	578	0.363	0.301	668.022	3.953	0
2620	131	479	613	0.602	0.282	670.309	4.224	0	454	566	0.363	0.301	669.071	3.960	0
2640	132	474	613	0.602	0.282	670.309	4.119	0	457	632	0.362	0.301	669.071	3.959	0
2660	133	444	580	0.602	0.282	670.309	4.077	0	466	623	0.363	0.301	669.071	4.018	0
2680	134	480	609	0.603	0.281	670.309	4.203	0	464	599	0.363	0.301	669.071	3.915	0
2700	135	464	597	0.603	0.281	670.309	3.967	0	463	569	0.363	0.300	669.071	3.989	0
2720	136	457	586	0.603	0.281	670.901	3.968	0	467	557	0.363	0.300	666.922	3.983	0
2740	137	460	573	0.603	0.280	670.901	4.146	0	454	604	0.363	0.299	666.922	4.085	0
2759	138	471	592	0.603	0.280	670.901	4.239	0	475	583	0.363	0.299	666.922	4.087	0
2779	139	468	605	0.603	0.280	670.901	4.111	0	487	599	0.363	0.299	666.922	4.254	0
2799	140	512	605	0.603	0.280	670.901	4.451	0	460	579	0.363	0.299	666.922	3.846	0
2819	141	510	604	0.603	0.280	670.937	4.491	0	463	583	0.363	0.299	666.829	3.868	0
2839	142	500	588	0.604	0.281	670.937	4.196	0	459	611	0.364	0.299	666.829	3.952	0
2859	143	485	650	0.604	0.281	670.937	4.393	0	491	636	0.364	0.299	666.829	4.081	0
2879	144	464	567	0.604	0.281	670.937	4.261	0	458	602	0.364	0.300	666.829	4.019	0
2899	145	510	605	0.605	0.281	670.937	4.320	0	451	606	0.365	0.300	666.829	4.094	0
2919	146	487	615	0.605	0.281	671.711	4.256	0	443	610	0.365	0.300	666.052	4.073	0
2939	147	457	571	0.606	0.282	671.711	4.052	0	453	594	0.366	0.299	666.052	4.137	0
2959	148	495	606	0.606	0.282	671.711	4.249	0	451	623	0.366	0.299	666.052	4.116	0
2979	149	452	585	0.607	0.282	671.711	4.223	0	449	582	0.366	0.299	666.052	3.964	0
2999	150	461	589	0.607	0.282	671.711	4.446	0	454	615	0.367	0.299	666.052	3.845	0
3019	151	459	595	0.607	0.282	669.978	4.492	0	446	599	0.367	0.299	665.867	3.771	0
3039	152	481	613	0.608	0.282	669.978	4.195	0	444	603	0.368	0.299	665.867	3.953	0
3058	153	504	588	0.608	0.282	669.978	4.142	0	483	571	0.368	0.299	665.867	4.118	0
3079	154	456	635	0.608	0.282	669.978	4.157	0	471	623	0.368	0.300	665.867	4.028	0
3098	155	656	586	0.607	0.283	669.978	4.292	0	704	539	0.366	0.300	665.867	4.329	0
3118	156	660	600	0.603	0.283	670.915	4.283	0	730	547	0.363	0.300	664.799	4.363	0
3138	157	1088	603	0.603	0.283	670.915	4.328	0	1007	588	0.362	0.300	664.799	3.848	0
3158	158	1073	583	0.603	0.283	670.915	4.177	0	1032	612	0.363	0.300	664.799	3.752	0
3178	159	1031	614	0.603	0.283	670.915	4.139	0	996	630	0.363	0.300	664.799	3.839	0
3198	160	1004	601	0.603	0.283	670.915	4.175	0	1013	612	0.363	0.299	664.799	3.825	0
3218	161	978	599	0.604	0.282	670.726	4.160	0	997	625	0.363	0.299	659.429	3.767	0
3238	162	1031	609	0.604	0.282	670.726	4.243	0	1027	604	0.363	0.299	659.429	3.773	0
3258	163	1011	624	0.604	0.282	670.726	4.167	0	1020	606	0.363	0.299	659.429	3.789	0
3278	164	998	641	0.604	0.282	670.726	4.160	0	996	615	0.364	0.298	659.429	3.847	0
3298	165	1016	625	0.604	0.282	670.726	4.190	0	985	617	0.364	0.298	659.429	3.805	0
3318	166	1013	630	0.604	0.282	671.561	4.200	0	974	619	0.364	0.299	659.379	3.830	0
3338	167	1021	599	0.604	0.282	671.561	4.115	0	985	604	0.363	0.299	659.379	3.898	0
3358	168	1073	633	0.603	0.282	671.561	4.024	0	1063	615	0.363	0.299	659.379	3.899	0
3378	169	1120	616	0.602	0.282	671.561	4.174	0	1097	605	0.363	0.299	659.379	3.892	0
3398	170	1115	610	0.602	0.282	671.561	4.080	0	1061	643	0.363	0.299	659.379	4.234	0
3417	171	1110	628	0.602	0.282	670.394	4.062	0	1041	663	0.363	0.300	650.151	4.203	0
3437	172	1116	614	0.601	0.282	670.394	4.103	0	1102	558	0.362	0.300	653.489	4.048	0
3457	173	1109	648	0.601	0.282	670.394	4.080	0	1074	656	0.362	0.300	613.815	3.647	0
3477	174	1081	631	0.601	0.282	670.394	4.124	0	1020	731	0.362	0.300	579.781	3.593	0
3497	175	1107	601	0.601	0.282	670.394	4.192	0	996	776	0.362	0.300	554.390	3.527	0
3517	176	1099	613	0.601	0.282	670.148	4.197	0	984	801	0.362	0.300	545.722	3.442	0
3537	177	1098	602	0.600	0.282	670.148	4.866	0	1006	757	0.360	0.300	545.675	3.289	0
3557	178	1178	593	0.600	0.282	670.148	4.581	0	1003	741	0.360	0.300	545.722	3.323	0
3577	179	1125	618	0.600	0.282	670.148	4.464	0	1000	759	0.360	0.300	545.760	3.347	0
3597	180	1151	592	0.600	0.282	670.148	4.323	0	1014	763	0.360	0.300	545.791	3.393	0
3617	181	1124	600	0.600	0.282	670.098	4.198	0	1016	760	0.359	0.300	545.818	3.425	0
3637	182	1152	617	0.600	0.282	670.098	3.950	0	1047	693	0.361	0.300	602.393	3.501	0
3657	183	1139	600	0.600	0.282	670.098	4.163	0	1008	763	0.360	0.300	543.609	3.198	0
3677	184	1142	610	0.600	0.282	670.098	4.079	0	1000	781	0.360	0.300	542.671	3.213	0
3697	185	1110	635	0.599	0.282	670.098	4.144	0	979	791	0.360	0.300	537.582	3.236	0
3716	186	1098	631	0.599	0.282	669.560	4.107	0	973	799	0.360	0.300	533.764	3.243	0
3736	187	1141	616	0.599	0.282	669.560	4.017	0	1034	711	0.360	0.300	584.081	3.365	0
3756	188	1148	610	0.599	0.282	669.560	3.983	0	980	795	0.360	0.300	531.322	3.318	0
3776	189	1119	604	0.599	0.282	669.560	4.075	0	985	794	0.360	0.300	531.072	3.298	0
3796	190	1121	643	0.599	0.282	669.560	4.144	0	998	799	0.360	0.300	531.072	3.235	0
3816	191	1116	641	0.599	0.282	669.172	4.158	0	987	800	0.360	0.300	531.991	3.206	0
3836	192	1088	630	0.599	0.282	669.172	4.125	0	983	797	0.360	0.300	532.682	3.200	0
3856	193	1102	630	0.599	0.282	669.172	4.122	0	1007	771	0.360	0.300	533.093	3.207	0
3876	194	1117	639	0.599	0.282	669.172	4.094	0	968	803	0.360	0.300	532.957	3.300	0
3896	195	1147	602	0.599	0.282	669.172	4.165	0	974	812	0.360	0.300	532.955	3.394	0
3916	196	1161	602	0.600	0.282	668.696	4.157	0	975	808	0.360	0.300	532.953	3.436	0
3936	197	1126	643	0.600	0.282	668.696	4.271	0	975	807	0.360	0.300	532.950	3.340	0
3956	198	977	532	0.602	0.281	668.696	4.243	0	922	755	0.362	0.299	532.355	3.186	0
3976	199	768	342	0.605	0.279	668.696	4.193	0	644	625	0.365	0.296	532.350	3.272	0
3996	200	538	163	0.608	0.277	668.696	4.002	0	542	448	0.368	0.294	567.841	3.479	0
4016	201	375	-1	0.610	0.277	671.270	3.968	0	424	74	0.370	0.293	667.753	4.071	0
4035	202	425	177	0.610	0.277	671.270	4.355	0	466	211	0.370	0.294	667.753	4.198	0
4055	203	429	144	0.610	0.277	671.270	4.407	0	469	197	0.370	0.294	667.753	4.172	0
4075	204	436	191	0.611	0.277	671.270	4.195	0	463	184	0.370	0.294	667.753	4.093	0
4095	205	452	165	0.611	0.277	671.270	4.220	0	461	190	0.370	0.294	667.753	4.262	0
4115	206	463	162	0.611	0.277	670.353	4.239	0	461	188	0.371	0.294	665.630	4.221	0
4135	207	367	123	0.613	0.277	670.353	4.486	0	351	160	0.373	0.293	665.630	4.377	0
4155	208	185	124	0.615	0.276	670.353	4.389	0	205	110	0.375	0.293	665.630	4.232	0
4175	209	172	124	0.615	0.277	670.353	4.301	0	210	115	0.375	0.293	665.630	4.056	0
4195	210	173	124	0.615	0.276	670.353	4.359	0	211	83	0.375	0.294	665.630	4.058	0
4215	211	169	105	0.615	0.276	677.073	4.363	0	223	145	0.374	0.295	641.432	3.915	0
4235	212	203	96	0.616	0.276	677.073	4.595	0	205	168	0.375	0.294	641.432	3.942	0
4255	213	161	101	0.615	0.276	677.073	4.430	0	234	171	0.375	0.294	641.432	3.998	0
4275	214	166	124	0.615	0.276	677.073	4.329	0	221	179	0.374	0.294	641.432	3.953	0
4295	215	154	126	0.615	0.276	677.073	4.318	0	220	186	0.374	0.294	641.432	4.009	0
4315	216	142	128	0.615	0.276	677.264	4.309	0	220	189	0.374	0.295	641.304	3.997	0
4335	217	148	114	0.615	0.277	677.264	4.460	0	225	189	0.374	0.294	641.304	3.941	0
4355	218	157	102	0.615	0.277	677.264	4.535	0	228	204	0.374	0.294	641.304	4.051	0
4374	219	148	115	0.615	0.277	677.264	4.364	0	226	214	0.374	0.294	641.304	3.922	0
4394	220	154	103	0.615	0.277	677.264	4.215	0	217	197	0.375	0.294	641.304	3.960	0
4414	221	166	139	0.616	0.277	666.541	4.124	0	217	208	0.374	0.296	641.233	3.983	0
4434	222	179	118	0.616	0.277	666.541	4.259	0	213	221	0.375	0.294	641.233	3.954	0
4454	223	176	110	0.616	0.277	666.541	4.346	0	206	210	0.375	0.294	641.233	3.911	0
4474	224	199	149	0.615	0.277	666.541	4.320	0	250	215	0.375	0.294	641.233	3.981	0
4494	225	176	141	0.615	0.277	666.541	4.283	0	249	227	0.375	0.294	641.233	3.824	0
4514	226	184	133	0.616	0.277	667.515	4.328	0	248	219	0.374	0.296	642.265	3.815	0
4534	227	198	129	0.615	0.277	667.515	4.334	0	259	227	0.375	0.294	642.265	3.951	0
4554	228	190	154	0.615	0.277	667.515	4.390	0	247	218	0.375	0.294	642.265	3.886	0
4574	229	212	136	0.615	0.277	667.515	4.404	0	242	230	0.375	0.294	642.265	3.884	0
4594	230	202	141	0.615	0.277	667.515	4.462	0	244	218	0.374	0.294	642.265	3.996	0
4614	231	203	154	0.615	0.277	665.900	4.480	0	244	223	0.374	0.296	641.998	3.965	0
4634	232	196	139	0.615	0.277	665.900	4.356	0	256	230	0.374	0.294	641.998	3.866	0
4654	233	177	127	0.615	0.277	665.900	4.328	0	228	208	0.374	0.294	641.998	3.883	0
4674	234	98	78	0.615	0.276	665.900	4.164	0	170	56	0.375	0.294	641.998	3.810	0
4693	235	104	53	0.615	0.276	665.900	4.155	0	156	30	0.374	0.294	641.998	3.838	0
4713	236	98	7	0.616	0.276	672.006	4.184	0	135	-23	0.375	0.295	649.894	3.872	0
4733	237	96	26	0.615	0.276	672.006	4.368	0	161	9	0.374	0.295	649.894	3.857	0
4753	238	129	27	0.615	0.276	672.006	4.382	0	159	6	0.374	0.295	649.894	3.832	0
4773	239	96	24	0.615	0.276	672.006	4.140	0	144	10	0.374	0.295	649.894	3.760	0
4793	240	77	0	0.615	0.276	672.006	4.229	0	122	8	0.374	0.295	649.894	3.762	0
4813	241	83	2	0.616	0.276	670.642	4.156	0	114	3	0.375	0.295	651.515	3.772	0
4833	242	97	34	0.615	0.276	670.642	4.169	0	129	7	0.375	0.295	651.515	3.783	0
4853	243	57	26	0.616	0.276	670.642	4.204	0	105	12	0.375	0.295	651.515	3.774	0
4873	244	20	11	0.616	0.276	670.642	4.181	0	33	8	0.376	0.295	651.515	3.768	0
4893	245	0	16	0.616	0.276	670.642	4.234	0	68	3	0.376	0.295	651.515	3.800	0
4913	246	-7	33	0.617	0.277	662.964	4.188	0	38	2	0.377	0.295	650.932	3.793	0
4933	247	10	34	0.617	0.277	662.964	4.159	0	54	-13	0.376	0.295	650.932	3.735	0
4953	248	15	67	0.617	0.277	662.964	4.073	0	57	-13	0.377	0.295	650.932	3.636	0
4973	249	14	43	0.617	0.277	662.964	4.056	0	74	-16	0.377	0.295	650.932	3.717	0
4992	250	13	42	0.618	0.277	662.964	3.948	0	58	6	0.377	0.295	650.932	3.749	0
5012	251	10	31	0.618	0.277	666.379	3.920	0	64	9	0.378	0.295	649.877	3.716	0
5032	252	11	47	0.618	0.277	666.379	4.112	0	87	-13	0.377	0.295	649.877	3.832	0
5052	253	-25	39	0.618	0.277	666.379	4.076	0	21	15	0.378	0.295	649.877	3.567	0
5072	254	-15	39	0.618	0.277	666.379	4.137	0	34	-3	0.378	0.295	649.877	3.743	0
5092	255	-17	41	0.618	0.277	666.379	4.256	0	21	-11	0.378	0.295	649.877	3.590	0
5112	256	59	223	0.619	0.277	604.801	3.878	0	28	17	0.379	0.295	646.708	3.638	0
5132	257	8	112	0.618	0.277	645.117	3.955	0	55	3	0.378	0.295	646.708	3.657	0
5152	258	-16	92	0.618	0.277	645.117	4.064	0	52	-3	0.378	0.295	646.708	3.701	0
5172	259	75	213	0.618	0.276	604.806	3.792	0	31	16	0.378	0.295	646.708	3.635	0
5192	260	55	243	0.618	0.276	604.464	3.826	0	27	9	0.378	0.295	646.708	3.621	0
5212	261	-7	104	0.617	0.278	650.236	4.108	0	18	8	0.378	0.295	647.800	3.630	0
5232	262	72	89	0.617	0.276	650.236	4.334	0	116	13	0.377	0.295	647.800	3.795	0
5252	263	207	79	0.616	0.276	650.236	4.017	0	245	33	0.375	0.295	647.800	3.612	0
5272	264	247	74	0.616	0.276	650.236	4.075	0	262	45	0.375	0.295	647.800	3.795	0
5292	265	232	85	0.615	0.276	650.236	4.009	0	270	28	0.375	0.295	647.800	3.637	0
5311	266	237	-4	0.615	0.276	679.131	4.201	0	274	16	0.375	0.295	652.304	3.732	0
5331	267	226	16	0.615	0.275	679.131	4.151	0	272	16	0.375	0.295	652.304	3.709	0
5351	268	208	-28	0.615	0.275	679.131	4.126	0	259	4	0.375	0.295	652.304	3.672	0
5371	269	234	6	0.615	0.275	679.131	4.220	0	269	11	0.375	0.295	652.304	3.692	0
5391	270	207	-20	0.615	0.275	679.131	4.245	0	262	14	0.375	0.295	652.304	3.760	0
5411	271	221	29	0.616	0.275	668.057	4.202	0	266	11	0.375	0.295	652.220	3.751	0
5431	272	214	25	0.615	0.275	668.057	4.079	0	259	11	0.375	0.294	652.220	3.733	0
5451	273	210	44	0.616	0.275	668.057	4.144	0	222	20	0.375	0.294	652.220	3.752	0
5471	274	211	58	0.615	0.275	668.057	4.116	0	224	15	0.375	0.294	652.220	3.677	0
5491	275	205	42	0.615	0.274	668.057	4.079	0	221	23	0.375	0.294	652.220	3.689	0
5511	276	210	65	0.615	0.275	661.445	4.065	0	222	22	0.376	0.294	652.069	3.701	0
5531	277	199	61	0.615	0.275	661.445	4.046	0	225	30	0.375	0.294	652.069	3.749	0
5551	278	207	68	0.615	0.275	661.445	4.032	0	230	21	0.375	0.294	652.069	3.695	0
5571	279	200	64	0.615	0.275	661.445	4.037	0	222	16	0.375	0.294	652.069	3.704	0
5591	280	183	70	0.615	0.275	661.445	3.954	0	210	18	0.375	0.294	652.069	3.633	0
5611	281	186	75	0.615	0.276	659.797	3.931	0	209	16	0.376	0.294	652.350	3.617	0
5630	282	228	93	0.616	0.275	659.797	4.059	0	226	28	0.375	0.294	652.350	3.680	0
5650	283	213	74	0.616	0.276	659.797	4.087	0	221	10	0.375	0.294	652.350	3.749	0
5670	284	204	71	0.616	0.276	659.797	3.986	0	219	10	0.376	0.294	652.350	3.709	0
5690	285	201	87	0.616	0.275	659.797	3.894	0	227	6	0.376	0.294	652.350	3.664	0
5710	286	204	78	0.616	0.276	659.961	3.871	0	223	5	0.377	0.294	652.002	3.685	0
5730	287	195	74	0.617	0.275	659.961	4.080	0	228	9	0.376	0.293	652.002	3.720	0
5750	288	195	78	0.617	0.275	659.961	4.090	0	235	17	0.376	0.293	652.002	3.710	0
5770	289	242	77	0.617	0.275	659.961	4.093	0	234	26	0.376	0.293	652.002	3.751	0
5790	290	233	64	0.617	0.275	659.961	4.023	0	214	23	0.376	0.293	652.002	3.622	0
5810	291	224	63	0.617	0.276	659.833	4.023	0	216	22	0.377	0.293	652.513	3.622	0
5830	292	217	91	0.617	0.275	659.833	3.975	0	216	27	0.377	0.293	652.513	3.652	0
5850	293	216	91	0.617	0.275	659.833	4.054	0	224	-6	0.377	0.293	652.513	3.812	0
5870	294	206	82	0.618	0.275	659.833	4.016	0	223	14	0.377	0.293	652.513	3.817	0
5890	295	211	94	0.618	0.275	659.833	4.024	0	243	12	0.377	0.293	652.513	3.761	0
5910	296	202	63	0.618	0.275	669.637	4.091	0	249	7	0.378	0.293	652.729	3.747	0
5930	297	193	19	0.618	0.275	669.637	4.195	0	231	20	0.377	0.293	652.729	3.850	0
5949	298	213	50	0.618	0.276	669.637	4.333	0	228	-1	0.377	0.293	652.729	3.646	0
5969	299	191	47	0.618	0.275	669.637	4.120	0	231	27	0.377	0.293	652.729	3.821	0
5989	300	200	40	0.618	0.275	669.637	4.083	0	214	22	0.378	0.293	652.729	3.766	0
6009	301	212	63	0.618	0.276	661.118	3.996	0	216	25	0.379	0.293	651.072	3.691	0
6029	302	200	52	0.619	0.275	661.118	4.162	0	220	32	0.378	0.292	651.072	3.657	0
6049	303	249	70	0.619	0.275	661.118	4.095	0	260	18	0.378	0.292	651.072	3.697	0
6069	304	239	67	0.619	0.275	661.118	4.005	0	253	14	0.378	0.292	651.072	3.696	0
6089	305	229	71	0.619	0.275	661.118	4.007	0	250	15	0.379	0.292	651.072	3.762	0
6109	306	219	46	0.620	0.275	669.422	4.059	0	246	10	0.379	0.292	651.908	3.788	0
6129	307	222	33	0.620	0.275	669.422	4.145	0	231	22	0.379	0.292	651.908	3.696	0
6149	308	215	53	0.620	0.275	669.422	4.237	0	244	27	0.379	0.292	651.908	3.734	0
6169	309	228	59	0.620	0.275	669.422	4.090	0	239	9	0.379	0.293	651.908	3.784	0
6189	310	217	45	0.620	0.275	669.422	4.227	0	239	20	0.380	0.293	651.908	3.789	0
6209	311	220	50	0.621	0.275	667.796	4.164	0	243	20	0.380	0.293	651.212	3.789	0
6229	312	240	58	0.620	0.275	667.796	4.188	0	231	12	0.380	0.293	651.212	3.713	0
6249	313	221	52	0.621	0.275	667.796	4.195	0	251	17	0.380	0.293	651.212	3.804	0
6268	314	215	59	0.621	0.275	667.796	4.139	0	230	30	0.380	0.293	651.212	3.854	0
6288	315	209	62	0.621	0.275	667.796	4.052	0	246	27	0.381	0.293	651.212	3.827	0
6308	316	194	19	0.622	0.275	682.048	4.115	0	239	29	0.381	0.292	652.361	3.858	0
6328	317	208	23	0.622	0.275	682.048	4.320	0	242	18	0.381	0.292	652.361	3.785	0
6348	318	185	-44	0.622	0.275	682.048	4.337	0	205	4	0.382	0.292	652.361	3.864	0
6368	319	168	-45	0.623	0.275	682.048	4.309	0	214	-11	0.382	0.292	652.361	3.846	0
6388	320	171	-51	0.623	0.275	682.048	4.252	0	224	-18	0.382	0.291	652.361	3.970	0
6408	321	186	-1	0.623	0.275	666.379	4.152	0	229	-31	0.383	0.291	653.767	4.008	0
6428	322	183	-10	0.623	0.275	666.379	4.320	0	214	3	0.382	0.291	653.767	3.827	0
6448	323	194	5	0.623	0.275	666.379	4.203	0	218	-12	0.382	0.291	653.767	3.904	0
6468	324	186	-4	0.623	0.275	666.379	4.301	0	210	-19	0.382	0.291	653.767	3.883	0
6488	325	151	14	0.623	0.275	666.379	4.299	0	210	-14	0.382	0.291	653.767	3.930	0
6508	326	140	-16	0.623	0.275	676.177	4.358	0	211	-10	0.383	0.291	652.068	3.921	0
6528	327	188	12	0.622	0.275	676.177	4.285	0	211	5	0.382	0.291	652.068	3.853	0
6548	328	192	10	0.622	0.275	676.177	4.411	0	218	-12	0.382	0.291	652.068	3.891	0
6567	329	190	12	0.622	0.275	676.177	4.522	0	223	-9	0.381	0.291	652.068	3.935	0
6587	330	153	-10	0.622	0.275	676.177	4.600	0	211	2	0.381	0.291	652.068	3.947	0
6607	331	161	15	0.622	0.275	667.757	4.620	0	215	-5	0.382	0.291	651.635	3.957	0
6627	332	198	34	0.621	0.275	667.757	4.370	0	209	1	0.380	0.291	651.635	3.884	0
6647	333	181	29	0.621	0.275	667.757	4.293	0	220	1	0.380	0.291	651.635	3.950	0
6667	334	177	21	0.620	0.275	667.757	4.301	0	209	0	0.380	0.291	651.635	3.973	0
6687	335	192	27	0.620	0.275	667.757	4.386	0	219	4	0.380	0.292	651.635	4.050	0
6707	336	175	-4	0.620	0.275	676.274	4.405	0	215	2	0.380	0.292	651.932	4.092	0
6727	337	177	6	0.620	0.275	676.274	4.505	0	227	5	0.379	0.292	651.932	4.100	0
6747	338	156	-20	0.620	0.275	676.274	4.571	0	196	13	0.379	0.292	651.932	3.935	0
6767	339	190	-33	0.620	0.275	676.274	4.550	0	207	13	0.379	0.292	651.932	3.994	0
6787	340	192	-23	0.619	0.275	676.274	4.360	0	208	1	0.379	0.292	651.932	4.041	0
6807	341	202	1	0.620	0.275	666.418	4.313	0	205	7	0.379	0.292	651.915	3.969	0
6827	342	164	8	0.619	0.275	666.418	4.402	0	210	-1	0.378	0.292	651.915	4.028	0
6847	343	186	35	0.619	0.275	666.418	4.308	0	202	-1	0.378	0.292	651.915	4.022	0
6867	344	193	45	0.619	0.275	666.418	4.327	0	211	9	0.378	0.292	651.915	3.983	0
6886	345	188	33	0.618	0.275	666.418	4.424	0	198	17	0.378	0.292	651.915	4.068	0
6906	346	218	155	0.619	0.275	626.474	4.125	0	197	20	0.378	0.292	652.171	4.060	0
6926	347	218	175	0.618	0.275	626.461	4.158	0	213	19	0.377	0.292	652.171	4.054	0
6946	348	213	174	0.618	0.275	626.255	4.228	0	208	-2	0.377	0.292	652.171	4.088	0
6966	349	198	167	0.617	0.275	626.877	4.238	0	204	18	0.377	0.292	652.171	4.051	0
6986	350	208	161	0.617	0.275	626.896	4.215	0	218	23	0.377	0.292	652.171	4.044	0
7006	351	169	37	0.617	0.275	667.625	4.480	0	214	17	0.377	0.292	652.283	4.051	0
7026	352	189	55	0.617	0.275	667.625	4.452	0	197	24	0.376	0.292	652.283	4.020	0
7046	353	179	58	0.617	0.275	667.625	4.544	0	202	22	0.376	0.293	652.283	4.018	0
7066	354	188	47	0.617	0.275	667.625	4.513	0	205	7	0.376	0.293	652.283	4.076	0
7086	355	180	36	0.617	0.275	667.625	4.577	0	217	-9	0.376	0.293	652.283	4.155	0
7106	356	183	30	0.617	0.275	668.691	4.585	0	223	-13	0.377	0.293	651.444	4.175	0
7126	357	207	51	0.617	0.276	668.691	4.532	0	200	-7	0.376	0.293	651.444	4.246	0
7146	358	202	45	0.618	0.276	668.691	4.621	0	228	10	0.377	0.293	651.444	4.148	0
7166	359	196	30	0.618	0.276	668.691	4.571	0	219	17	0.377	0.293	651.444	4.149	0
7186	360	185	48	0.618	0.276	668.691	4.597	0	208	22	0.377	0.293	651.444	4.094	0
7205	361	184	49	0.619	0.276	666.029	4.554	0	219	30	0.379	0.293	651.754	4.078	0
7225	362	188	49	0.619	0.276	666.029	4.541	0	217	3	0.378	0.293	651.754	4.163	0
7245	363	247	27	0.618	0.276	666.029	4.735	0	304	16	0.378	0.293	651.754	4.205	0
7265	364	336	22	0.617	0.276	666.029	4.708	0	408	5	0.377	0.293	651.754	4.181	0
7285	365	345	25	0.618	0.276	666.029	4.652	0	402	18	0.377	0.293	651.754	4.123	0
7305	366	375	17	0.619	0.276	670.022	4.780	0	396	7	0.377	0.293	653.156	4.144	0
7325	367	344	-13	0.618	0.276	670.022	4.583	0	396	5	0.378	0.293	653.156	4.107	0
7345	368	323	10	0.619	0.276	670.022	4.678	0	376	-1	0.378	0.294	653.156	4.122	0
7365	369	303	14	0.619	0.276	670.022	4.747	0	398	15	0.378	0.294	653.156	4.090	0
7385	370	315	26	0.620	0.277	670.022	4.633	0	382	6	0.379	0.294	653.156	4.234	0
7405	371	313	40	0.620	0.277	667.757	4.686	0	390	14	0.379	0.294	651.512	4.234	0
7425	372	333	39	0.620	0.277	667.757	4.568	0	414	-16	0.379	0.294	651.512	4.268	0
7445	373	324	15	0.621	0.277	667.757	4.695	0	392	-5	0.380	0.294	651.512	4.101	0
7465	374	350	-8	0.621	0.277	667.757	4.589	0	397	-6	0.380	0.294	651.512	4.222	0
7485	375	342	9	0.621	0.277	667.757	4.479	0	367	10	0.380	0.294	651.512	4.207	0
7505	376	334	-10	0.622	0.277	670.165	4.525	0	354	21	0.381	0.294	649.368	4.178	0
7524	377	284	-18	0.622	0.276	670.165	4.702	0	351	4	0.381	0.293	649.368	4.227	0
7545	378	341	-1	0.622	0.276	670.165	4.568	0	345	18	0.381	0.293	649.368	4.138	0
7564	379	311	-11	0.622	0.276	670.165	4.728	0	363	0	0.381	0.293	649.368	4.121	0
7584	380	251	-18	0.622	0.276	670.165	4.523	0	365	-5	0.381	0.293	649.368	4.129	0
7604	381	255	-13	0.623	0.276	670.191	4.562	0	367	-6	0.381	0.293	650.243	4.125	0
7624	382	276	-15	0.622	0.276	670.191	4.750	0	353	3	0.381	0.293	650.243	4.097	0
7644	383	249	-28	0.622	0.276	670.191	4.524	0	357	7	0.381	0.293	650.243	4.100	0
7664	384	338	8	0.622	0.276	670.191	4.444	0	366	-11	0.381	0.293	650.243	4.045	0
7684	385	284	-13	0.622	0.276	670.191	4.544	0	362	6	0.381	0.293	650.243	4.103	0
7704	386	293	-11	0.623	0.277	670.506	4.526	0	360	6	0.381	0.294	648.302	4.074	0
7724	387	311	-27	0.622	0.277	670.506	4.601	0	353	9	0.381	0.294	648.302	4.104	0
7744	388	345	-12	0.622	0.277	670.506	4.711	0	376	-3	0.381	0.294	648.302	4.107	0
7764	389	282	-13	0.622	0.277	670.506	4.587	0	358	11	0.381	0.294	648.302	4.183	0
7784	390	324	20	0.622	0.277	670.506	4.466	0	356	-11	0.381	0.294	648.302	4.103	0
7804	391	324	33	0.623	0.277	669.705	4.474	0	363	11	0.381	0.295	642.795	4.089	0
7824	392	316	-16	0.623	0.277	669.705	4.364	0	364	8	0.381	0.294	642.795	4.084	0
7844	393	285	4	0.623	0.277	669.705	4.430	0	358	27	0.382	0.294	642.795	3.949	0
7864	394	217	82	0.624	0.277	669.705	4.590	0	304	56	0.383	0.294	642.795	4.082	0
7883	395	139	120	0.625	0.277	669.705	4.472	0	201	147	0.384	0.293	642.795	4.165	0
7903	396	89	169	0.625	0.277	666.931	4.521	0	167	190	0.383	0.295	637.186	4.102	0
7923	397	160	115	0.625	0.276	666.931	4.558	0	204	175	0.384	0.293	637.186	4.046	0
7943	398	174	141	0.626	0.276	666.931	4.563	0	203	165	0.384	0.292	637.186	4.110	0
7963	399	170	107	0.626	0.276	666.931	4.532	0	208	170	0.385	0.292	637.186	4.142	0
7983	400	156	134	0.627	0.276	666.931	4.410	0	204	168	0.385	0.292	637.186	4.138	0
8003	401	159	117	0.628	0.276	668.385	4.402	0	204	167	0.385	0.294	638.389	4.141	0
8023	402	161	118	0.628	0.276	668.385	4.530	0	206	160	0.387	0.292	638.389	4.115	0
8043	403	162	134	0.629	0.276	668.385	4.518	0	196	154	0.387	0.292	638.389	4.037	0
8063	404	134	125	0.630	0.277	668.385	4.547	0	164	164	0.388	0.292	638.389	3.997	0
8083	405	37	160	0.631	0.277	668.385	4.440	0	116	211	0.390	0.292	638.389	4.085	0
8103	406	28	184	0.632	0.278	662.689	4.397	0	74	161	0.392	0.292	657.912	4.154	0
8123	407	46	176	0.632	0.278	662.689	4.510	0	82	156	0.391	0.293	657.912	4.144	0
8143	408	37	185	0.633	0.278	662.689	4.480	0	73	147	0.391	0.293	657.912	4.248	0
8163	409	38	189	0.633	0.278	662.689	4.364	0	103	153	0.392	0.293	657.912	4.229	0
8183	410	49	173	0.634	0.278	662.689	4.519	0	116	159	0.392	0.293	657.912	4.297	0
8202	411	18	123	0.639	0.278	683.168	4.612	0	121	152	0.394	0.293	659.514	4.317	0
8222	412	18	119	0.634	0.278	683.168	4.654	0	86	160	0.393	0.293	659.514	4.274	0
8242	413	23	132	0.635	0.278	683.168	4.814	0	85	159	0.393	0.293	659.514	4.305	0
8262	414	0	111	0.635	0.278	683.168	4.944	0	89	154	0.393	0.293	659.514	4.301	0
8282	415	-7	89	0.635	0.279	683.168	4.674	0	68	149	0.394	0.293	659.514	4.252	0
8302	416	15	144	0.636	0.279	663.612	4.653	0	67	148	0.395	0.293	659.451	4.264	0
8322	417	25	152	0.636	0.279	663.612	4.634	0	85	171	0.394	0.293	659.451	4.177	0
8342	418	-10	158	0.636	0.279	663.612	4.587	0	91	152	0.394	0.293	659.451	4.266	0
8362	419	7	177	0.636	0.279	663.612	4.518	0	78	168	0.394	0.293	659.451	4.350	0
8382	420	-2	169	0.636	0.279	663.612	4.457	0	89	147	0.395	0.293	659.451	4.250	0
8402	421	-35	145	0.636	0.279	674.287	4.471	0	86	153	0.396	0.293	658.416	4.266	0
8422	422	-21	126	0.636	0.279	674.287	4.492	0	66	133	0.395	0.293	658.416	4.236	0
8442	423	-19	141	0.636	0.279	674.287	4.583	0	75	146	0.395	0.293	658.416	4.281	0
8462	424	-31	143	0.636	0.279	674.287	4.570	0	81	141	0.395	0.293	658.416	4.265	0
8482	425	-17	132	0.636	0.278	674.287	4.454	0	76	139	0.395	0.293	658.416	4.211	0
8502	426	-23	140	0.636	0.278	674.523	4.495	0	80	146	0.396	0.293	655.698	4.210	0
8521	427	-57	123	0.636	0.278	674.523	4.498	0	73	158	0.395	0.292	655.698	4.213	0
8541	428	-12	119	0.636	0.278	674.523	4.485	0	119	189	0.394	0.292	655.698	4.169	0
8561	429	68	135	0.635	0.278	674.523	4.556	0	178	146	0.394	0.292	655.698	4.203	0
8581	430	92	123	0.635	0.278	674.523	4.470	0	161	172	0.394	0.292	655.698	4.171	0
8601	431	93	141	0.636	0.278	667.685	4.444	0	162	223	0.393	0.295	636.164	4.061	0
8621	432	134	162	0.635	0.278	667.685	4.440	0	166	219	0.394	0.292	636.164	3.967	0
8641	433	106	157	0.635	0.278	667.685	4.397	0	174	225	0.394	0.293	636.164	4.016	0
8661	434	119	161	0.635	0.279	667.685	4.366	0	167	208	0.393	0.293	636.164	4.046	0
8681	435	125	140	0.635	0.279	667.685	4.373	0	170	239	0.393	0.293	636.164	4.041	0
8701	436	116	140	0.635	0.279	666.863	4.375	0	171	240	0.392	0.295	635.800	4.033	0
8721	437	124	146	0.634	0.279	666.863	4.317	0	175	221	0.392	0.293	635.800	3.952	0
8741	438	216	135	0.633	0.279	666.863	4.395	0	240	228	0.391	0.293	635.800	4.014	0
8761	439	213	134	0.632	0.278	666.863	4.299	0	266	259	0.391	0.292	635.800	3.824	0
8781	440	210	167	0.632	0.278	666.863	4.258	0	265	254	0.391	0.292	635.800	3.873	0
8801	441	211	156	0.632	0.278	668.203	4.277	0	261	232	0.390	0.295	642.497	3.890	0
8821	442	212	130	0.631	0.278	668.203	4.442	0	265	232	0.390	0.292	642.497	3.941	0
8840	443	202	135	0.630	0.278	668.203	4.376	0	268	239	0.390	0.292	642.497	3.950	0
8860	444	236	140	0.630	0.278	668.203	4.322	0	271	230	0.389	0.292	642.497	3.978	0
8880	445	214	139	0.629	0.278	668.203	4.232	0	271	233	0.389	0.293	642.497	3.960	0
8900	446	216	137	0.630	0.278	669.083	4.174	0	270	231	0.388	0.295	643.326	3.977	0
8920	447	208	128	0.629	0.278	669.083	4.703	0	276	248	0.388	0.293	643.326	3.907	0
8940	448	220	123	0.628	0.278	669.083	4.410	0	280	238	0.388	0.293	643.326	4.015	0
8960	449	228	139	0.628	0.278	669.083	4.348	0	266	252	0.387	0.293	643.326	3.863	0
8980	450	216	138	0.628	0.278	669.083	4.385	0	266	256	0.387	0.293	643.326	3.883	0
9000	451	225	143	0.628	0.278	667.567	4.347	0	258	198	0.387	0.293	666.049	4.032	0
9020	452	215	18	0.627	0.277	667.567	4.233	0	334	-31	0.386	0.293	666.049	3.902	0
9040	453	285	-12	0.627	0.277	667.567	4.249	0	365	-38	0.386	0.293	666.049	3.957	0
9060	454	294	-12	0.627	0.277	667.567	4.324	0	290	-113	0.386	0.294	666.049	3.980	0
9080	455	272	-12	0.627	0.277	667.567	4.372	0	270	-105	0.386	0.294	666.049	4.037	0
9100	456	295	-13	0.627	0.277	668.354	4.415	0	320	-17	0.385	0.294	645.036	3.945	0
9120	457	277	9	0.626	0.277	668.354	4.331	0	307	-15	0.386	0.294	645.036	3.759	0
9140	458	283	-7	0.626	0.277	668.354	4.322	0	304	-18	0.386	0.294	645.036	3.837	0
9159	459	262	-5	0.626	0.277	668.354	4.380	0	307	-10	0.385	0.294	645.036	3.844	0
9179	460	291	2	0.626	0.277	668.354	4.272	0	382	33	0.385	0.293	645.036	3.823	0
9199	461	289	-9	0.626	0.277	669.365	4.283	0	379	39	0.385	0.294	644.420	3.817	0
9219	462	249	16	0.626	0.277	669.365	4.226	0	319	-5	0.385	0.294	644.420	3.864	0
9239	463	252	-9	0.625	0.277	669.365	4.206	0	322	-16	0.385	0.294	644.420	3.799	0
9259	464	235	-9	0.625	0.277	669.365	4.249	0	381	21	0.385	0.293	644.420	3.785	0
9279	465	262	-30	0.625	0.277	669.365	4.245	0	316	-19	0.384	0.294	644.420	3.796	0
9299	466	261	-33	0.625	0.277	667.902	4.232	0	315	-14	0.384	0.294	645.632	3.797	0
9319	467	256	-3	0.625	0.277	667.902	4.237	0	304	-32	0.384	0.294	645.632	3.828	0
9339	468	255	-6	0.625	0.277	667.902	4.210	0	391	21	0.384	0.294	645.632	3.776	0
9359	469	315	-4	0.625	0.277	667.902	4.225	0	389	23	0.384	0.294	645.632	3.715	0
9379	470	308	-26	0.625	0.277	667.902	4.242	0	373	-10	0.384	0.294	645.632	3.764	0
9399	471	307	-33	0.625	0.277	668.648	4.238	0	390	9	0.383	0.294	647.179	3.749	0
9419	472	257	2	0.625	0.277	668.648	4.251	0	383	12	0.384	0.294	647.179	3.785	0
9439	473	279	-26	0.625	0.277	668.648	4.267	0	369	9	0.384	0.294	647.179	3.782	0
9459	474	284	-24	0.625	0.277	668.648	4.260	0	311	-26	0.384	0.294	647.179	3.777	0
9478	475	359	-9	0.625	0.277	668.648	4.303	0	363	14	0.384	0.294	647.179	3.821	0
9498	476	356	-25	0.627	0.277	668.708	4.314	0	363	-42	0.385	0.292	662.136	3.907	0
9518	477	-1280	-1024	-1.000	-1.000	-1.000	-1.000	4	-1280	-1024	-1.000	-1.000	-1.000	-1.000	4
9538	478	-1280	-1024	-1.000	-1.000	-1.000	-1.000	4	-1280	-1024	-1.000	-1.000	-1.000	-1.000	4
9558	479	-1280	-1024	-1.000	-1.000	-1.000	-1.000	4	-1280	-1024	-1.000	-1.000	-1.000	-1.000	4
9578	480	-1280	-1024	-1.000	-1.000	-1.000	-1.000	4	-1280	-1024	-1.000	-1.000	-1.000	-1.000	4
9598	481	-1280	-1024	0.628	0.278	-1.000	-1.000	4	-1280	-1024	0.386	0.294	-1.000	-1.000	4
9618	482	-1280	-1024	-1.000	-1.000	-1.000	-1.000	4	-1280	-1024	-1.000	-1.000	-1.000	-1.000	4
9638	483	138	-67	0.627	0.278	669.202	4.952	0	243	59	0.386	0.295	646.246	3.871	0
9658	484	235	46	0.628	0.279	669.202	4.229	0	247	338	0.386	0.291	646.246	4.502	0
9678	485	186	147	0.627	0.277	669.202	4.208	0	231	42	0.386	0.295	646.246	3.844	0
9698	486	235	257	0.628	0.278	666.507	4.170	0	236	132	0.385	0.295	646.393	4.046	0
9718	487	197	123	0.627	0.278	666.507	4.113	0	235	46	0.386	0.295	646.393	3.812	0
9738	488	203	105	0.627	0.278	666.507	4.184	0	228	30	0.386	0.295	646.393	3.784	0
9758	489	198	116	0.627	0.278	666.507	4.138	0	271	91	0.386	0.294	646.393	3.868	0
9777	490	208	93	0.627	0.278	666.507	4.107	0	288	86	0.386	0.294	646.393	3.752	0
9797	491	192	71	0.627	0.277	673.751	4.174	0	290	73	0.386	0.294	648.439	3.781	0
9817	492	234	100	0.627	0.277	673.751	4.484	0	276	78	0.386	0.294	648.439	3.798	0
9837	493	251	117	0.627	0.277	673.751	4.309	0	277	72	0.386	0.294	648.439	3.825	0
9857	494	263	117	0.627	0.277	673.751	4.247	0	275	82	0.386	0.294	648.439	3.814	0
9877	495	250	136	0.627	0.277	673.751	4.226	0	283	44	0.386	0.294	648.439	3.995	0
9897	496	256	148	0.627	0.278	671.766	4.193	0	283	33	0.386	0.294	650.751	4.037	0
9917	497	261	139	0.628	0.277	671.766	4.291	0	286	46	0.387	0.294	650.751	3.947	0
9937	498	254	110	0.628	0.277	671.766	4.390	0	267	66	0.387	0.294	650.751	3.871	0
9957	499	240	111	0.629	0.278	671.766	4.226	0	286	117	0.387	0.294	650.751	3.897	0
9977	500	229	175	0.628	0.281	671.766	4.250	0	280	278	0.387	0.295	650.751	3.922	0
9997	501	223	171	0.627	0.284	669.225	4.239	0	275	284	0.387	0.298	666.091	3.979	0
10017	502	312	536	0.628	0.285	669.225	4.154	0	296	571	0.387	0.299	666.091	4.177	0
10037	503	326	539	0.628	0.285	669.225	4.145	0	277	564	0.387	0.299	666.091	4.030	0
10057	504	348	567	0.628	0.285	669.225	4.241	0	296	581	0.387	0.299	666.091	4.143	0
10077	505	301	518	0.628	0.285	669.225	4.088	0	287	563	0.387	0.300	666.091	4.042	0
10096	506	312	525	0.627	0.285	668.888	4.099	0	291	561	0.386	0.300	670.851	4.113	0
10116	507	332	530	0.627	0.285	668.888	4.406	0	318	578	0.386	0.300	670.851	4.084	0
