1	53	259	649	498
2	372	279	386	406
3	671	199	629	450
4	970	239	457	175
5	1269	139	571	191
6	1429	319	331	200
7	1887	259	496	201
8	2186	179	515	198
9	2386	160	516	201
10	2605	239	423	640
11	2864	299	388	721
12	3183	160	432	717
13	3362	100	436	714
14	3482	299	466	772
15	3821	140	460	770
16	4060	199	625	605
17	4359	1894	653	964
18	6293	259	394	696
19	6572	359	448	688
20	6951	379	457	649
21	7450	100	383	254
22	7649	279	280	217
23	7948	179	77	200
24	8187	179	394	587
25	8446	239	381	580
26	9045	239	291	671
27	9344	837	401	586
28	10261	319	513	580
29	10600	179	484	651
30	10839	100	456	665
31	10999	120	464	653
32	11158	120	434	662
33	11298	120	436	659
34	11497	160	442	664
35	11836	120	448	710
36	12035	518	462	719
37	12574	658	468	731
38	13271	239	479	733
39	13531	100	477	747
40	13650	179	535	733
41	13890	319	554	684
42	14268	180	437	638
43	14567	498	572	653
44	15086	518	517	656
45	15644	299	425	633
46	16023	379	428	812
47	16422	638	347	772
48	17419	319	340	787
49	17797	319	336	779
50	18196	279	334	782
51	18495	199	444	782
52	18734	140	457	795
53	18894	379	325	768
54	19293	219	328	776
55	19532	199	329	775
56	19751	159	326	778
57	19990	319	305	686
58	20389	100	341	710
59	20509	259	352	680
60	20788	120	311	675
61	20927	100	306	672
62	21187	379	345	565
63	21585	1495	359	567
64	23101	159	493	631
65	23320	159	469	636
66	23499	100	471	634
67	23619	180	494	628
68	24038	339	574	643
69	24416	399	971	630
70	24935	120	1012	606
71	25074	160	970	688
72	25254	160	995	694
73	25473	200	427	358
74	25712	160	134	236
75	25892	479	83	219
76	26470	200	378	550
77	26689	299	355	566
78	27008	239	294	615
79	27267	180	280	652
80	27467	239	327	676
81	27766	120	287	714
82	28005	279	270	744
83	28384	259	286	714
84	28663	299	339	779
85	29102	459	299	693
86	29580	977	332	672
87	30577	100	332	671
88	30697	1256	357	568
89	31973	459	359	570
90	32471	179	327	731
91	32670	299	344	771
92	32990	259	329	780
93	33289	957	328	780
94	34286	339	318	785
95	34644	817	226	751
96	35502	239	342	774
97	35781	598	321	781
98	36439	578	330	777
99	37057	897	331	774
100	37974	758	248	776
101	38752	658	301	764
102	39429	319	339	683
103	39768	140	341	686
104	39948	1914	323	674
105	41922	279	369	731
106	42221	479	397	744
107	42739	299	274	598
108	43058	339	325	615
109	43477	1276	364	565
110	45112	159	498	639
111	45291	479	365	581
112	45789	179	506	630
113	45989	120	540	625
114	46188	179	190	281
115	46388	199	101	249
116	46627	1037	541	207
117	47684	399	269	234
118	48122	339	73	228
119	48501	279	225	231
120	48820	160	142	226
121	48999	479	88	216
122	49498	279	133	206
123	49877	180	454	647
124	50076	219	534	645
125	50315	339	571	685
126	50674	279	567	760
127	50973	279	585	699
128	51272	518	550	770
129	51811	379	598	696
130	52229	419	532	786
131	52668	239	506	728
132	52987	179	531	702
133	53186	179	550	674
134	53465	598	607	688
135	54103	379	514	681
136	54562	179	437	626
137	54761	219	479	628
138	55060	239	521	629
139	55359	279	493	628
140	55659	199	589	618
141	55878	159	490	613
142	56077	877	498	616
143	56974	419	543	540
144	57493	100	600	541
145	57612	259	613	567
146	57971	359	470	525
147	58350	279	452	690
148	58749	279	560	694
149	59048	180	533	695
150	59247	120	598	699
151	59646	379	536	690
152	60065	399	632	457
153	60543	120	548	658
154	60763	199	461	656
155	60982	578	368	660
156	61660	160	362	677
157	61939	399	539	741
158	62377	159	527	757
159	62577	179	560	765
160	62936	618	598	716
161	63633	778	980	697
162	64451	259	1070	664
163	64730	179	1076	580
164	65109	100	387	212
165	65248	379	289	196
166	65727	239	631	454
167	66006	399	437	561
168	66425	578	545	537
169	67023	419	476	525
170	67462	199	526	517
171	67721	100	343	533
172	67840	698	356	568
173	68618	100	363	259
174	68757	399	271	237
175	69176	259	264	216
176	69455	339	443	213
177	69814	179	586	212
178	70014	738	478	193
179	70811	399	92	241
180	71230	359	80	258
181	71628	199	478	568
182	71848	140	495	526
183	72007	1116	347	562
184	73144	239	402	650
185	73403	180	361	669
186	73602	897	350	561
187	74519	259	359	499
188	74799	279	445	647
189	75098	877	558	721
190	75995	379	549	728
191	76394	179	534	615
192	76593	518	548	732
193	77151	159	545	735
194	77350	239	548	733
195	77610	179	546	677
196	77809	279	504	686
197	78128	239	524	825
198	78387	120	617	820
199	78587	219	605	824
200	78826	598	526	797
201	79484	179	553	681
202	79703	279	374	615
203	80002	180	341	696
204	80222	279	313	839
205	80521	339	410	824
206	80879	199	368	756
207	81099	259	323	766
208	81398	359	233	796
209	81777	100	285	810
210	81916	100	282	798
211	82076	399	324	858
212	82494	319	372	859
213	82833	319	338	871
214	83172	259	397	857
215	83810	239	519	204
216	84109	698	285	200
217	84827	199	265	200
218	85106	239	1023	571
219	85385	399	927	539
220	85804	578	962	635
221	86402	120	921	643
222	86542	538	973	697
223	87160	239	1057	676
224	87419	419	992	698
225	87857	618	1078	578
226	88516	179	994	516
227	88715	678	1016	506
228	89413	379	996	589
229	89831	140	951	531
230	89991	399	1003	509
231	90410	658	1057	441
232	91087	319	1115	498
233	91426	359	1183	514
234	91825	439	916	502
235	92284	339	992	503
236	92682	598	904	610
237	93320	259	1012	615
238	93600	957	903	615
239	94576	319	881	643
240	94915	339	826	668
241	95274	279	892	705
242	95573	1515	919	711
243	97168	219	914	706
244	97428	239	916	705
245	97687	299	916	704
246	98006	638	939	713
247	98664	219	940	715
248	98923	239	942	717
249	99322	479	1049	705
250	99860	219	1016	629
251	100119	140	1089	652
252	100358	140	891	742
253	100518	219	848	746
254	100757	299	881	795
255	101076	359	972	812
256	101455	140	910	813
257	101654	199	1067	798
258	101874	279	1025	792
259	102173	678	919	808
260	102970	459	908	814
261	103469	100	918	815
262	103588	239	920	724
263	103867	160	930	713
264	104047	1834	883	606
265	105941	179	817	610
266	106140	179	792	612
267	106360	3190	873	625
268	109569	419	926	714
269	110227	937	910	805
270	111184	179	914	724
271	111464	299	419	644
272	111783	259	348	665
273	112062	279	400	602
274	112361	777	346	561
275	113158	279	389	555
276	113477	319	444	504
277	113816	219	366	478
278	114075	259	590	521
279	114354	897	593	551
280	115351	180	551	720
281	115551	219	468	503
282	115790	239	495	513
283	116049	399	529	506
284	116468	698	547	508
285	117206	2073	527	534
286	119299	778	546	486
287	120097	279	502	492
288	120396	518	477	499
289	120934	518	399	602
290	121472	279	347	666
291	121771	459	303	659
292	122250	798	259	634
293	123067	239	230	660
294	123326	239	298	660
295	123586	778	198	670
296	124423	179	173	477
297	124622	139	163	537
298	124782	558	165	578
299	125360	140	165	577
300	125520	239	190	637
301	125878	239	241	781
302	126138	818	314	778
303	126975	339	256	818
304	127374	259	255	821
305	127673	738	262	816
306	128430	219	220	799
307	128670	179	211	747
308	128869	120	274	734
309	129108	239	332	745
310	129367	219	354	786
311	129627	319	375	826
312	129966	578	369	864
313	130564	140	340	913
314	130843	259	525	796
315	131142	339	564	747
316	131501	219	570	736
317	131740	538	545	744
318	132298	379	471	705
319	132697	319	406	673
320	133036	179	376	658
321	133295	199	278	659
322	133514	159	299	615
323	133734	160	395	564
324	133913	3768	352	563
325	137701	698	352	652
326	138419	379	350	584
327	138818	498	352	574
328	139336	957	338	595
329	140313	678	355	578
330	141011	638	353	502
331	141788	160	315	663
332	141988	1655	361	593
333	143663	678	306	506
334	144360	698	279	467
335	145078	199	311	567
336	145298	459	316	565
337	145776	459	238	565
338	146474	219	231	554
339	146733	160	311	429
340	146912	199	354	420
341	147172	100	138	182
342	147371	180	92	183
343	147570	179	335	192
344	147770	199	231	568
345	148009	100	240	500
346	148129	120	249	478
347	148308	259	279	469
348	148607	538	369	682
349	149165	279	450	209
350	149484	119	338	194
351	149664	179	496	189
352	149863	179	596	196
353	150063	917	533	201
354	151000	997	623	203
355	152056	100	515	241
356	152176	479	535	254
357	152674	319	467	212
358	153053	140	183	217
359	153253	120	516	214
360	153452	538	297	552
361	154050	239	940	664
362	154309	140	853	593
363	154668	319	862	523
364	155007	339	816	533
365	155386	299	858	698
366	155705	259	924	709
367	155984	120	906	741
368	156183	199	178	205
369	156403	239	74	219
370	156702	199	300	661
371	156961	319	382	700
372	157320	219	464	715
373	157579	359	303	738
374	157958	180	350	779
375	158157	199	284	646
376	158376	160	313	588
377	158556	837	356	696
378	159453	379	302	547
379	159852	1535	243	482
380	161407	1216	252	485
381	162643	399	277	480
382	163142	140	344	545
383	163301	259	318	570
384	163580	160	298	623
385	163780	538	354	695
386	164358	518	314	611
387	164936	319	270	474
388	165315	2412	354	693
389	167747	618	358	696
390	168385	758	357	700
391	169163	299	288	628
392	169482	518	360	659
393	170020	179	435	654
394	170239	957	460	649
395	171216	199	486	651
396	171495	259	326	734
397	171775	1017	343	801
398	173011	140	277	896
399	173170	1416	303	884
400	174606	239	418	785
401	174905	1017	436	676
402	176021	359	381	631
403	176400	2472	359	499
404	178892	2073	361	491
405	180986	877	456	558
406	181883	379	496	542
407	182282	199	356	584
408	182501	897	312	593
409	183438	319	415	627
410	183777	199	368	638
411	183996	897	358	692
412	184913	140	329	735
413	185073	798	328	794
414	185970	179	367	703
415	186169	239	393	692
416	186429	179	375	653
417	186708	299	375	588
418	187027	319	347	703
419	187366	499	320	779
420	187884	319	441	768
421	188263	179	296	704
422	188462	419	340	696
423	188901	259	386	664
424	189180	778	387	603
425	189977	758	424	578
426	190755	399	351	543
427	191174	1356	385	597
428	192549	120	434	559
429	192689	638	488	552
430	193447	100	404	752
431	193586	439	917	689
432	194144	179	932	710
433	194344	239	1013	581
434	194603	359	1027	512
435	195261	299	962	588
436	195620	1416	1284	441
437	197115	379	1051	497
438	197514	179	1123	516
439	197813	100	702	469
440	197932	259	666	358
441	198251	259	1029	571
442	198550	180	967	463
443	198810	219	988	744
444	199049	239	914	803
445	199308	379	919	799
446	199707	219	832	687
447	199946	439	873	718
448	200405	578	913	788
449	201003	778	872	725
450	201900	478	981	695
451	202398	419	927	685
452	202837	239	952	683
453	203096	339	1008	596
454	203455	718	992	594
455	204213	259	961	692
456	204592	379	985	743
457	205010	1475	964	722
458	206585	598	283	233
459	207223	179	75	221
460	207503	159	975	714
461	207682	499	975	714
462	208200	259	1053	783
463	208479	179	1035	762
464	208699	498	1025	776
465	209217	160	929	796
466	209397	259	910	793
467	209676	439	1006	817
468	210134	159	1095	670
469	210334	279	1098	671
470	210633	319	1133	678
471	210972	120	1077	675
472	211271	140	347	654
473	211430	319	362	683
474	211829	439	241	666
475	212287	279	153	668
476	212586	199	238	702
477	212806	498	225	750
478	213364	279	144	673
479	213663	279	137	684
480	213962	279	237	620
481	214261	279	286	622
482	214560	558	220	592
483	215378	1436	260	667
484	216833	299	235	733
485	217192	518	227	740
486	217730	479	209	743
487	218229	379	313	870
488	218648	259	181	692
489	218927	439	264	692
490	219385	538	266	632
491	219943	479	253	602
492	220442	179	275	600
493	220641	359	257	651
494	221020	399	267	627
495	221439	259	262	630
496	221718	1376	270	656
497	223114	1715	244	728
498	224968	379	317	881
499	225546	439	1266	1004
500	226104	239	1040	737
501	226662	279	1008	661
502	226981	638	1010	660
503	228078	159	986	606
504	228257	379	1016	596
505	228776	179	1038	775
506	228975	160	958	730
507	229155	279	1041	799
508	229454	199	1048	799
509	229673	419	1052	796
510	230191	179	1107	784
511	230450	100	980	731
512	230869	379	1051	788
513	231268	199	1108	760
514	231487	578	1057	776
515	232085	339	1074	799
516	232444	778	1009	810
517	233242	279	1047	816
518	233541	140	972	816
519	233700	479	952	732
520	234239	179	1051	777
521	234438	299	1105	740
522	234757	299	1172	728
523	235076	439	1096	679
524	235574	538	1058	794
525	236133	399	1115	787
526	236571	339	910	798
527	236930	419	1003	809
528	237369	439	1076	810
529	237867	100	1000	823
530	237987	140	999	813
531	238146	179	1002	809
532	238366	339	1150	738
533	238725	179	1172	730
534	238984	478	1097	735
535	239522	279	1142	727
536	239821	180	1115	675
537	240220	180	433	266
538	240479	339	464	210
539	240838	419	500	216
540	241277	160	464	209
541	241456	538	499	226
542	242014	199	611	212
543	242234	558	544	214
544	242812	199	467	211
545	243031	199	515	232
546	243250	678	619	216
547	243968	379	541	257
548	244407	339	424	236
549	244766	319	273	229
550	245105	498	99	239
551	245643	180	190	615
552	245842	239	254	634
553	246101	638	129	675
554	246759	558	387	699
555	247338	160	345	597
556	247517	359	321	517
557	247896	140	388	521
558	248095	140	456	574
559	248255	1117	487	587
560	249391	239	475	591
561	249750	179	462	564
562	249949	518	506	576
563	250488	499	550	518
564	251006	219	432	579
565	251245	439	448	614
566	251704	658	399	622
567	252382	219	493	588
568	252621	1635	410	637
569	254276	419	522	632
570	254774	598	504	519
571	255392	319	428	545
572	255731	479	440	583
573	256230	339	415	533
574	256589	180	482	594
575	256788	160	508	597
576	256987	957	910	625
577	257964	219	991	782
578	258203	359	970	713
579	258582	857	909	637
580	259460	977	988	721
581	260456	379	931	653
582	260855	219	980	661
583	261094	239	1031	638
584	261354	598	1014	636
585	262051	319	898	666
586	262390	239	950	716
587	262650	219	1000	713
588	262889	160	1032	689
589	263088	339	988	564
590	263547	180	852	689
591	263766	558	977	554
592	264364	299	461	549
593	264683	239	490	598
594	264942	100	514	582
595	265142	199	1048	565
596	265361	379	1106	584
597	265780	339	1015	650
598	266139	179	1050	652
599	266338	100	1078	658
600	266458	598	1089	560
601	267136	179	923	657
602	267335	180	877	719
603	267534	199	965	717
604	267833	1276	277	218
605	269149	159	59	231
606	269329	179	85	234
607	269707	140	1072	575
608	269867	379	1094	612
609	270266	160	1142	618
610	270445	160	1092	615
611	270944	279	1058	630
612	271243	319	1067	619
613	271641	199	351	221
614	271861	179	282	221
615	272140	299	1109	602
616	272459	199	1198	577
617	272678	160	1178	576
618	272858	199	1021	677
619	273137	180	1052	705
620	273356	399	1114	719
621	273775	239	1055	714
622	274034	140	1078	717
623	274233	279	1169	549
624	274532	339	1223	551
625	274891	419	1198	626
626	275330	279	1166	688
627	275629	219	1154	700
628	275868	439	1108	722
629	276367	239	480	561
630	276666	180	500	570
631	276865	479	426	563
632	277383	279	508	571
633	277722	140	1082	682
634	277882	578	1074	716
635	278659	558	1167	534
636	279238	678	1218	535
637	279935	100	1150	537
638	280314	100	1140	546
639	280434	538	1213	541
640	280992	718	1195	633
641	281790	877	1146	703
642	282687	179	1104	724
643	282886	279	1108	727
644	283185	478	1101	728
645	283684	498	1058	720
646	284302	159	1096	739
647	284501	319	1114	721
648	284840	359	1107	728
649	285299	100	1053	722
650	285438	518	1068	717
651	285996	319	438	559
652	286375	199	506	574
653	286595	718	498	492
654	287392	179	423	518
655	287591	598	433	541
656	288209	897	468	534
657	289127	120	460	527
658	289266	319	487	533
659	289605	239	459	535
660	289884	857	462	538
661	290841	419	1101	629
662	291360	698	1138	538
663	292077	578	1216	529
664	292675	319	1154	508
665	293014	219	1145	458
666	293254	299	1089	455
667	293573	319	1228	538
668	293951	279	1067	733
669	294310	1216	1097	728
670	295646	299	1128	830
671	295965	459	1106	768
672	296444	419	1171	814
673	296882	159	1207	820
674	297062	199	1164	818
675	297301	140	1039	787
676	297540	239	1010	788
677	297799	419	1059	816
678	298258	658	1129	829
679	298936	179	1205	834
680	299155	219	1238	737
681	299434	120	1161	684
682	299574	439	1182	635
683	300032	179	1132	613
684	300232	339	1104	613
685	300591	319	1149	616
686	301029	120	188	259
687	301169	738	90	237
688	301926	179	287	245
689	302126	120	263	248
690	302325	219	396	646
691	302564	179	444	644
692	302764	259	488	678
693	303063	199	495	571
694	303282	259	489	535
695	303561	139	432	508
696	303721	239	544	449
697	304020	339	437	507
698	304379	1037	410	499
699	305455	239	544	438
700	305714	199	575	435
701	306412	379	560	435
702	306831	877	270	225
703	307788	299	92	251
704	308127	239	282	254
705	308406	359	429	509
706	308805	180	189	272
707	309004	678	280	266
708	309722	279	78	274
709	310061	1097	286	271
710	311177	180	258	263
711	311377	239	423	484
712	311636	179	442	522
713	312473	139	440	505
714	312633	339	546	425
715	313032	219	480	520
716	313271	339	462	525
717	313630	598	504	545
718	314248	319	438	508
719	314627	219	545	433
720	314866	160	571	436
721	315045	199	533	437
722	315265	399	505	548
723	315683	140	437	532
724	315923	199	1153	673
725	316142	120	1143	624
726	316281	279	1082	630
727	316720	379	1092	735
728	317119	379	1066	823
729	317518	179	1026	769
730	317737	359	1142	624
731	318116	179	1102	612
732	318335	658	1087	716
733	319013	199	1052	723
734	319232	319	1071	614
735	319671	479	496	547
736	320209	239	553	440
737	320508	239	1064	672
738	320767	319	1156	636
739	321106	299	1127	614
740	321425	598	1187	571
741	322043	439	1153	543
742	322502	279	1222	543
743	322801	199	1152	551
744	323020	120	1217	539
745	323220	199	420	493
746	323439	698	444	501
747	324197	279	445	205
748	324775	160	288	227
749	324954	179	510	550
750	325154	498	500	551
751	325692	738	459	525
752	326450	897	448	508
753	327367	359	446	498
754	327745	718	510	539
755	328483	359	498	554
756	328982	459	1199	560
757	329460	259	1182	646
758	329759	259	1049	716
759	330038	578	1098	740
760	330636	299	1066	709
761	331075	339	1194	584
762	331434	120	1157	538
763	331633	179	349	214
764	331833	199	462	218
765	332052	199	514	229
766	332271	1595	619	236
767	333926	239	1149	548
768	334185	120	1232	543
769	334325	419	1195	580
770	334764	439	1180	642
771	335222	598	1107	610
772	335860	100	1154	597
773	336119	379	463	539
774	336518	120	502	536
775	336658	359	550	434
776	337056	259	623	240
777	337335	479	531	262
778	337834	957	463	239
779	338831	459	273	250
780	339309	179	74	261
781	339608	180	517	653
782	339907	120	496	557
783	340047	279	458	515
784	340346	140	441	506
785	340505	977	408	489
786	341602	120	1124	751
787	341762	120	1131	742
788	341901	199	1051	854
789	342120	818	1087	855
790	342958	160	1140	860
791	343137	259	1176	861
792	343416	219	1116	864
793	343735	140	207	234
794	343915	219	250	204
795	344154	279	261	255
796	344453	219	292	258
797	344692	219	77	256
798	345031	139	1154	691
799	345211	219	1154	766
800	345450	140	1109	808
801	345610	359	1100	740
802	345988	379	1142	629
803	346387	399	1194	580
804	346826	159	1111	743
805	347005	379	1071	760
806	347424	439	1144	599
807	347882	319	1090	624
808	348221	558	1157	644
809	348800	259	1144	697
810	349079	179	1101	740
811	349278	199	1100	752
812	349517	259	1162	619
813	349796	558	1188	629
814	350574	239	1206	618
815	350873	479	497	553
816	351371	239	462	525
817	351631	678	437	487
818	352368	279	537	436
819	352667	120	569	430
820	352867	120	455	477
821	353006	518	446	491
822	353764	459	548	427
823	354242	199	590	279
824	354482	179	493	249
825	354681	1057	621	250
826	355758	518	534	211
827	356296	279	509	260
828	356595	180	458	269
829	356794	319	692	226
830	357173	199	1256	245
831	357392	718	1292	267
832	358170	678	450	251
833	358928	319	1301	278
834	359267	160	1292	234
835	359446	179	1293	203
836	359645	1156	1288	281
837	360902	140	471	227
838	361061	160	451	188
839	361240	479	269	203
840	361759	239	78	204
841	362038	359	278	193
842	362437	219	368	538
843	362676	239	466	534
844	362935	160	454	639
845	363135	499	487	584
846	363673	319	427	622
847	364052	159	357	684
848	364231	319	303	515
849	364630	399	353	692
850	365048	160	427	680
851	365228	100	466	681
852	365507	120	986	634
853	365647	239	916	625
854	365906	419	991	569
855	366344	199	964	662
856	366604	678	905	642
857	367301	678	910	625
858	368099	638	1072	620
859	368757	140	990	559
860	368916	758	977	556
861	369694	199	972	481
862	369913	259	918	667
863	370192	279	991	688
864	370492	179	955	721
865	370691	279	918	727
866	370990	279	984	725
867	371289	319	1022	689
868	371628	259	1021	659
869	371907	359	1000	675
870	372306	259	865	667
871	372585	419	1028	668
872	373024	538	1001	696
873	373582	140	1084	739
874	373741	120	1088	746
875	373881	279	1115	686
876	374180	199	1105	622
877	374399	160	1072	600
878	374579	1595	1102	662
879	376194	419	1193	666
880	376632	259	1225	626
881	376911	239	1156	555
882	377171	239	1237	563
883	377430	239	1194	581
884	377709	459	1167	746
885	378307	299	1235	746
886	378666	179	1102	660
887	378925	339	1152	684
888	379284	159	1097	692
889	379463	199	955	701
890	379762	199	1019	702
891	380002	180	956	548
892	380201	239	948	529
893	380460	180	1023	514
894	380660	379	1093	508
895	381058	678	1026	490
896	381776	180	489	597
897	381995	239	411	647
898	382255	120	457	678
899	382394	458	366	685
900	382893	140	265	651
901	383052	219	294	652
902	383291	140	390	584
903	383471	160	166	220
904	383650	718	82	242
905	384448	199	272	282
906	384687	140	406	186
907	384846	120	435	183
908	384986	339	253	191
909	385365	219	78	199
910	385764	200	357	636
911	385983	140	350	629
912	386142	259	384	692
913	386422	239	435	769
914	386820	100	187	675
915	386940	259	143	669
916	387219	120	126	677
917	387379	259	121	673
918	387717	179	120	599
919	387977	319	88	650
920	388316	120	98	664
921	388455	738	243	744
922	389213	479	275	684
923	389711	379	242	588
924	390110	379	213	587
925	390708	678	241	728
926	391506	279	210	755
927	391805	179	237	756
928	392064	1117	266	635
929	393200	180	267	617
930	393400	279	312	612
931	393798	279	984	671
932	394098	100	1017	680
933	394396	239	881	724
934	394656	319	965	765
935	394995	179	1003	698
936	395194	279	1081	786
937	395493	219	1027	790
938	395752	339	931	613
939	396111	319	899	623
940	396450	140	926	627
941	396610	459	1011	692
942	397088	319	1005	617
943	397427	239	960	608
944	397786	578	1013	640
945	398384	399	1029	547
946	398803	857	1011	642
947	399680	578	1089	655
948	400278	180	1149	645
949	400477	219	1196	630
950	400717	259	1145	625
951	400996	299	1112	545
952	401315	199	1160	541
953	401574	279	1057	725
954	401893	199	1012	740
955	402172	180	1118	697
956	402372	199	1160	692
957	402591	1057	1077	735
958	403667	219	1146	730
959	403907	179	1131	566
960	404106	200	1116	608
961	404365	638	1046	770
962	405023	638	1022	831
963	405681	299	1059	842
964	406060	339	1139	847
965	406419	339	1068	860
966	406778	219	1154	757
967	407017	379	1205	761
968	407416	120	1234	752
969	407555	199	1209	709
970	407874	199	1157	674
971	408114	479	1094	738
972	408612	339	964	762
973	408971	259	1020	763
974	409250	199	984	802
975	409469	259	1016	811
976	409748	179	1054	833
977	409948	319	1195	801
978	410287	180	1253	806
979	410506	319	1197	748
980	410845	139	1077	726
981	411004	319	1042	735
982	411343	140	1037	624
983	411503	159	1089	569
984	411682	279	1087	525
985	411981	140	1107	557
986	412141	538	1129	624
987	412699	239	1183	618
988	412958	459	1119	629
989	413437	199	994	682
990	413656	279	1038	691
991	413975	140	1184	631
992	414234	379	1227	668
993	414673	239	979	670
994	414932	279	1032	672
995	415231	798	1112	620
996	416049	658	1110	622
997	416727	2831	1185	687
998	419578	718	1148	789
999	420335	399	1216	616
1000	420794	199	1135	796
1001	421033	100	1120	798
1002	421153	180	1044	771
1003	421352	140	1046	773
1004	421512	279	1124	798
1005	421910	538	1016	858
1006	422508	279	1078	850
1007	422808	498	951	835
1008	423326	259	925	785
1009	423605	179	992	794
1010	423804	279	977	837
1011	424123	279	1071	687
1012	424422	160	1109	663
1013	424602	738	1111	627
1014	425579	837	1008	643
1015	426436	638	937	633
1016	427094	598	951	705
1017	427712	160	955	727
1018	427892	259	1016	689
1019	428171	179	1015	645
1020	428370	140	923	624
1021	428530	1136	1020	637
1022	429706	279	1094	686
1023	430065	140	1113	708
1024	430264	219	1148	702
1025	430503	459	1106	698
1026	431002	140	1082	611
1027	431161	140	1147	615
1028	431321	120	1146	624
1029	431460	299	1203	610
1030	431799	538	1106	537
1031	432358	279	1172	535
1032	432657	199	1141	536
1033	432876	160	1171	633
1034	433055	419	1151	687
1035	433494	399	1087	732
1036	433972	319	1157	732
1037	434312	817	1178	613
1038	435149	339	1143	608
1039	435567	199	393	648
1040	435847	319	470	672
1041	436186	159	406	622
1042	436365	199	334	669
1043	436584	259	372	680
1044	436943	279	226	682
1045	437242	100	264	673
1046	437362	319	261	671
1047	437701	778	234	587
1048	438498	459	164	676
1049	438997	419	264	669
1050	439435	419	252	719
1051	440193	1575	248	726
1052	441788	618	247	758
1053	442466	299	231	770
1054	442785	857	244	756
1055	443662	239	214	754
1056	443921	279	246	769
1057	444220	658	276	703
1058	444898	459	268	671
1059	445377	479	283	659
1060	445875	160	271	641
1061	446055	678	277	641
1062	446752	379	266	623
1063	447151	279	306	616
1064	447450	778	256	602
1065	448248	179	217	578
1066	448487	179	1136	658
1067	448686	479	1142	676
1068	449185	159	1140	587
1069	449404	518	1108	538
1070	449942	399	1174	542
1071	450361	199	1147	609
1072	450580	199	1148	614
1073	450800	279	1197	622
1074	451099	658	1148	616
1075	451777	439	1201	617
1076	452235	578	1146	680
1077	452833	199	1170	685
1078	453132	379	1096	742
1079	453531	718	1168	730
1080	454269	239	1093	736
1081	454787	179	1170	727
1082	455066	239	240	649
1083	455326	299	273	663
1084	455764	339	1145	681
1085	456462	120	1137	628
1086	456602	219	1158	611
1087	456841	578	1202	603
1088	457439	279	1139	537
1089	457738	179	1175	539
1090	457937	239	1095	532
1091	458236	180	393	236
1092	458436	179	460	204
1093	458635	678	500	193
1094	459333	977	624	189
1095	460330	399	523	244
1096	460768	738	294	216
1097	461526	439	84	213
1098	462024	219	304	593
1099	462264	439	352	682
1100	462822	180	237	691
1101	463041	518	354	694
1102	463620	199	154	666
1103	463839	299	119	666
1104	464178	219	124	673
1105	464517	299	82	211
1106	464915	140	951	734
1107	465075	160	999	678
1108	465254	259	1010	625
1109	465553	459	911	625
1110	466032	718	1016	625
1111	466909	100	176	304
1112	467029	199	112	224
1113	467248	259	72	232
1114	467547	239	306	225
1115	467806	439	271	218
1116	468305	1077	83	212
1117	469421	558	339	210
1118	469999	578	274	210
1119	470598	179	346	205
1120	470817	299	402	570
1121	471136	279	504	562
1122	471535	259	480	693
1123	471814	200	383	690
1124	472193	180	376	599
1125	472412	877	286	506
1126	473668	239	155	672
1127	473967	239	298	491
1128	474266	140	346	631
1129	474426	518	365	681
1130	474964	120	448	689
1131	475104	937	468	699
1132	476060	120	489	693
1133	476220	917	491	569
1134	477476	439	87	267
1135	477935	140	78	240
1136	478114	239	259	253
1137	478373	179	302	238
1138	478573	199	261	259
1139	478872	837	1291	257
1140	479789	259	165	248
1141	480068	219	76	273
1142	480367	239	487	246
1143	480686	1097	1285	273
1144	481862	439	442	240
1145	482361	199	214	270
1146	482580	857	274	272
1147	483477	160	122	248
1148	483657	419	71	250
1149	484115	419	260	248
1150	484554	379	77	251
1151	484973	459	426	598
1152	485451	199	491	587
1153	485670	120	443	702
1154	485850	478	500	569
1155	486368	219	312	459
1156	486647	638	524	550
1157	487345	299	418	552
1158	487744	279	496	561
1159	488043	319	425	668
1160	488442	179	344	656
1161	488661	159	500	555
1162	488840	937	493	557
1163	489837	199	453	680
1164	490136	120	940	675
1165	490276	239	923	629
1166	490535	439	1005	661
1167	491054	199	935	717
1168	491273	1136	977	554
1169	492429	199	1018	637
1170	492648	200	1019	688
1171	492868	239	971	732
1172	493227	179	244	179
1173	493426	778	278	231
1174	494224	538	85	224
1175	494842	419	1011	554
1176	495280	359	1004	556
1177	495659	459	923	535
1178	496138	399	1111	559
1179	496556	140	995	551
1180	496815	120	216	204
1181	496955	299	272	233
1182	497314	678	83	240
1183	498032	180	432	610
1184	498231	259	516	604
1185	498510	738	524	511
1186	499268	339	480	581
1187	499627	578	464	560
1188	500245	159	399	590
1189	500444	160	429	614
1190	500624	259	470	631
1191	500923	259	941	682
1192	501202	180	998	704
1193	501401	140	968	721
1194	501600	180	912	726
1195	501800	219	862	657
1196	502039	139	924	664
1197	502219	279	1034	635
1198	502518	199	920	628
1199	502797	120	571	516
1200	502936	758	588	476
1201	503714	678	489	571
1202	504412	379	488	579
1203	504810	259	400	630
1204	505129	259	944	682
1205	505408	160	902	688
1206	505588	239	928	728
1207	505847	319	999	719
1208	506186	219	1017	681
1209	506425	499	1020	628
1210	506944	458	989	549
1211	508080	120	930	716
1212	508220	518	976	721
1213	508758	518	949	720
1214	509296	339	1026	740
1215	509675	199	1022	746
1216	509954	100	1000	635
1217	510074	120	989	624
1218	510253	698	1076	623
1219	511051	140	374	594
1220	511290	937	490	563
1221	512287	179	1309	263
1222	512486	997	1296	196
1223	513503	718	1282	264
1224	514281	598	310	188
1225	514899	518	283	231
1226	515437	339	352	227
1227	515796	259	257	223
1228	516075	479	70	231
1229	516633	179	249	643
1230	516833	279	301	698
1231	517132	917	130	660
1232	518129	778	77	235
1233	518926	877	295	504
1234	519923	219	87	251
1235	520162	439	78	238
1236	520760	259	373	599
1237	521139	199	382	556
1238	521358	578	316	601
1239	521977	279	384	559
1240	522336	419	291	505
1241	522814	399	493	560
1242	523233	499	460	667
1243	523751	399	451	737
1244	524170	120	464	647
1245	524309	479	487	648
1246	524808	718	378	654
1247	525545	140	370	625
1248	525705	100	499	650
1249	525825	100	504	654
1250	525944	558	438	661
1251	526542	239	535	688
1252	526861	1575	491	568
1253	528456	518	425	559
1254	528994	219	345	620
1255	529254	678	541	659
1256	529971	339	464	666
1257	530330	140	458	571
1258	530510	199	151	681
1259	530829	199	462	519
1260	531048	718	415	458
1261	531786	997	480	569
1262	532803	359	500	566
1263	533181	140	503	637
1264	533341	279	513	566
1265	533640	917	507	581
1266	534577	419	473	675
1267	535016	638	484	665
1268	535674	279	434	632
1269	535973	120	519	691
1270	536112	439	431	630
1271	536591	120	511	572
1272	536730	478	549	575
1273	537448	319	447	624
1274	537807	339	540	571
1275	538246	180	67	210
1276	538445	518	76	263
1277	538983	259	79	229
1278	539282	439	298	228
1279	539741	179	361	220
1280	539960	219	457	593
1281	540199	219	531	559
1282	540439	219	547	453
1283	540678	837	515	587
1284	541635	538	473	646
1285	542193	339	501	684
1286	542552	160	569	670
1287	542831	279	566	685
1288	543130	179	469	603
1289	543350	259	961	672
1290	543629	180	1007	687
1291	543928	120	183	222
1292	544087	538	291	228
1293	544645	459	341	233
1294	545124	399	275	228
1295	545563	359	70	234
1296	545961	239	315	231
1297	546220	120	272	229
1298	546679	658	349	228
1299	547357	259	270	219
1300	547636	219	291	225
1301	547875	179	345	224
1302	548134	598	986	563
1303	548832	279	1004	643
1304	549131	498	985	709
1305	549650	179	911	722
1306	549849	399	950	725
1307	550268	160	913	688
1308	550447	259	858	679
1309	550726	279	1012	692
1310	551026	479	966	736
1311	551524	379	1040	755
1312	551923	279	1083	754
1313	552421	339	983	637
1314	552780	2173	994	689
1315	555013	439	1096	709
1316	555512	538	997	783
1317	556110	239	917	732
1318	556409	339	1126	661
1319	556768	419	1101	594
1320	557206	199	1026	615
1321	557525	399	998	694
1322	557944	558	1013	629
1323	558522	1117	990	556
1324	559658	219	1120	501
1325	559898	180	1096	522
1326	560117	1117	1093	585
1327	561253	738	955	487
1328	562011	159	1016	585
1329	562190	179	1099	623
1330	562390	120	1129	663
1331	562549	359	1149	658
1332	562928	439	1217	632
1333	563407	179	1182	675
1334	563686	100	873	520
1335	563805	598	903	512
1336	564483	199	1179	672
1337	564703	359	1220	688
1338	565081	319	1142	697
1339	565420	279	1173	679
1340	565739	578	1105	593
1341	566338	179	972	551
1342	566577	120	660	494
1343	566716	160	542	511
1344	566896	299	529	520
1345	567215	339	585	581
1346	567574	419	589	578
1347	568012	299	620	592
1348	568331	140	579	586
1349	568491	279	541	685
1350	568790	179	504	673
1351	568989	219	487	650
1352	569228	419	480	614
1353	569826	379	469	215
1354	570225	299	524	207
1355	570544	199	319	226
1356	570803	219	565	234
1357	571043	758	624	231
1358	571820	379	525	251
1359	572219	299	364	247
1360	572538	219	276	251
1361	572837	120	396	242
1362	572977	479	443	253
1363	573515	279	102	250
1364	573814	279	387	545
1365	574113	379	467	552
1366	574512	439	388	686
1367	574970	159	450	677
1368	575150	100	453	617
1369	575270	160	473	523
1370	575449	598	529	466
1371	576107	598	325	516
1372	576725	160	180	633
1373	576904	140	160	656
1374	577104	239	106	239
1375	577363	219	80	257
1376	577622	199	327	236
1377	577861	179	464	242
1378	578061	219	298	244
1379	578300	180	267	253
1380	578519	379	79	251
1381	579277	219	407	700
1382	579516	259	469	657
1383	579795	299	304	499
1384	580174	379	139	663
1385	580593	379	313	498
1386	580992	259	479	636
1387	581271	140	535	480
1388	581430	179	547	464
1389	581669	638	462	662
1390	582467	199	470	719
1391	582706	160	334	764
1392	582906	339	292	494
1393	583284	459	448	712
1394	583763	120	479	727
1395	583962	179	308	546
1396	584162	199	375	548
1397	584381	160	397	572
1398	584560	379	315	609
1399	584959	200	383	562
1400	585178	758	312	491
1401	585956	180	352	670
1402	586155	100	374	675
1403	586295	299	335	586
1404	586614	219	371	579
1405	586913	139	286	528
1406	587072	598	285	502
1407	587690	1256	135	669
1408	588987	139	134	677
1409	589146	877	223	670
1410	590043	199	226	691
1411	590262	478	264	696
1412	590761	160	135	681
1413	590940	618	231	695
1414	591638	439	272	691
1415	592097	478	350	736
1416	592635	100	338	769
1417	592834	299	212	627
1418	593153	160	152	644
1419	593333	379	130	656
1420	593732	319	134	670
1421	594090	219	386	690
1422	594330	2073	457	668
1423	596423	279	393	691
1424	596722	279	457	655
1425	597021	100	368	646
1426	597141	379	380	660
1427	597560	239	367	615
1428	597819	798	455	649
1429	598636	160	434	727
1430	598816	279	385	709
1431	599135	479	538	466
1432	599713	598	83	241
1433	600351	439	304	255
1434	600829	798	564	467
1435	601667	758	480	492
1436	602444	299	432	506
1437	602763	319	473	508
1438	603102	1017	484	536
1439	604139	100	543	533
1440	604299	698	418	502
1441	605016	259	351	550
1442	605295	479	356	557
1443	605794	200	338	502
1444	606013	179	392	508
1445	606212	259	472	593
1446	606492	479	506	597
1447	606990	299	486	667
1448	607309	299	590	721
1449	607628	180	614	730
1450	607827	1037	472	735
1451	608904	259	114	238
1452	609183	179	82	259
1453	609402	259	287	241
1454	609781	478	509	685
1455	610280	239	553	458
1456	610539	140	570	673
1457	610878	140	573	736
1458	611037	419	624	730
1459	611516	259	960	559
1460	611795	459	928	640
1461	612273	219	939	627
1462	612513	140	904	619
1463	612692	259	976	543
1464	612971	598	986	549
1465	613589	259	1117	574
1466	613888	159	945	670
1467	614068	419	1005	691
1468	614506	379	960	721
1469	614905	1037	964	728
1470	615962	140	1033	695
1471	616161	199	497	721
1472	616460	140	521	645
1473	616660	140	569	569
1474	616819	120	514	554
1475	616959	179	548	461
1476	617158	120	569	727
1477	617298	180	573	727
1478	617497	339	616	736
1479	618175	279	1148	599
1480	618474	219	1202	610
1481	618713	259	1108	577
1482	619012	160	1207	629
1483	619212	678	973	568
1484	619910	339	924	628
1485	620268	279	873	616
1486	620587	199	1019	641
1487	620807	199	1001	630
1488	621026	439	978	561
1489	621505	299	931	640
1490	621863	299	1012	648
1491	622262	299	970	579
1492	622581	259	1070	596
1493	622860	219	1119	630
1494	623119	259	922	602
1495	623399	199	907	577
1496	623618	459	884	548
1497	624096	199	841	494
1498	624356	239	891	523
1499	624615	359	865	592
1500	625053	279	948	651
1501	625352	319	1045	670
1502	625691	339	1125	719
1503	626050	379	1166	716
1504	626449	199	1172	727
1505	626668	359	1193	664
1506	627047	179	1170	611
1507	627246	618	1173	654
1508	627885	299	1177	587
1509	628204	160	1129	621
1510	628383	379	1094	613
1511	628782	279	1002	564
1512	629141	179	1138	542
1513	629340	100	1147	535
1514	629460	399	1197	580
1515	629878	279	1143	621
1516	630237	239	998	559
1517	630536	179	1168	601
1518	630736	100	1144	599
1519	630935	140	465	620
1520	631094	239	505	667
1521	631374	160	570	735
1522	631553	100	571	732
1523	631673	140	470	721
1524	631952	199	504	676
1525	632171	140	496	720
1526	632390	279	477	222
1527	632690	1077	619	245
1528	633826	778	535	195
1529	634723	179	1257	220
1530	634922	897	1287	279
1531	635919	199	524	243
1532	636139	259	449	233
1533	636438	299	277	209
1534	636757	160	287	174
1535	637016	638	1297	260
1536	637734	159	519	210
1537	637933	160	440	206
1538	638112	279	277	219
1539	638411	100	328	214
1540	638551	140	414	212
1541	638711	439	461	217
1542	639209	339	277	207
1543	639608	239	77	223
1544	639907	179	383	568
1545	640106	120	517	521
1546	640405	478	539	469
1547	640904	778	314	529
1548	641701	219	163	666
1549	642100	140	420	664
1550	642259	518	465	662
1551	642838	399	71	230
1552	643296	498	287	211
1553	643834	638	284	505
1554	644752	339	315	508
1555	645110	399	312	576
1556	645549	259	131	669
1557	645848	199	136	660
1558	646107	817	439	659
1559	646945	299	453	724
1560	647264	239	415	683
1561	647523	159	367	674
1562	647702	718	387	652
1563	648440	678	463	660
1564	649138	199	367	734
1565	649397	738	533	462
1566	650195	140	379	677
1567	650394	399	371	687
1568	650813	179	436	630
1569	651012	379	466	525
1570	651411	578	465	553
1571	652029	179	380	574
1572	652228	857	433	503
1573	653125	239	529	568
1574	653385	877	425	510
1575	654322	379	441	579
1576	654780	798	387	690
1577	655777	279	509	573
1578	656076	219	507	573
1579	656315	538	505	568
1580	656993	499	450	569
1581	657512	399	441	643
1582	657930	120	490	666
1583	658110	239	280	522
1584	658369	279	311	500
1585	658688	359	481	750
1586	659067	279	460	701
1587	659366	179	505	632
1588	659565	578	278	508
1589	660163	778	228	421
1590	660981	279	159	678
1591	661360	100	311	675
1592	661499	339	387	700
1593	661858	279	308	689
1594	662157	239	390	721
1595	662416	159	371	796
1596	662656	618	466	667
1597	663294	578	457	662
1598	663991	140	380	657
1599	664151	578	398	617
1600	664749	279	407	645
1601	665048	538	449	657
1602	665646	119	104	330
1603	665806	219	101	267
1604	666045	379	79	229
1605	666444	339	281	206
1606	666902	259	380	519
1607	667241	638	298	507
1608	667899	219	290	511
1609	668138	219	434	680
1610	668378	180	449	705
1611	668577	160	448	665
1612	668756	199	382	682
1613	668976	2034	379	692
1614	671069	239	382	686
1615	671328	1794	390	692
1616	673143	299	355	714
1617	673541	658	358	694
1618	674219	239	334	658
1619	674478	179	272	620
1620	674678	139	282	606
1621	674837	100	300	618
1622	674957	100	401	621
1623	675077	160	330	687
1624	675256	140	335	681
1625	675416	419	333	730
1626	675854	598	332	697
1627	676512	279	381	702
1628	676811	678	330	754
1629	677509	877	370	771
1630	678406	339	286	736
1631	678905	219	281	654
1632	679144	159	329	727
1633	679323	558	324	683
1634	679902	179	417	681
1635	680101	738	318	676
1636	680898	120	345	622
1637	681038	638	343	623
1638	681696	279	337	572
1639	681995	439	295	571
1640	682493	399	189	522
1641	682912	299	296	564
1642	683231	698	287	603
1643	683949	279	395	584
1644	684248	219	359	595
1645	684507	219	354	501
1646	684746	518	271	508
1647	685285	339	154	464
1648	685643	658	291	472
1649	686341	160	266	518
1650	686521	180	228	558
1651	686720	339	186	579
1652	687079	419	272	697
1653	687518	140	301	750
1654	687677	578	471	692
1655	688275	578	409	575
1656	688873	698	346	566
1657	689611	180	140	489
1658	689870	817	378	558
1659	690708	279	458	583
1660	691007	199	438	493
1661	691226	239	445	628
1662	691485	598	461	672
1663	692382	179	421	794
1664	692582	299	464	791
1665	693060	319	984	680
1666	693399	319	962	718
1667	693738	179	972	725
1668	693938	279	1008	690
1669	694336	139	1025	640
1670	694496	259	1108	764
1671	694855	199	1173	774
1672	695094	219	1219	666
1673	695333	219	1262	664
1674	695592	159	1187	593
1675	695832	199	527	244
1676	696051	299	627	231
1677	696390	319	473	209
1678	696729	738	623	217
1679	697526	379	526	258
1680	697925	219	337	243
1681	698164	239	253	237
1682	698423	439	91	242
1683	698922	379	336	647
1684	699340	1555	349	471
1685	700916	120	337	535
1686	701215	339	378	672
1687	701613	518	349	454
1688	702152	339	374	438
1689	702511	139	441	457
1690	702670	120	428	500
1691	702810	199	416	526
1692	703029	658	374	559
1693	703707	120	356	475
1694	703906	219	132	234
1695	704145	100	154	231
1696	704265	479	270	233
1697	704764	120	428	222
1698	705003	379	932	609
1699	705402	199	1025	646
1700	705661	419	996	542
1701	706099	239	1230	671
1702	706358	718	1160	679
1703	707096	598	1163	677
1704	707794	279	1136	772
1705	708133	299	980	544
1706	708452	120	1029	543
1707	708592	179	1121	546
1708	708791	279	1108	568
1709	709090	120	1081	527
1710	709250	419	1170	688
1711	709688	239	993	669
1712	709947	359	923	634
1713	710346	379	997	552
1714	710745	159	1155	579
1715	710924	140	1157	572
1716	711084	219	1197	614
1717	711323	279	1112	588
1718	711622	180	1172	616
1719	711821	877	1157	683
1720	712738	319	1005	693
1721	713078	239	1032	645
1722	713337	179	1037	641
1723	713536	319	1032	684
1724	713875	140	998	718
1725	714034	319	1052	690
1726	714373	877	1000	687
1727	715310	199	429	641
1728	715570	119	479	638
1729	715709	199	567	658
1730	715929	478	483	495
1731	716467	479	1007	744
1732	716965	239	976	794
1733	717224	319	1027	802
1734	717783	140	308	765
1735	717982	180	435	793
1736	718221	120	131	512
1737	718401	160	131	472
1738	718580	199	202	466
1739	718839	100	500	677
1740	719039	179	996	717
1741	719238	498	1022	687
1742	719776	439	470	756
1743	720235	179	486	675
1744	720434	279	550	661
1745	720733	498	375	659
1746	721252	179	388	493
1747	721451	160	372	469
1748	721631	518	480	489
1749	722169	279	374	494
1750	722568	478	349	556
1751	723126	618	372	469
1752	723824	379	360	560
1753	724222	319	326	558
1754	724562	578	433	534
1755	725160	279	342	484
1756	725518	479	468	216
1757	726017	479	549	223
1758	726515	678	621	232
1759	727253	339	267	220
1760	727632	120	600	230
1761	727771	877	634	229
1762	728669	379	526	244
1763	729107	239	325	255
1764	729366	319	278	250
1765	729725	279	76	248
1766	730244	1057	85	250
1767	731340	419	293	258
1768	731779	140	365	252
1769	731938	718	466	238
1770	732676	359	269	243
1771	733115	478	84	249
1772	733613	199	314	238
1773	733832	199	263	241
1774	734111	199	91	239
1775	734351	200	238	639
1776	734570	379	246	695
1777	735009	319	137	472
1778	735408	219	494	488
1779	735667	160	533	643
1780	735846	279	564	668
1781	736205	279	473	524
1782	736524	459	404	685
1783	737002	379	445	802
1784	737501	478	468	502
1785	738019	219	400	573
1786	738298	120	354	684
1787	738438	199	362	674
1788	738657	319	370	668
1789	738996	299	271	736
1790	739315	120	275	734
1791	739455	259	260	777
1792	739734	180	197	770
1793	739993	279	138	464
1794	740312	459	98	269
1795	740791	279	322	245
1796	741090	279	273	240
1797	741389	180	164	447
1798	741588	180	140	463
1799	741787	199	187	461
1800	742007	459	101	464
1801	742505	179	357	584
1802	742705	159	354	580
1803	742884	180	232	605
1804	743103	259	138	473
1805	743402	558	234	529
1806	743981	239	190	572
1807	744240	160	230	558
1808	744419	239	311	533
1809	744678	199	349	530
1810	744898	179	387	530
1811	745117	299	227	530
1812	745436	180	269	534
1813	745635	319	326	524
1814	745974	299	385	512
1815	746293	359	330	525
1816	746712	239	78	203
1817	746971	578	104	244
1818	747569	180	343	518
1819	747769	179	294	529
1820	747968	319	234	535
1821	748367	219	137	467
1822	748686	558	358	516
1823	749264	239	374	611
1824	749523	179	391	595
1825	749723	159	502	667
1826	749902	379	557	661
1827	750301	638	534	668
1828	751098	160	492	681
1829	751278	299	544	594
1830	751657	179	486	584
1831	751896	778	473	490
1832	752753	219	352	749
1833	752992	140	461	776
1834	753172	219	489	480
1835	753451	219	495	708
1836	753690	239	352	617
1837	753949	877	496	530
1838	754846	180	484	567
1839	755046	199	524	657
1840	755265	578	538	657
1841	755963	299	503	495
1842	756282	279	538	578
1843	756641	518	473	475
1844	757179	279	571	486
1845	757478	299	569	554
1846	757837	1097	232	866
1847	758954	259	248	756
1848	759273	239	297	786
1849	759532	379	345	803
1850	760030	319	336	807
1851	760429	598	201	869
1852	761047	259	314	821
1853	761346	179	242	852
1854	761546	179	325	869
1855	761745	459	340	821
1856	762243	857	284	842
1857	763120	379	383	793
1858	763519	339	354	748
1859	763878	120	376	779
1860	764018	399	266	832
1861	764815	179	1012	747
1862	765015	199	1001	757
1863	765234	339	978	746
1864	765593	140	908	790
1865	765812	160	264	297
1866	765992	239	263	241
1867	766251	518	275	231
1868	766789	279	357	246
1869	767108	259	271	245
1870	767407	199	89	251
1871	767686	199	442	233
1872	767985	199	959	603
1873	768205	199	957	623
1874	768484	399	944	791
1875	768902	518	983	714
1876	769441	339	1058	735
1877	769800	160	935	796
1878	769979	239	976	815
1879	770278	718	913	629
1880	771016	199	922	554
1881	771255	319	1072	503
1882	771594	299	1117	673
1883	771913	758	1159	682
1884	772691	658	1149	683
1885	773388	379	1025	653
1886	773807	459	1151	692
1887	774286	658	1011	651
1888	774963	977	1052	654
1889	775980	160	1082	720
1890	776160	219	1090	715
1891	776419	279	1183	677
1892	776758	279	1159	599
1893	777057	279	1115	554
1894	777356	219	939	626
1895	777655	319	1120	716
1896	778074	219	1147	673
1897	778313	319	1211	669
1898	778971	339	461	220
1899	779330	957	620	241
1900	780326	279	271	245
1901	780686	1794	621	247
1902	782500	140	657	262
1903	782659	1276	626	247
1904	783955	179	679	253
1905	784155	379	725	248
1906	784553	339	797	256
1907	784992	877	1300	273
1908	785909	180	668	224
1909	786108	1974	622	213
1910	788122	239	452	210
1911	788381	179	328	212
1912	788581	120	283	219
1913	788780	299	670	222
1914	789119	239	729	229
1915	789378	598	794	219
1916	789996	479	649	226
1917	790495	598	472	209
1918	791133	459	617	220
1919	791611	239	468	207
1920	791870	419	303	226
1921	792329	518	479	224
1922	792867	180	626	242
1923	793067	1535	620	217
1924	794662	319	531	235
1925	795001	638	452	234
1926	795659	299	274	235
1927	795998	160	110	232
1928	796177	219	79	238
1929	796456	299	257	672
1930	796795	160	474	672
1931	796974	159	554	665
1932	797194	379	1264	1007
1933	797812	239	358	700
1934	798071	180	414	787
1935	798270	219	521	676
1936	798510	778	547	672
1937	799367	179	383	700
1938	799566	219	285	797
1939	799806	160	211	856
1940	799985	199	273	878
1941	800264	479	514	797
1942	800802	199	966	786
1943	801022	219	944	742
1944	801261	199	883	772
1945	801560	279	906	890
1946	801859	179	906	840
1947	802098	140	168	524
1948	802258	140	122	482
1949	802417	219	189	474
1950	802716	120	193	707
1951	802876	279	192	915
1952	803195	239	297	831
1953	803474	219	143	234
1954	803713	219	86	266
1955	803992	399	667	260
1956	804411	259	717	272
1957	804750	140	482	213
1958	804910	120	415	225
1959	805069	259	285	246
1960	805348	518	263	244
1961	805906	718	88	252
1962	806644	698	273	243
1963	807382	479	84	245
1964	807940	140	190	725
1965	808239	379	96	244
1966	808638	1176	276	234
1967	809834	199	366	650
1968	810054	159	509	653
1969	810233	239	562	661
1970	810532	100	425	651
1971	810672	239	274	769
1972	810931	339	294	744
1973	811290	180	258	842
1974	811529	179	528	789
1975	811728	179	496	781
1976	811928	379	542	668
1977	812366	140	134	490
1978	812526	140	138	474
1979	812725	179	232	738
1980	812924	219	211	805
1981	813164	279	270	894
1982	813463	359	259	816
1983	813842	259	183	802
1984	814121	179	174	877
1985	814320	379	187	813
1986	814719	479	144	903
1987	815217	199	188	816
1988	815436	877	141	915
1989	816334	259	159	853
1990	816613	698	141	809
1991	817331	379	124	807
1992	817729	259	82	802
1993	818008	319	119	818
1994	818348	239	161	850
1995	818766	319	188	901
1996	819105	279	200	863
1997	819404	219	294	852
1998	819683	100	344	717
1999	819863	179	527	666
2000	820062	439	525	667
2001	820620	359	451	571
2002	820999	379	467	631
2003	821398	100	391	667
2004	821597	299	453	492
2005	821916	379	560	589
2006	822315	100	555	682
2007	822494	299	133	475
2008	822813	299	200	463
2009	823132	798	106	473
2010	823950	459	171	540
2011	824448	219	275	547
2012	824688	578	237	500
2013	825286	279	255	450
2014	825585	379	212	554
2015	825984	339	258	536
2016	826342	718	216	539
2017	827080	239	209	497
2018	827339	219	159	527
2019	827578	319	216	545
2020	827918	339	284	548
2021	828276	199	353	539
2022	828496	399	173	539
2023	828934	120	189	555
2024	829074	279	169	582
2025	829373	339	193	501
2026	829772	179	85	516
2027	829971	379	42	523
2028	830410	458	495	690
2029	830888	459	485	770
2030	831367	199	512	776
2031	831586	199	499	869
2032	831865	199	173	810
2033	832084	160	216	792
2034	832264	718	299	747
2035	833002	538	247	684
2036	833560	678	194	780
2037	834357	179	222	684
2038	834557	578	154	786
2039	835155	439	283	801
2040	835613	518	155	778
2041	836152	1296	179	858
2042	837467	160	216	847
2043	837647	299	299	801
2044	837966	459	206	850
2045	838444	299	334	774
2046	838763	658	299	810
2047	839441	319	287	777
2048	839960	199	1038	831
2049	840179	439	1082	861
2050	840638	179	993	908
2051	840837	239	930	772
2052	841096	120	903	792
2053	841276	139	895	823
2054	841435	499	980	724
2055	841954	219	1091	723
2056	842193	638	1152	670
2057	842851	359	1199	668
2058	843229	399	1123	662
2059	843648	359	1140	675
2060	844027	199	1175	682
2061	844246	499	1114	653
2062	844765	279	1146	676
2063	845064	339	1118	665
2064	845423	538	1117	621
2065	845981	558	1151	629
2066	846579	279	1146	673
2067	846878	219	1207	675
2068	847117	279	1110	682
2069	847416	578	1111	677
2070	848014	818	1136	717
2071	848872	120	1150	789
2072	849031	279	1151	791
2073	849330	419	1230	765
2074	849809	678	1209	600
2075	850507	239	1157	585
2076	850806	239	1240	655
2077	851065	219	1195	594
2078	851304	279	1155	587
2079	851603	279	1106	711
2080	852221	179	1175	687
2081	852421	239	1215	768
2082	852680	538	1113	768
2083	853238	160	1140	766
2084	853457	239	444	777
2085	853816	100	519	785
2086	853956	140	505	661
2087	854135	259	254	824
2088	854414	100	317	805
2089	854614	239	1051	665
2090	854873	359	1030	646
2091	855431	279	460	232
2092	855730	180	341	222
2093	855930	279	273	223
2094	856229	379	449	209
2095	856627	379	490	209
2096	857026	817	628	214
2097	857864	379	526	260
2098	858262	379	445	223
2099	858661	239	471	228
2100	858920	478	288	235
2101	859419	279	71	233
2102	859738	359	282	740
2103	860116	180	427	661
2104	860316	199	525	656
2105	860535	199	550	663
2106	860754	339	472	695
2107	861113	239	476	843
2108	861412	319	161	880
2109	861751	239	127	849
2110	862030	199	262	786
2111	862270	1117	188	848
2112	863406	479	119	821
2113	863905	379	135	817
2114	864303	498	165	878
2115	864842	359	139	836
2116	865240	339	44	927
2117	865619	678	126	824
2118	866417	160	161	753
2119	866596	518	131	763
2120	867134	139	53	850
2121	867294	180	59	850
2122	867513	180	133	766
2123	867792	279	164	759
2124	868091	1216	117	755
2125	869786	578	1204	587
2126	870404	459	1121	682
2127	870903	120	1204	605
2128	871082	219	1073	708
2129	871401	558	1152	674
2130	871979	379	1207	679
2131	872418	239	1198	612
2132	872677	140	1235	625
2133	872837	259	1202	606
2134	873156	718	1222	772
2135	873893	379	1231	741
2136	874292	120	1209	774
2137	874432	419	1202	615
2138	874870	100	1219	611
2139	875010	259	1145	798
2140	875289	259	1091	786
2141	875568	479	1208	787
2142	876066	678	1238	859
2143	876764	279	1222	813
2144	877063	239	1211	875
2145	877323	219	1183	867
2146	877582	259	1241	740
2147	877881	857	1161	712
2148	878758	179	1129	669
2149	878997	159	252	211
2150	879256	439	289	238
2151	879775	598	1196	624
2152	880453	200	1058	733
2153	880672	399	968	739
2154	881091	339	895	792
2155	881450	120	877	830
2156	881589	160	891	867
2157	881789	140	1124	665
2158	881968	100	1133	668
2159	882088	180	1152	698
2160	882287	160	1244	702
2161	882466	279	1245	664
2162	882765	558	1213	624
2163	883344	339	1164	613
2164	883702	319	1184	772
2165	884042	319	1232	749
2166	884440	299	1225	695
2167	884779	538	1211	629
2168	885337	279	1228	664
2169	885656	618	1150	814
2170	886294	139	1136	787
2171	886454	498	1185	800
2172	886972	339	1087	798
2173	887331	419	1118	804
2174	887830	219	336	685
2175	888089	120	426	684
2176	888228	100	409	670
2177	888368	459	154	750
2178	888966	100	129	759
2179	889086	259	205	762
2180	889544	159	63	851
2181	889724	120	171	832
2182	890142	259	1039	689
2183	890421	837	1102	691
2184	891279	179	1005	648
2185	891478	439	1021	648
2186	891957	279	1128	814
2187	892256	140	1091	852
2188	892515	239	217	777
2189	892814	498	168	794
2190	893332	379	83	840
2191	893731	179	182	839
2192	894409	897	1066	818
2193	895346	219	1097	806
2194	895625	199	1113	760
2195	895845	120	1159	771
2196	896084	140	1219	759
2197	896283	419	1134	708
2198	896722	439	1138	665
2199	897180	299	1183	662
2200	897499	259	1187	617
2201	897778	518	1093	622
2202	898376	798	903	729
2203	899214	199	1049	847
2204	899433	758	1147	811
2205	900271	199	984	699
2206	900570	219	310	779
2207	900909	259	139	794
2208	901188	279	59	845
2209	901507	359	202	798
2210	901886	159	252	822
2211	902065	219	187	784
2212	902304	299	153	800
2213	902842	279	459	220
2214	903142	199	284	249
2215	903361	160	259	245
2216	903560	917	92	242
2217	904537	140	193	746
2218	904736	180	429	253
2219	904936	1236	622	231
2220	906192	319	522	275
2221	906531	499	455	218
2222	907069	100	242	274
2223	907189	259	271	262
2224	907528	140	66	271
2225	907687	259	103	264
2226	907966	160	273	244
2227	908166	638	458	249
2228	908824	239	425	523
2229	909123	299	373	683
2230	909462	179	119	552
2231	909661	160	76	529
2232	909920	219	118	689
2233	910160	279	177	835
2234	910538	259	70	846
2235	910837	199	384	793
2236	911057	140	484	788
2237	911216	140	499	663
2238	911376	518	531	672
2239	911914	578	525	675
2240	912512	100	533	636
2241	912632	399	545	565
2242	913150	239	1027	697
2243	913409	478	1060	703
2244	913908	299	998	644
2245	914227	299	1002	561
2246	914546	339	1001	640
2247	914925	259	943	758
2248	915204	379	978	825
2249	915603	179	959	784
2250	915802	319	886	596
2251	916201	638	799	464
2252	916859	618	784	526
2253	917497	299	732	476
2254	917895	299	896	579
2255	918214	259	845	631
2256	918493	199	993	646
2257	918713	319	1031	643
2258	919092	179	1014	787
2259	919391	399	981	736
2260	919809	877	952	736
2261	920706	100	959	729
2262	920826	299	994	736
2263	921145	718	993	740
2264	921883	179	951	731
2265	922082	279	801	483
2266	922381	479	805	512
2267	922880	478	760	462
2268	923378	219	737	462
2269	923618	379	736	522
2270	924016	458	815	523
2271	924495	120	849	459
2272	924634	239	842	416
2273	924893	219	919	415
2274	925172	180	500	251
2275	925392	159	615	249
2276	925571	180	784	494
2277	925771	100	783	465
2278	925890	299	758	462
2279	926309	199	829	449
2280	926568	339	752	449
2281	926967	419	729	539
2282	927406	877	816	522
2283	928522	778	623	244
2284	929320	478	520	271
2285	929818	219	602	251
2286	930057	778	530	224
2287	930914	1136	1294	280
2288	932111	279	454	254
2289	932410	139	434	191
2290	932609	279	283	199
2291	932908	100	345	196
2292	933048	140	492	186
2293	933207	498	454	195
2294	933746	399	80	207
2295	934204	180	317	199
2296	934404	219	277	198
2297	934703	180	700	833
2298	934942	140	1303	1016
2299	935101	399	1266	1012
2300	935799	199	327	712
2301	936019	259	399	680
2302	936318	160	513	672
2303	936497	100	556	669
2304	936677	100	54	515
2305	936896	199	119	519
2306	937115	180	173	720
2307	937314	239	137	781
2308	937633	219	307	799
2309	937893	120	515	835
2310	938032	159	523	791
2311	938212	239	503	780
2312	938471	778	520	802
2313	939268	379	470	786
2314	939667	598	508	777
2315	940285	259	541	788
2316	940564	180	503	879
2317	940764	339	485	876
2318	941162	299	357	685
2319	941501	638	286	601
2320	942159	219	497	804
2321	942458	279	493	880
2322	942757	100	958	817
2323	942877	120	956	832
2324	943017	359	892	809
2325	943395	259	896	862
2326	943694	339	1062	661
2327	944053	239	1137	694
2328	944312	160	1189	701
2329	944492	379	1210	694
2330	944891	259	1191	779
2331	945170	100	1164	794
2332	945349	180	881	500
2333	945549	439	806	458
2334	946007	179	839	429
2335	946206	219	811	458
2336	946446	180	765	462
2337	946645	379	842	421
2338	947044	299	906	420
2339	947383	179	1038	436
2340	947642	100	1017	441
2341	947782	598	824	445
2342	948499	120	815	587
2343	948639	678	821	445
2344	949337	199	897	493
2345	949556	259	854	409
2346	949835	279	889	568
2347	950134	140	905	498
2348	950294	239	912	450
2349	950553	319	882	462
2350	950892	1136	899	454
2351	952048	1057	867	449
2352	953125	179	1114	529
2353	953324	379	1193	522
2354	953723	299	1091	559
2355	954042	159	1016	561
2356	954221	279	1010	660
2357	954520	120	1149	701
2358	954760	937	1203	692
2359	955717	339	1201	713
2360	956116	279	931	874
2361	956415	219	881	812
2362	956654	538	970	811
2363	957212	379	903	880
2364	957611	638	943	919
2365	958269	738	937	893
2366	959046	538	873	911
2367	959605	199	1044	799
2368	960043	219	334	814
2369	960302	100	505	812
2370	960482	100	296	276
2371	960601	658	270	215
2372	961279	738	73	252
2373	962176	219	299	214
2374	962416	259	277	199
2375	962695	120	343	202
2376	962874	140	468	189
2377	963074	139	605	730
2378	963273	100	456	765
2379	963413	159	497	666
2380	963592	179	538	667
2381	963792	678	463	628
2382	964489	419	442	523
2383	964968	199	506	846
2384	965187	159	517	784
2385	965386	120	416	775
2386	965566	179	331	662
2387	965765	139	291	604
2388	965965	578	497	876
2389	966563	299	473	783
2390	966882	120	513	783
2391	967021	219	472	864
2392	967261	299	516	882
2393	967659	179	838	835
2394	967859	299	798	831
2395	968178	259	800	757
2396	968457	120	891	747
2397	968656	179	1027	633
2398	969214	339	1010	618
2399	969593	160	1017	621
2400	969773	180	1100	564
2401	969972	219	1075	535
2402	970211	439	1186	521
2403	970670	219	995	470
2404	970909	239	973	561
2405	971168	817	1006	449
2406	972026	140	891	450
2407	972205	239	1049	455
2408	972464	239	1025	461
2409	972724	160	1090	448
2410	972903	439	1133	425
2411	973361	100	1106	419
2412	973481	259	1030	499
2413	973760	140	1025	432
2414	973960	518	1295	447
2415	974558	219	1054	442
2416	974837	199	932	667
2417	975056	199	819	658
2418	975275	359	873	653
2419	975694	339	1166	568
2420	976073	279	1098	671
2421	976452	518	853	689
2422	976990	139	890	740
2423	977150	279	935	769
2424	977449	219	885	786
2425	977688	439	931	782
2426	978166	160	887	652
2427	978346	778	894	680
2428	979143	279	792	637
2429	979442	179	801	585
2430	979642	199	859	682
2431	979861	319	984	744
2432	980200	219	1035	753
2433	980459	259	935	658
2434	980738	419	809	575
2435	981177	159	798	626
2436	981376	439	706	539
2437	981835	977	760	575
2438	982852	259	919	589
2439	983151	798	733	589
2440	983968	259	705	585
2441	984247	179	757	631
2442	984447	299	738	644
2443	984766	199	791	641
2444	984985	1077	745	641
2445	986122	179	203	198
2446	986321	219	136	178
2447	986560	279	287	171
2448	986859	339	267	230
2449	987218	419	108	209
2450	987716	199	326	191
2451	987936	279	263	190
2452	988235	259	262	242
2453	988534	279	78	254
2454	988833	159	83	218
2455	989173	199	1230	174
2456	989391	160	1301	230
2457	989571	1376	1293	204
2458	991006	199	395	213
2459	991226	419	276	214
2460	991664	239	262	181
2461	991963	578	74	223
2462	992561	339	87	254
2463	992920	120	157	233
2464	993060	618	288	225
2465	993757	339	454	215
2466	994156	279	850	701
2467	994555	339	803	602
2468	994914	219	837	794
2469	995153	140	803	743
2470	995313	319	806	596
2471	995652	578	734	612
2472	996290	299	193	592
2473	996648	120	148	827
2474	996888	160	183	827
2475	997067	219	128	756
2476	997346	179	487	710
2477	997546	239	526	661
2478	997845	299	478	681
2479	998164	518	382	675
2480	998702	379	442	687
2481	999101	219	456	687
2482	999360	180	834	681
2483	999559	160	780	638
2484	999739	180	744	638
2485	999958	618	472	686
2486	1000596	160	536	668
2487	1000835	299	375	671
2488	1001174	399	558	656
2489	1001633	339	775	642
2490	1001992	239	831	586
2491	1002251	160	719	573
2492	1002450	359	305	220
2493	1002829	518	265	222
2494	1003367	239	321	215
2495	1003627	877	466	211
2496	1004544	877	630	213
2497	1005461	638	531	239
2498	1006119	120	471	215
2499	1006318	179	1258	232
2500	1006518	738	1297	279
2501	1007335	419	504	230
2502	1007774	319	356	233
2503	1008113	339	269	205
2504	1008531	259	829	678
2505	1008810	279	823	610
2506	1009129	160	818	445
2507	1009349	140	1166	706
2508	1009648	299	1288	426
2509	1010006	180	969	437
2510	1010206	120	886	463
2511	1010346	199	886	455
2512	1010605	179	862	508
2513	1010804	179	869	551
2514	1011003	180	921	546
2515	1011203	578	873	548
2516	1011801	140	949	548
2517	1011960	319	967	551
2518	1012299	419	904	538
2519	1012738	140	903	489
2520	1012898	698	871	446
2521	1013615	379	805	556
2522	1014034	558	1097	628
2523	1014752	120	1095	573
2524	1014891	937	1058	526
2525	1015988	140	1016	650
2526	1016147	638	1020	626
2527	1016805	578	1086	546
2528	1017403	459	1123	607
2529	1017882	179	965	673
2530	1018081	179	935	691
2531	1018281	319	925	600
2532	1018620	239	1003	650
2533	1018979	179	1097	684
2534	1019178	837	1184	687
2535	1020035	219	1191	671
2536	1020274	279	1064	687
2537	1020673	339	442	199
2538	1021032	738	277	199
2539	1021790	219	295	188
2540	1022029	140	333	190
2541	1022188	359	284	194
2542	1022567	100	65	200
2543	1022767	179	1078	705
2544	1023006	159	1212	702
2545	1023205	299	1107	676
2546	1023524	379	1181	683
2547	1023923	479	1193	734
2548	1024421	319	1171	833
2549	1024760	399	1092	839
2550	1025179	319	1041	821
2551	1025558	578	1134	844
2552	1026156	100	1127	829
2553	1026276	179	1200	784
2554	1026475	399	1198	753
2555	1026894	478	1177	681
2556	1027392	857	1141	720
2557	1028289	299	1165	747
2558	1028608	219	1137	726
2559	1028848	179	1061	722
2560	1029326	379	1143	723
2561	1029725	319	1167	770
2562	1030064	538	1146	812
2563	1030642	678	1115	830
2564	1031340	160	1064	826
2565	1031619	399	1157	760
2566	1032038	219	1162	754
2567	1032277	538	1207	753
2568	1032835	379	1242	762
2569	1033234	299	1173	764
2570	1033553	299	1127	781
2571	1033872	120	1188	822
2572	1034051	279	1225	848
2573	1034370	160	1192	786
2574	1034550	299	1138	727
2575	1034928	618	1114	794
2576	1035566	159	1134	722
2577	1035746	160	1146	713
2578	1035925	159	1203	723
2579	1036105	698	1237	822
2580	1036842	857	1144	792
2581	1037740	140	1062	721
2582	1037899	219	1056	731
2583	1038138	339	1140	717
2584	1038517	818	1165	716
2585	1039394	638	1258	720
2586	1040052	279	1139	718
2587	1040352	817	1239	708
2588	1041189	239	1093	677
2589	1041488	299	1029	668
2590	1041847	140	1108	648
2591	1042006	159	1140	683
2592	1042186	179	1158	665
2593	1042385	419	1129	640
2594	1042864	159	1042	866
2595	1043043	179	855	867
2596	1043242	140	902	870
2597	1043402	219	937	869
2598	1043641	518	906	868
2599	1044179	538	957	870
2600	1044838	119	958	747
2601	1044977	199	953	792
2602	1045196	279	930	929
2603	1045495	379	1026	946
2604	1045914	439	822	860
2605	1046373	1097	857	874
2606	1047489	518	883	867
2607	1048067	379	826	893
2608	1048466	179	896	844
2609	1048665	299	894	800
2610	1048984	578	930	907
2611	1049602	239	1030	906
2612	1049862	219	999	906
2613	1050161	1615	796	862
2614	1051796	180	854	882
2615	1052015	917	793	849
2616	1052952	299	730	857
2617	1053271	319	746	811
2618	1053610	219	786	795
2619	1053969	2353	791	876
2620	1056341	239	714	871
2621	1056640	279	763	876
2622	1056939	1416	693	874
2623	1058375	239	735	849
2624	1058634	379	900	843
2625	1059033	179	852	844
2626	1059232	179	937	897
2627	1059452	199	1026	909
2628	1059671	239	1064	936
2629	1059950	179	740	861
2630	1060149	558	795	867
2631	1060728	299	755	803
2632	1061047	299	816	857
2633	1061366	200	777	798
2634	1061585	259	795	750
2635	1061864	479	767	757
2636	1062362	698	817	761
2637	1063120	219	718	745
2638	1063359	339	710	779
2639	1063718	179	797	679
2640	1063918	239	788	656
2641	1064416	100	353	251
2642	1064536	558	282	206
2643	1065134	458	457	183
2644	1065612	219	291	190
2645	1065911	179	509	194
2646	1066131	718	625	191
2647	1066868	419	556	231
2648	1067307	439	288	211
2649	1067806	279	451	202
2650	1068204	379	65	217
2651	1068603	120	117	215
2652	1068802	279	201	653
2653	1069101	179	129	825
2654	1069301	319	166	801
2655	1069700	179	137	670
2656	1069998	379	126	740
2657	1070397	279	98	739
2658	1070696	180	122	742
2659	1070896	239	144	742
2660	1071374	180	120	221
2661	1071574	219	81	225
2662	1071873	399	272	210
2663	1072411	279	125	782
2664	1072710	100	72	849
2665	1072830	120	60	847
2666	1072989	160	141	720
2667	1073169	299	138	741
2668	1073607	140	206	781
2669	1073767	179	61	846
2670	1073986	219	218	766
2671	1074265	179	366	678
2672	1074464	678	193	841
2673	1075162	120	168	832
2674	1075362	100	317	693
2675	1075481	180	370	680
2676	1075800	239	137	237
2677	1076060	479	75	229
2678	1076558	100	187	208
2679	1076678	498	278	206
2680	1077356	299	897	736
2681	1077674	259	899	797
2682	1077954	139	897	769
2683	1078113	319	854	712
2684	1078452	219	737	742
2685	1078691	439	811	849
2686	1079150	239	941	852
2687	1079449	399	1116	796
2688	1079868	219	1005	701
2689	1080107	379	1007	666
2690	1080506	219	986	611
2691	1080745	279	1086	599
2692	1081044	379	997	648
2693	1081443	319	1042	722
2694	1081782	179	1086	734
2695	1082041	618	1129	788
2696	1082679	239	1101	817
2697	1082938	379	1029	864
2698	1083337	499	1049	865
2699	1084034	219	1141	720
2700	1084274	139	1175	716
2701	1084433	439	1169	785
2702	1084892	518	1125	800
2703	1085430	279	1140	781
2704	1085749	758	989	748
2705	1086546	100	1084	673
2706	1086746	359	1123	610
2707	1087125	479	1137	653
2708	1087623	219	1212	691
2709	1087862	259	1237	639
2710	1088142	299	1242	608
2711	1088461	239	1222	567
2712	1088740	179	1187	780
2713	1088939	160	1122	784
2714	1089138	120	967	978
2715	1089278	279	1040	957
2716	1089577	459	1072	968
2717	1090116	578	1153	639
2718	1090714	179	1137	699
2719	1091013	100	1122	736
2720	1091132	379	1055	762
2721	1091531	778	995	647
2722	1092348	260	938	608
2723	1092648	160	969	512
2724	1092827	419	896	525
2725	1093306	538	1154	791
2726	1093864	160	1118	759
2727	1094103	100	1070	763
2728	1094242	339	996	784
2729	1094602	578	1088	853
2730	1095200	239	1153	844
2731	1095459	179	1089	870
2732	1095658	179	1117	864
2733	1095857	160	1164	826
2734	1096097	479	1193	743
2735	1096595	279	1129	656
2736	1097014	299	867	676
2737	1097333	259	941	688
2738	1097632	698	911	783
2739	1098350	1376	962	800
2740	1099745	379	980	794
2741	1100144	319	900	735
2742	1100582	180	1014	678
2743	1100782	239	861	674
2744	1101081	399	1084	709
2745	1101520	339	957	643
2746	1101879	379	1060	708
2747	1102277	299	1053	500
2748	1102616	339	1069	721
2749	1102995	658	871	802
2750	1103673	399	853	676
2751	1104092	459	851	655
2752	1104570	319	1084	985
2753	1104909	638	1061	972
2754	1105567	279	733	878
2755	1105866	479	888	852
2756	1106364	239	874	826
2757	1106624	718	812	747
2758	1107361	339	937	716
2759	1107720	419	749	773
2760	1108159	897	1004	803
2761	1109096	100	909	738
2762	1109216	179	932	700
2763	1109455	100	860	1004
2764	1109574	120	856	968
2765	1109714	219	896	956
2766	1109973	179	861	515
2767	1110173	100	908	473
2768	1110292	239	925	451
2769	1110551	219	974	439
2770	1110870	219	952	898
2771	1111110	817	946	966
2772	1111967	259	976	850
2773	1112246	339	899	799
2774	1112645	180	827	528
2775	1112844	379	841	654
2776	1113243	678	860	551
2777	1113941	140	1113	555
2778	1114140	339	1164	605
2779	1114539	180	917	573
2780	1114738	239	880	501
2781	1114998	279	919	457
2782	1115336	718	1157	599
2783	1116074	937	1185	600
2784	1117031	180	1184	495
2785	1117230	279	1149	504
2786	1117530	219	1204	513
2787	1117789	518	1012	524
2788	1118347	199	1115	528
2789	1118566	100	1080	460
2790	1118686	359	1025	426
2791	1119124	180	920	604
2792	1119344	877	962	776
2793	1120241	259	968	782
2794	1120520	279	987	768
2795	1120839	120	869	762
2796	1120979	419	901	763
2797	1121417	199	771	845
2798	1121637	479	705	850
2799	1122155	199	786	915
2800	1122394	199	898	901
2801	1122614	359	923	907
2802	1123351	179	530	680
2803	1123551	120	571	659
2804	1123730	180	206	278
2805	1123930	120	190	227
2806	1124089	279	84	228
2807	1124388	239	271	226
2808	1124647	1017	451	219
2809	1125724	518	79	246
2810	1126322	179	204	703
2811	1126541	199	224	630
2812	1126820	100	67	520
2813	1127120	319	922	748
2814	1127458	299	860	823
2815	1127777	279	891	897
2816	1128116	239	1201	814
2817	1128415	299	955	537
2818	1128734	558	929	549
2819	1129352	259	929	684
2820	1129632	758	947	764
2821	1130409	698	983	758
2822	1131127	857	1027	763
2823	1132004	140	1066	811
2824	1132164	140	1102	803
2825	1132323	558	1091	763
2826	1133001	279	1206	809
2827	1133300	140	1115	777
2828	1133460	239	1066	793
2829	1133719	518	956	763
2830	1134297	279	1077	756
2831	1134596	1296	1026	843
2832	1135912	458	956	757
2833	1136410	279	812	712
2834	1136789	119	300	212
2835	1136988	180	248	655
2836	1137308	259	481	658
2837	1137946	339	363	679
2838	1138344	179	139	807
2839	1138544	379	166	788
2840	1138942	299	173	877
2841	1139262	219	72	861
2842	1139501	319	43	859
2843	1139840	598	147	762
2844	1140497	339	288	783
2845	1140856	399	307	842
2846	1141335	817	212	848
2847	1142172	239	293	825
2848	1142432	120	175	803
2849	1142591	479	168	767
2850	1143089	120	180	751
2851	1143289	159	975	783
2852	1143468	179	1051	814
2853	1143727	100	1038	833
2854	1143927	339	196	836
2855	1144326	419	154	767
2856	1144764	179	278	835
2857	1144964	279	316	846
2858	1145302	199	219	845
2859	1145522	120	114	715
2860	1145761	199	79	713
2861	1145980	219	183	715
2862	1146240	159	483	254
2863	1146419	179	464	186
2864	1146618	279	455	214
2865	1146917	279	264	235
2866	1147336	1396	630	233
2867	1148752	239	554	251
2868	1149051	339	263	252
2869	1149410	379	77	257
2870	1149808	140	255	252
2871	1150008	718	473	241
2872	1150785	219	410	584
2873	1151044	140	494	666
2874	1151224	259	376	671
2875	1151503	100	326	672
2876	1151643	239	168	675
2877	1151962	478	57	706
2878	1152500	478	61	536
2879	1152998	379	267	684
2880	1153397	279	221	672
2881	1153696	199	126	672
2882	1153995	199	305	600
2883	1154214	100	286	594
2884	1154434	399	222	607
2885	1154852	259	119	654
2886	1155152	339	260	646
2887	1155510	259	130	670
2888	1155809	917	221	610
2889	1156746	259	257	630
2890	1157026	239	296	601
2891	1157285	499	236	643
2892	1157823	957	483	864
2893	1158800	319	480	765
2894	1159139	220	512	778
2895	1159398	399	180	505
2896	1159817	339	214	559
2897	1160176	618	218	607
2898	1160874	200	120	663
2899	1161133	120	157	650
2900	1161272	479	139	663
2901	1161831	1017	251	511
2902	1162868	379	238	617
2903	1163266	638	293	602
2904	1164263	180	286	593
2905	1164502	139	863	649
2906	1164801	399	960	670
2907	1165220	1017	1000	629
2908	1166257	219	1059	621
2909	1166496	279	1005	622
2910	1166795	838	965	634
2911	1167652	239	988	628
2912	1167912	160	1073	570
2913	1168091	319	970	509
2914	1168430	179	1028	515
2915	1168649	359	1083	563
2916	1169028	558	1035	607
2917	1169606	100	1035	604
2918	1169806	199	338	191
2919	1170025	498	265	240
2920	1170603	219	1003	624
2921	1170842	1077	1023	615
2922	1171939	439	1005	621
2923	1172398	199	1076	716
2924	1172617	339	1033	636
2925	1172976	219	975	565
2926	1173215	100	1048	561
2927	1173334	160	1096	552
2928	1173514	299	1107	550
2929	1173873	518	1164	637
2930	1174411	359	1122	542
2931	1174790	359	1171	553
2932	1175169	439	1105	544
2933	1175667	598	945	513
2934	1176285	219	1025	508
2935	1176524	479	975	505
2936	1177023	817	981	447
2937	1177860	379	1059	475
2938	1178259	139	1014	476
2939	1178419	319	966	505
2940	1178758	319	1014	508
2941	1179097	239	1061	469
2942	1179475	179	331	209
2943	1179695	239	453	253
2944	1179974	2791	619	250
2945	1182785	279	593	240
2946	1183104	1017	474	215
2947	1184141	578	513	240
2948	1184739	2492	617	242
2949	1187251	219	493	236
2950	1187490	319	517	243
2951	1187829	219	451	239
2952	1188068	1436	440	242
2953	1189524	140	496	178
2954	1189683	160	477	237
2955	1189883	279	629	265
2956	1190182	738	640	245
2957	1191019	917	1297	271
2958	1192016	299	530	227
2959	1192355	199	409	214
2960	1192574	180	530	212
2961	1192774	658	626	214
2962	1193452	3190	614	208
2963	1196661	658	453	197
2964	1198655	139	582	259
2965	1198855	100	481	238
2966	1199054	239	451	227
2967	1199313	817	493	189
2968	1200150	478	458	219
2969	1200649	419	458	183
2970	1201147	179	620	187
2971	1201347	638	468	211
2972	1202005	339	626	230
2973	1202364	758	480	257
2974	1203141	538	455	264
2975	1205454	419	471	283
2976	1206690	279	495	267
2977	1206989	598	518	235
2978	1207607	199	617	229
2979	1207846	140	496	209
2980	1208006	758	628	229
2981	1208783	239	429	222
2982	1209082	399	268	240
2983	1209501	219	69	236
2984	1209740	738	87	241
2985	1210518	658	289	234
2986	1211216	199	117	231
2987	1211475	279	272	722
2988	1211774	100	199	763
2989	1211914	239	492	652
2990	1212173	399	538	659
2991	1212671	339	67	526
2992	1213090	678	507	647
2993	1213788	160	534	541
2994	1213967	180	566	572
2995	1214166	379	544	763
2996	1214565	120	548	627
2997	1214705	379	525	657
2998	1215163	120	181	858
2999	1215303	877	221	870
3000	1216200	160	208	910
3001	1216380	160	83	866
3002	1216559	179	90	852
3003	1217058	140	266	915
3004	1217257	219	906	767
3005	1217516	120	914	769
3006	1217676	399	828	640
3007	1218094	479	798	701
3008	1218613	618	782	599
3009	1219270	578	788	510
3010	1219869	120	832	522
3011	1220008	160	862	546
3012	1220188	638	885	538
3013	1220846	479	977	549
3014	1221364	359	898	536
3015	1221743	279	891	453
3016	1222042	678	863	535
3017	1222740	837	782	614
3018	1223637	797	961	516
3019	1224454	777	872	478
3020	1225252	359	822	466
3021	1225631	219	796	494
3022	1225870	439	953	491
3023	1226329	179	926	547
3024	1226528	538	775	516
3025	1227086	339	767	512
3026	1227445	259	708	547
3027	1227744	179	854	578
3028	1227963	259	802	415
3029	1228242	259	943	491
3030	1228522	678	966	512
3031	1229220	239	902	522
3032	1229518	239	1000	523
3033	1229778	479	999	490
3034	1230276	439	1090	495
3035	1230735	199	1099	550
3036	1231014	199	1102	580
3037	1231253	179	1029	407
3038	1231452	159	1002	414
3039	1231652	239	1069	427
3040	1231931	977	879	541
3041	1232988	100	1118	549
3042	1233107	379	1152	542
3043	1233506	179	1122	573
3044	1233705	179	1041	603
3045	1233905	379	1138	527
3046	1234304	479	902	540
3047	1234822	199	1013	529
3048	1235041	140	972	570
3049	1235201	538	1023	607
3050	1235759	359	1134	588
3051	1236138	259	1001	626
3052	1236437	339	1061	729
3053	1236796	239	1060	728
3054	1237055	518	1069	750
3055	1237593	219	1129	743
3056	1237832	538	1089	736
3057	1238391	339	1160	709
3058	1238789	200	1069	742
3059	1239009	159	1181	736
3060	1239188	598	1168	735
3061	1239806	459	1212	754
3062	1240286	179	1173	741
3063	1240485	478	1085	743
3064	1241042	359	968	743
3065	1241421	359	1122	746
3066	1241800	359	1089	747
3067	1242219	279	1143	739
3068	1242817	179	1188	552
3069	1243534	399	1109	513
3070	1244013	279	1138	708
3071	1244412	279	1222	665
3072	1244711	239	1242	643
3073	1244970	120	1262	644
3074	1245130	419	1149	573
3075	1245608	279	1101	571
3076	1246007	179	1233	494
3077	1246206	239	1205	494
3078	1246465	419	1079	512
3079	1246904	239	1081	582
3080	1247203	279	1136	743
3081	1247502	399	1088	755
3082	1247921	160	1150	746
3083	1248340	239	449	227
3084	1248599	140	546	237
3085	1248758	578	626	230
3086	1249356	219	463	263
3087	1249596	698	526	277
3088	1250313	379	464	249
3089	1250732	299	623	253
3090	1251091	120	284	254
3091	1251290	379	480	242
3092	1251689	738	458	207
3093	1252447	239	459	268
3094	1252726	299	260	247
3095	1253084	399	548	626
3096	1253503	399	467	665
3097	1253982	219	417	194
3098	1254281	319	279	253
3099	1254680	180	168	173
3100	1254879	299	300	196
3101	1255377	179	105	270
3102	1255617	279	668	280
3103	1255995	160	1265	765
3104	1256175	120	1291	1013
3105	1256314	479	1265	999
3106	1257072	160	462	247
3107	1257252	399	179	230
3108	1257690	259	256	642
3109	1257969	379	400	669
3110	1258448	100	58	379
3111	1258807	140	-24	369
3112	1258966	179	-58	373
3113	1259245	120	523	400
3114	1259405	100	321	230
3115	1259524	120	327	229
3116	1259664	379	469	231
3117	1260063	299	284	281
3118	1260382	259	310	293
3119	1260681	279	469	228
3120	1261000	239	262	275
3121	1261279	219	356	533
3122	1261558	299	456	207
3123	1261917	120	630	1128
3124	1262056	179	606	958
3125	1262276	299	451	162
3126	1262655	219	256	50
3127	1264728	120	501	245
3128	1264927	219	257	194
3129	1265206	758	477	121
3130	1266024	119	342	258
