11	1	-1280	-1024	0.719	0.836	-1.000	-1.000	4	-1280	-1024	0.462	0.830	-1.000	-1.000	4
31	2	243	621	0.719	0.836	659.718	3.500	0	232	592	0.462	0.830	670.642	3.757	0
51	3	233	614	0.719	0.836	659.718	3.606	0	216	636	0.461	0.830	670.642	3.445	0
70	4	229	609	0.719	0.836	659.718	3.515	0	236	633	0.461	0.830	670.642	3.542	0
90	5	229	611	0.718	0.836	659.718	3.584	0	214	633	0.461	0.830	670.642	3.439	0
110	6	242	624	0.719	0.836	659.718	3.577	0	241	650	0.461	0.830	670.642	3.555	0
130	7	252	627	0.719	0.836	657.543	3.559	0	240	659	0.461	0.830	664.263	3.492	0
150	8	239	628	0.719	0.836	657.543	3.535	0	224	634	0.462	0.830	664.263	3.534	0
170	9	245	628	0.719	0.835	657.543	3.556	0	247	630	0.462	0.830	664.263	3.521	0
190	10	321	486	0.718	0.834	657.543	3.665	0	324	477	0.461	0.828	664.263	3.598	0
225	11	380	423	0.717	0.834	657.543	3.528	0	392	423	0.461	0.828	664.263	3.551	0
250	12	402	367	0.717	0.834	654.222	3.548	0	423	373	0.461	0.828	661.682	3.551	0
270	13	372	427	0.718	0.834	654.222	3.603	0	380	440	0.461	0.828	661.682	3.522	0
290	14	375	420	0.718	0.834	654.222	3.540	0	385	440	0.461	0.828	661.682	3.538	0
310	15	379	430	0.718	0.834	654.222	3.495	0	374	412	0.461	0.828	661.682	3.501	0
330	16	387	430	0.718	0.834	654.222	3.481	0	388	423	0.461	0.828	661.682	3.445	0
350	17	380	419	0.717	0.833	659.443	3.496	0	386	413	0.461	0.827	662.645	3.442	0
370	18	444	347	0.717	0.833	659.443	3.507	0	463	347	0.461	0.827	662.645	3.379	0
389	19	445	354	0.717	0.833	659.443	3.400	0	463	333	0.461	0.827	662.645	3.370	0
409	20	448	338	0.717	0.833	659.443	3.383	0	457	328	0.461	0.827	662.645	3.281	0
429	21	450	338	0.717	0.833	659.443	3.318	0	462	335	0.461	0.827	662.645	3.220	0
449	22	453	338	0.717	0.833	659.607	3.286	0	459	339	0.461	0.827	660.637	3.170	0
469	23	452	320	0.718	0.833	659.607	3.250	0	454	335	0.461	0.827	660.637	3.157	0
489	24	445	334	0.718	0.833	659.607	3.269	0	450	350	0.461	0.827	660.637	3.255	0
509	25	450	337	0.718	0.833	659.607	3.370	0	458	327	0.461	0.827	660.637	3.190	0
529	26	418	333	0.718	0.833	659.607	3.257	0	430	328	0.462	0.827	660.637	3.152	0
549	27	405	327	0.720	0.834	661.976	3.304	0	418	318	0.464	0.827	665.045	3.205	0
569	28	311	327	0.720	0.834	661.976	3.171	0	325	316	0.464	0.827	665.045	3.123	0
589	29	314	320	0.721	0.834	661.976	3.189	0	308	318	0.465	0.828	665.045	3.138	0
609	30	327	317	0.721	0.834	661.976	3.153	0	310	323	0.465	0.828	665.045	3.142	0
629	31	310	320	0.722	0.835	661.976	3.137	0	307	312	0.465	0.828	665.045	3.115	0
649	32	313	321	0.722	0.835	661.625	3.132	0	306	315	0.466	0.828	664.605	3.121	0
669	33	311	336	0.722	0.835	661.625	3.116	0	297	318	0.466	0.828	664.605	3.124	0
689	34	330	329	0.723	0.835	661.625	3.106	0	309	325	0.466	0.828	664.605	3.068	0
708	35	320	327	0.723	0.835	661.625	3.011	0	318	321	0.467	0.828	664.605	3.073	0
729	36	322	324	0.723	0.835	661.625	3.153	0	305	320	0.467	0.828	664.605	3.071	0
748	37	321	321	0.724	0.835	661.545	3.127	0	307	320	0.467	0.828	665.042	3.076	0
768	38	185	206	0.725	0.834	661.545	3.078	0	178	178	0.469	0.827	665.042	2.946	0
788	39	96	109	0.725	0.833	661.545	3.061	0	95	101	0.470	0.826	665.042	3.021	0
808	40	115	113	0.726	0.833	661.545	3.072	0	111	95	0.470	0.826	665.042	3.001	0
828	41	112	113	0.726	0.833	661.545	3.002	0	97	102	0.470	0.826	665.042	3.060	0
848	42	114	113	0.726	0.833	661.803	2.991	0	108	114	0.471	0.826	660.632	3.046	0
868	43	113	119	0.726	0.833	661.803	3.006	0	105	88	0.471	0.826	660.632	2.979	0
888	44	108	112	0.727	0.833	661.803	3.026	0	96	110	0.471	0.825	660.632	2.981	0
908	45	104	106	0.727	0.832	661.803	2.994	0	105	117	0.471	0.825	660.632	3.019	0
928	46	115	114	0.727	0.832	661.803	3.045	0	104	111	0.472	0.825	660.632	2.961	0
948	47	115	123	0.727	0.832	658.223	3.025	0	100	113	0.472	0.825	660.439	2.970	0
968	48	149	30	0.727	0.832	658.223	3.065	0	125	14	0.472	0.825	660.439	3.000	0
988	49	134	47	0.727	0.832	658.223	2.999	0	140	12	0.472	0.825	660.439	2.996	0
1008	50	145	41	0.728	0.832	658.223	2.981	0	134	27	0.472	0.825	660.439	3.045	0
1028	51	170	43	0.728	0.832	658.223	3.003	0	131	22	0.472	0.825	660.439	2.953	0
1048	52	165	40	0.728	0.832	658.578	3.000	0	131	25	0.472	0.825	660.143	2.958	0
1067	53	139	30	0.728	0.832	658.578	3.032	0	134	12	0.472	0.825	660.143	2.988	0
1087	54	136	47	0.728	0.832	658.578	3.004	0	123	18	0.472	0.825	660.143	2.940	0
1107	55	143	43	0.728	0.832	658.578	3.039	0	128	34	0.472	0.825	660.143	2.980	0
1127	56	131	51	0.728	0.832	658.578	2.996	0	123	14	0.472	0.825	660.143	2.952	0
1147	57	131	48	0.728	0.832	659.506	3.008	0	127	27	0.473	0.825	658.719	2.963	0
1167	58	132	38	0.728	0.832	659.506	3.025	0	138	11	0.473	0.825	658.719	2.983	0
1187	59	133	48	0.728	0.832	659.506	3.000	0	132	15	0.473	0.825	658.719	2.926	0
1207	60	172	44	0.728	0.832	659.506	3.063	0	146	32	0.472	0.825	658.719	3.041	0
1227	61	272	46	0.727	0.832	659.506	3.023	0	266	27	0.471	0.824	658.719	2.976	0
1247	62	290	47	0.726	0.831	660.532	3.031	0	277	28	0.471	0.824	660.379	2.983	0
1267	63	287	34	0.726	0.831	660.532	3.067	0	286	15	0.471	0.824	660.379	2.970	0
1287	64	294	45	0.726	0.831	660.532	3.022	0	272	20	0.471	0.824	660.379	2.977	0
1307	65	294	51	0.727	0.831	660.532	2.985	0	280	9	0.471	0.824	660.379	2.973	0
1327	66	290	35	0.727	0.831	660.532	3.015	0	288	10	0.471	0.824	660.379	2.960	0
1347	67	291	41	0.727	0.831	660.866	3.002	0	282	6	0.472	0.824	661.163	2.964	0
1367	68	286	29	0.727	0.831	660.866	3.059	0	290	13	0.472	0.824	661.163	2.974	0
1386	69	289	37	0.728	0.831	660.866	3.072	0	280	30	0.472	0.823	661.163	3.008	0
1406	70	266	36	0.728	0.831	660.866	2.993	0	265	24	0.473	0.823	661.163	2.965	0
1426	71	112	20	0.730	0.831	660.866	3.004	0	92	11	0.475	0.824	661.163	3.055	0
1446	72	97	38	0.731	0.831	656.413	2.994	0	71	18	0.476	0.824	658.413	3.044	0
1466	73	49	43	0.732	0.831	656.413	3.106	0	52	13	0.476	0.824	658.413	2.974	0
1486	74	55	41	0.732	0.831	656.413	3.066	0	39	22	0.477	0.824	658.413	3.029	0
1506	75	61	46	0.732	0.831	656.413	3.045	0	48	29	0.477	0.823	658.413	2.977	0
1526	76	57	50	0.733	0.831	656.413	3.044	0	51	37	0.478	0.823	658.413	3.028	0
1546	77	57	43	0.733	0.831	658.671	3.054	0	47	44	0.478	0.823	658.189	3.010	0
1566	78	55	30	0.734	0.831	658.671	3.080	0	46	36	0.479	0.823	658.189	2.989	0
1586	79	58	47	0.734	0.831	658.671	3.075	0	58	41	0.479	0.823	658.189	3.056	0
1606	80	53	24	0.735	0.831	658.671	3.014	0	53	36	0.480	0.823	658.189	3.004	0
1626	81	62	27	0.735	0.830	658.671	3.073	0	58	23	0.480	0.823	658.189	3.030	0
1646	82	60	28	0.736	0.830	659.079	3.055	0	62	26	0.481	0.823	657.208	3.000	0
1666	83	20	19	0.737	0.830	659.079	3.005	0	8	30	0.482	0.822	657.208	3.022	0
1686	84	20	28	0.737	0.831	659.079	3.076	0	8	42	0.482	0.822	657.208	3.006	0
1705	85	12	22	0.738	0.831	659.079	3.071	0	-4	25	0.482	0.822	657.208	3.045	0
1725	86	18	23	0.738	0.831	659.079	3.111	0	15	39	0.483	0.822	657.208	3.021	0
1745	87	16	25	0.738	0.831	658.621	3.119	0	10	29	0.483	0.822	658.269	3.028	0
1765	88	11	43	0.739	0.831	658.621	3.121	0	-8	24	0.483	0.822	658.269	3.040	0
1785	89	19	36	0.739	0.831	658.621	3.181	0	4	24	0.483	0.822	658.269	3.064	0
1805	90	8	33	0.739	0.831	658.621	3.110	0	1	23	0.484	0.822	658.269	3.102	0
1825	91	6	40	0.739	0.831	658.621	3.200	0	5	56	0.484	0.822	658.269	3.119	0
1845	92	8	36	0.739	0.831	658.350	3.181	0	6	59	0.484	0.822	658.114	3.135	0
1865	93	0	35	0.739	0.831	658.350	3.216	0	-5	34	0.484	0.822	658.114	3.122	0
1885	94	26	39	0.738	0.830	658.350	3.302	0	49	42	0.483	0.822	658.114	3.089	0
1905	95	187	46	0.736	0.830	658.350	3.265	0	189	33	0.481	0.822	658.114	3.123	0
1925	96	193	51	0.736	0.830	658.350	3.242	0	199	44	0.481	0.822	658.114	3.226	0
1945	97	199	40	0.736	0.830	661.034	3.291	0	214	29	0.481	0.822	660.290	3.237	0
1965	98	196	41	0.736	0.829	661.034	3.297	0	202	39	0.480	0.821	660.290	3.168	0
1985	99	203	46	0.735	0.829	661.034	3.345	0	212	27	0.480	0.821	660.290	3.194	0
2004	100	222	35	0.735	0.829	661.034	3.277	0	210	34	0.480	0.821	660.290	3.246	0
2024	101	202	42	0.735	0.829	661.034	3.294	0	213	36	0.480	0.822	660.290	3.200	0
2044	102	207	40	0.734	0.829	661.429	3.303	0	213	38	0.479	0.822	659.911	3.218	0
2064	103	303	51	0.733	0.829	661.429	3.339	0	308	46	0.478	0.822	659.911	3.222	0
2084	104	294	55	0.733	0.829	661.429	3.415	0	291	58	0.478	0.821	659.911	3.238	0
2104	105	292	60	0.733	0.829	661.429	3.246	0	303	35	0.477	0.821	659.911	3.238	0
2124	106	286	75	0.732	0.829	661.429	3.348	0	299	57	0.477	0.821	659.911	3.268	0
2144	107	285	83	0.732	0.829	660.622	3.340	0	290	47	0.477	0.822	660.061	3.279	0
2164	108	304	63	0.732	0.829	660.622	3.324	0	296	32	0.477	0.822	660.061	3.231	0
2184	109	290	60	0.732	0.829	660.622	3.332	0	298	36	0.477	0.822	660.061	3.270	0
2204	110	297	54	0.732	0.829	660.622	3.272	0	304	29	0.476	0.822	660.061	3.220	0
2224	111	283	65	0.731	0.829	660.622	3.311	0	296	45	0.476	0.822	660.061	3.236	0
2244	112	284	65	0.731	0.829	659.866	3.295	0	297	43	0.476	0.822	660.910	3.248	0
2264	113	300	66	0.731	0.829	659.866	3.303	0	293	37	0.475	0.822	660.910	3.240	0
2284	114	284	71	0.730	0.829	659.866	3.266	0	296	31	0.475	0.822	660.910	3.279	0
2304	115	304	45	0.730	0.829	659.866	3.197	0	291	39	0.475	0.822	660.910	3.282	0
2323	116	304	43	0.730	0.829	659.866	3.299	0	300	40	0.474	0.822	660.910	3.265	0
2343	117	304	36	0.730	0.829	661.587	3.272	0	299	39	0.474	0.822	661.262	3.263	0
2363	118	295	48	0.729	0.829	661.587	3.221	0	302	36	0.474	0.822	661.262	3.211	0
2383	119	217	81	0.730	0.829	661.587	3.314	0	225	65	0.474	0.822	661.262	3.241	0
2403	120	177	61	0.730	0.830	661.587	3.214	0	174	91	0.475	0.822	661.262	3.231	0
2423	121	175	76	0.730	0.830	661.587	3.272	0	187	79	0.475	0.822	661.262	3.188	0
2443	122	172	73	0.730	0.830	660.187	3.291	0	201	101	0.475	0.823	659.842	3.191	0
2463	123	180	71	0.730	0.830	660.187	3.230	0	186	80	0.475	0.822	659.842	3.168	0
2483	124	187	74	0.730	0.830	660.187	3.300	0	183	60	0.475	0.823	659.842	3.178	0
2503	125	178	78	0.730	0.830	660.187	3.254	0	183	84	0.475	0.823	659.842	3.218	0
2523	126	184	87	0.730	0.830	660.187	3.265	0	184	84	0.475	0.823	659.842	3.209	0
2543	127	184	90	0.730	0.830	660.429	3.277	0	180	78	0.475	0.823	661.702	3.209	0
2563	128	165	89	0.730	0.830	660.429	3.339	0	187	76	0.475	0.823	661.702	3.179	0
2583	129	179	81	0.730	0.830	660.429	3.237	0	182	74	0.475	0.823	661.702	3.245	0
2603	130	168	99	0.730	0.830	660.429	3.261	0	190	81	0.475	0.823	661.702	3.195	0
2623	131	179	93	0.730	0.830	660.429	3.262	0	177	80	0.475	0.823	661.702	3.262	0
2642	132	176	91	0.730	0.830	660.995	3.266	0	181	85	0.475	0.823	660.809	3.247	0
2662	133	160	62	0.730	0.830	660.995	3.285	0	175	76	0.475	0.822	660.809	3.199	0
2682	134	175	69	0.730	0.830	660.995	3.206	0	179	74	0.475	0.822	660.809	3.258	0
2702	135	174	81	0.730	0.829	660.995	3.234	0	178	77	0.475	0.822	660.809	3.250	0
2722	136	160	119	0.730	0.830	660.995	3.249	0	166	112	0.475	0.823	660.809	3.216	0
2742	137	166	127	0.730	0.830	661.616	3.216	0	164	104	0.475	0.823	664.032	3.261	0
2762	138	162	128	0.730	0.830	661.616	3.341	0	163	106	0.475	0.823	664.032	3.222	0
2782	139	169	124	0.730	0.830	661.616	3.305	0	157	125	0.474	0.823	664.032	3.224	0
2802	140	166	144	0.730	0.830	661.616	3.426	0	169	120	0.474	0.823	664.032	3.306	0
2822	141	163	140	0.730	0.830	661.616	3.436	0	170	116	0.474	0.823	664.032	3.250	0
2842	142	167	141	0.730	0.830	660.096	3.438	0	172	128	0.475	0.823	663.157	3.270	0
2862	143	166	125	0.730	0.830	660.096	3.367	0	169	132	0.475	0.823	663.157	3.226	0
2882	144	-1280	-1024	-1.000	-1.000	-1.000	-1.000	4	-1280	-1024	-1.000	-1.000	-1.000	-1.000	4
2902	145	-1280	-1024	-1.000	-1.000	-1.000	-1.000	4	-1280	-1024	-1.000	-1.000	-1.000	-1.000	4
2922	146	-1280	-1024	-1.000	-1.000	-1.000	-1.000	4	-1280	-1024	-1.000	-1.000	-1.000	-1.000	4
2942	147	-1280	-1024	-1.000	-1.000	-1.000	-1.000	4	-1280	-1024	-1.000	-1.000	-1.000	-1.000	4
2962	148	-1280	-1024	-1.000	-1.000	-1.000	-1.000	4	-1280	-1024	-1.000	-1.000	-1.000	-1.000	4
2981	149	-1280	-1024	-1.000	-1.000	-1.000	-1.000	4	-1280	-1024	-1.000	-1.000	-1.000	-1.000	4
3001	150	-1280	-1024	-1.000	-1.000	-1.000	-1.000	4	-1280	-1024	-1.000	-1.000	-1.000	-1.000	4
3021	151	-1280	-1024	-1.000	-1.000	-1.000	-1.000	4	-1280	-1024	-1.000	-1.000	-1.000	-1.000	4
3041	152	-1280	-1024	-1.000	-1.000	-1.000	-1.000	4	-1280	-1024	-1.000	-1.000	-1.000	-1.000	4
3061	153	-1280	-1024	-1.000	-1.000	-1.000	-1.000	4	-1280	-1024	-1.000	-1.000	-1.000	-1.000	4
3081	154	-1280	-1024	-1.000	-1.000	-1.000	-1.000	4	-1280	-1024	-1.000	-1.000	-1.000	-1.000	4
3101	155	-1280	-1024	-1.000	-1.000	-1.000	-1.000	4	-1280	-1024	-1.000	-1.000	-1.000	-1.000	4
3121	156	-1280	-1024	-1.000	-1.000	-1.000	-1.000	4	-1280	-1024	-1.000	-1.000	-1.000	-1.000	4
3141	157	457	854	0.729	0.836	660.096	3.408	0	-1280	-1024	0.729	0.836	-1.000	-1.000	4
3161	158	-1280	-1024	-1.000	-1.000	-1.000	-1.000	4	-1280	-1024	-1.000	-1.000	-1.000	-1.000	4
3181	159	-1280	-1024	0.730	0.836	-1.000	-1.000	4	-1280	-1024	0.473	0.828	-1.000	-1.000	4
3201	160	452	746	0.730	0.836	661.527	3.502	0	450	764	0.473	0.828	665.881	3.473	0
3221	161	442	747	0.730	0.836	661.527	3.605	0	449	760	0.473	0.828	665.881	3.435	0
3241	162	446	751	0.730	0.836	661.527	3.568	0	440	766	0.473	0.828	665.881	3.450	0
3261	163	381	712	0.731	0.836	661.527	3.579	0	392	705	0.474	0.828	665.881	3.444	0
3280	164	361	712	0.731	0.836	660.617	3.586	0	373	704	0.474	0.828	662.577	3.435	0
3300	165	370	681	0.732	0.836	660.617	3.516	0	356	704	0.475	0.828	662.577	3.473	0
3320	166	373	679	0.731	0.836	660.617	3.519	0	359	682	0.474	0.828	662.577	3.491	0
3340	167	375	672	0.731	0.836	660.617	3.410	0	376	707	0.474	0.828	662.577	3.476	0
3360	168	375	685	0.731	0.836	660.617	3.482	0	362	691	0.474	0.829	662.577	3.516	0
3380	169	376	687	0.731	0.836	657.409	3.451	0	369	671	0.474	0.829	672.394	3.571	0
3400	170	377	666	0.731	0.836	657.409	3.529	0	357	674	0.474	0.829	672.394	3.585	0
3420	171	335	682	0.731	0.836	657.409	3.493	0	333	706	0.474	0.829	672.394	3.547	0
3440	172	323	680	0.731	0.836	657.409	3.575	0	317	665	0.475	0.829	672.394	3.542	0
3460	173	324	695	0.731	0.836	657.409	3.508	0	319	708	0.474	0.829	672.394	3.535	0
3480	174	324	696	0.731	0.836	659.585	3.551	0	323	706	0.474	0.829	664.386	3.488	0
3500	175	312	685	0.731	0.836	659.585	3.408	0	314	668	0.474	0.829	664.386	3.385	0
3520	176	329	689	0.731	0.836	659.585	3.374	0	300	679	0.474	0.829	664.386	3.358	0
3540	177	317	684	0.731	0.836	659.585	3.375	0	306	668	0.474	0.829	664.386	3.312	0
3560	178	315	680	0.730	0.836	659.585	3.303	0	305	670	0.474	0.829	664.386	3.382	0
3579	179	312	679	0.730	0.836	660.156	3.280	0	302	668	0.473	0.829	667.403	3.371	0
3599	180	299	667	0.730	0.836	660.156	3.430	0	303	701	0.474	0.829	667.403	3.339	0
3619	181	227	840	0.730	0.838	660.156	3.274	0	205	864	0.475	0.831	667.403	3.245	0
3639	182	130	998	0.731	0.839	660.156	3.261	0	91	1020	0.476	0.833	667.403	3.199	0
3659	183	86	1035	0.732	0.840	660.156	3.198	0	60	1048	0.476	0.833	667.403	3.192	0
3679	184	27	1069	0.732	0.840	675.035	3.244	0	23	1075	0.476	0.833	672.872	3.210	0
3699	185	96	1045	0.732	0.840	675.035	3.293	0	68	1071	0.476	0.833	672.872	3.222	0
3719	186	97	1033	0.732	0.840	675.035	3.272	0	66	1054	0.476	0.834	672.872	3.274	0
3739	187	79	1035	0.732	0.840	675.035	3.184	0	39	1039	0.476	0.834	672.872	3.117	0
3759	188	78	1031	0.732	0.840	675.035	3.186	0	54	1042	0.476	0.834	672.872	3.151	0
3779	189	78	1031	0.732	0.841	673.002	3.180	0	43	1046	0.475	0.834	670.756	3.122	0
3799	190	63	1001	0.732	0.840	673.002	3.133	0	63	1046	0.475	0.834	670.756	3.188	0
3819	191	69	1007	0.732	0.840	673.002	3.086	0	37	1037	0.475	0.834	670.756	3.081	0
3839	192	144	915	0.731	0.839	673.002	3.109	0	115	919	0.475	0.833	670.756	3.065	0
3859	193	274	701	0.729	0.837	659.775	3.124	0	245	724	0.474	0.830	670.756	3.087	0
3879	194	309	661	0.729	0.837	657.434	3.100	0	270	670	0.473	0.830	667.141	3.068	0
3899	195	320	683	0.729	0.837	657.434	3.152	0	314	687	0.473	0.830	667.141	3.161	0
3918	196	326	656	0.729	0.837	657.434	3.096	0	297	650	0.473	0.830	667.141	3.121	0
3938	197	305	688	0.729	0.837	657.434	3.150	0	308	668	0.473	0.830	667.141	3.055	0
3958	198	309	689	0.729	0.837	657.434	3.130	0	302	677	0.473	0.830	667.141	3.104	0
3978	199	314	690	0.729	0.837	657.213	3.112	0	308	664	0.473	0.830	666.806	3.075	0
3998	200	325	662	0.730	0.837	657.213	3.128	0	303	669	0.473	0.830	666.806	3.124	0
4018	201	365	665	0.729	0.837	657.213	3.200	0	391	659	0.472	0.830	666.806	3.147	0
4038	202	624	653	0.726	0.837	657.213	3.213	0	634	629	0.470	0.830	666.806	3.141	0
4058	203	845	692	0.723	0.837	657.213	3.136	0	875	668	0.467	0.831	666.806	3.093	0
4078	204	983	677	0.721	0.838	665.540	3.215	0	1001	664	0.465	0.831	657.077	3.056	0
4098	205	1070	688	0.721	0.838	665.540	3.235	0	1085	676	0.465	0.831	657.077	3.100	0
4118	206	1078	679	0.720	0.838	665.540	3.206	0	1081	678	0.464	0.831	657.077	2.986	0
4138	207	1078	695	0.720	0.838	665.540	3.229	0	1092	686	0.464	0.831	657.077	2.986	0
4158	208	1074	686	0.720	0.838	665.540	3.198	0	1090	638	0.464	0.831	657.077	2.994	0
4178	209	1067	691	0.720	0.838	662.173	3.186	0	1091	636	0.464	0.832	658.564	3.004	0
4198	210	1100	670	0.720	0.838	662.173	3.137	0	1081	665	0.463	0.832	658.564	2.991	0
4217	211	1074	675	0.720	0.838	662.173	3.162	0	1074	677	0.464	0.832	658.564	3.060	0
4237	212	1072	675	0.720	0.838	662.173	3.202	0	-1280	-1024	0.720	0.838	-1.000	-1.000	4
4257	213	1195	818	0.718	0.839	662.173	3.221	0	1178	811	0.463	0.833	658.564	3.070	0
4277	214	1213	831	0.717	0.841	664.114	3.248	0	1176	813	0.463	0.834	657.286	3.064	0
4297	215	1222	982	0.718	0.841	664.114	3.241	0	1262	960	0.462	0.834	657.286	3.036	0
4317	216	1235	982	0.718	0.841	664.114	3.186	0	1246	979	0.462	0.834	657.286	2.995	0
4337	217	1235	974	0.718	0.841	664.114	3.162	0	1260	970	0.462	0.834	657.286	3.005	0
4357	218	1248	977	0.717	0.841	664.114	3.138	0	1262	974	0.462	0.835	657.286	2.969	0
4377	219	1251	975	0.718	0.841	664.007	3.113	0	1249	974	0.462	0.835	652.859	2.944	0
4397	220	1234	982	0.717	0.841	664.007	3.156	0	1258	969	0.462	0.835	652.859	3.050	0
4417	221	1227	999	0.718	0.841	664.007	3.158	0	1260	964	0.462	0.835	652.859	3.039	0
4437	222	1245	984	0.718	0.841	664.007	3.115	0	1263	962	0.462	0.835	652.859	2.994	0
4457	223	1245	1002	0.718	0.842	664.007	3.156	0	1240	977	0.462	0.835	652.859	3.031	0
4477	224	1249	998	0.718	0.842	665.213	3.152	0	1234	976	0.462	0.835	649.626	2.999	0
4497	225	1235	995	0.718	0.842	665.213	3.135	0	1236	974	0.462	0.835	649.626	2.960	0
4517	226	1237	995	0.718	0.842	665.213	3.117	0	1254	953	0.462	0.835	649.626	3.018	0
4537	227	1247	969	0.718	0.842	665.213	3.118	0	1231	986	0.462	0.835	649.626	3.023	0
4556	228	1269	968	0.718	0.842	665.213	3.121	0	1257	976	0.462	0.835	649.626	3.049	0
4576	229	1267	969	0.719	0.842	662.022	3.107	0	1244	976	0.462	0.835	647.540	3.051	0
4596	230	1260	982	0.719	0.842	662.022	3.059	0	1263	956	0.462	0.835	647.540	3.065	0
4616	231	1238	992	0.719	0.842	662.022	3.142	0	1240	965	0.462	0.835	647.540	3.013	0
4636	232	1256	971	0.719	0.842	662.022	3.105	0	1248	960	0.463	0.835	647.540	3.037	0
4656	233	1220	1008	0.719	0.842	662.022	3.197	0	1236	973	0.463	0.835	647.540	3.004	0
4676	234	1263	999	0.719	0.842	677.675	3.277	0	1232	976	0.463	0.835	644.602	2.996	0
4696	235	1279	976	0.719	0.841	677.675	3.254	0	1229	977	0.463	0.835	644.602	2.986	0
4716	236	1279	968	0.719	0.841	677.675	3.155	0	1226	978	0.463	0.835	644.602	3.044	0
4736	237	1290	965	0.719	0.841	677.675	3.157	0	1236	974	0.463	0.835	644.602	3.002	0
4756	238	1286	974	0.719	0.841	677.675	3.177	0	1226	977	0.463	0.835	644.602	3.064	0
4776	239	1256	976	0.719	0.841	665.839	3.130	0	1241	973	0.463	0.835	650.791	3.085	0
4796	240	1253	975	0.719	0.841	665.839	3.128	0	1248	973	0.463	0.835	650.791	3.070	0
4816	241	1255	984	0.719	0.841	665.839	3.171	0	1242	974	0.463	0.835	650.791	3.106	0
4836	242	1236	999	0.719	0.841	665.839	3.242	0	1240	972	0.463	0.835	650.791	3.117	0
4855	243	1250	998	0.719	0.841	665.839	3.157	0	1230	993	0.463	0.835	650.791	3.155	0
4875	244	1272	993	0.719	0.842	675.760	3.223	0	1225	995	0.463	0.835	650.376	3.172	0
4895	245	1261	988	0.719	0.842	675.760	3.237	0	1235	984	0.463	0.835	650.376	3.170	0
4915	246	1253	973	0.719	0.842	675.760	3.282	0	1221	993	0.462	0.835	650.376	3.201	0
4935	247	1262	978	0.719	0.842	675.760	3.305	0	1233	970	0.462	0.835	650.376	3.128	0
4955	248	1151	1072	0.719	0.843	675.760	3.299	0	1134	1052	0.463	0.836	650.376	3.176	0
4975	249	1139	1073	0.720	0.843	675.036	3.290	0	1132	1054	0.463	0.836	658.161	3.211	0
4995	250	1140	1069	0.719	0.843	675.036	3.258	0	1113	1085	0.463	0.836	658.161	3.276	0
5015	251	1127	1091	0.719	0.843	675.036	3.326	0	1100	1091	0.463	0.836	658.161	3.276	0
5035	252	1126	1096	0.719	0.842	675.036	3.377	0	1103	1096	0.462	0.836	658.161	3.299	0
5055	253	1119	1098	0.718	0.842	675.036	3.369	0	1099	1095	0.462	0.836	658.161	3.292	0
5075	254	1113	1101	0.718	0.842	674.695	3.360	0	1097	1095	0.461	0.836	656.187	3.289	0
5095	255	1117	1102	0.717	0.842	674.695	3.398	0	1096	1086	0.461	0.836	656.944	3.328	0
5115	256	1107	1080	0.717	0.842	674.695	3.485	0	1087	1113	0.460	0.836	657.168	3.408	0
5135	257	1074	1095	0.716	0.842	674.695	3.529	0	1093	1096	0.460	0.836	657.175	3.407	0
5155	258	1109	1107	0.716	0.842	674.695	3.396	0	1082	1115	0.459	0.836	657.180	3.357	0
5174	259	1097	1101	0.716	0.842	672.128	3.437	0	1084	1109	0.459	0.836	657.185	3.398	0
5195	260	1102	1100	0.715	0.842	672.128	3.476	0	-1280	-1024	0.715	0.842	-1.000	-1.000	4
5214	261	1094	1104	0.715	0.842	672.128	3.442	0	1085	1111	0.458	0.836	657.186	3.422	0
5234	262	1165	1072	0.714	0.842	672.128	3.492	0	1167	1082	0.457	0.836	657.190	3.410	0
5254	263	1256	1056	0.713	0.841	672.128	3.535	0	-1280	-1024	0.713	0.841	-1.000	-1.000	4
5274	264	-1280	-1024	-1.000	-1.000	-1.000	-1.000	4	-1280	-1024	-1.000	-1.000	-1.000	-1.000	4
5294	265	1271	1057	0.712	0.841	672.128	3.523	0	-1280	-1024	0.712	0.841	-1.000	-1.000	4
5314	266	1260	1050	0.712	0.841	672.128	3.484	0	1247	1055	0.455	0.836	656.907	3.440	0
5334	267	1280	1047	0.712	0.841	678.753	3.508	0	1294	1044	0.455	0.836	683.237	3.575	0
5354	268	1266	1052	0.711	0.841	678.753	3.632	0	1311	1030	0.455	0.836	683.237	3.631	0
5374	269	1289	1079	0.711	0.841	678.753	3.545	0	1284	1055	0.455	0.836	668.116	3.495	0
5394	270	1310	1028	0.711	0.840	678.753	3.569	0	-1280	-1024	0.711	0.840	-1.000	-1.000	4
5414	271	-1280	-1024	-1.000	-1.000	-1.000	-1.000	4	-1280	-1024	-1.000	-1.000	-1.000	-1.000	4
5434	272	-1280	-1024	-1.000	-1.000	-1.000	-1.000	4	-1280	-1024	-1.000	-1.000	-1.000	-1.000	4
5454	273	-1280	-1024	-1.000	-1.000	-1.000	-1.000	4	-1280	-1024	-1.000	-1.000	-1.000	-1.000	4
5474	274	-1280	-1024	-1.000	-1.000	-1.000	-1.000	4	-1280	-1024	-1.000	-1.000	-1.000	-1.000	4
5493	275	-1280	-1024	-1.000	-1.000	-1.000	-1.000	4	-1280	-1024	-1.000	-1.000	-1.000	-1.000	4
5514	276	-1280	-1024	-1.000	-1.000	-1.000	-1.000	4	-1280	-1024	-1.000	-1.000	-1.000	-1.000	4
5533	277	-1280	-1024	-1.000	-1.000	-1.000	-1.000	4	-1280	-1024	-1.000	-1.000	-1.000	-1.000	4
5553	278	-1280	-1024	0.710	0.831	-1.000	-1.000	4	-1280	-1024	0.710	0.831	-1.000	-1.000	4
5573	279	1124	219	0.710	0.832	660.999	3.525	0	1199	297	0.455	0.827	660.999	3.398	0
5593	280	1113	247	0.710	0.832	660.999	3.551	0	1200	195	0.455	0.827	660.999	3.628	0
5613	281	1128	208	0.710	0.833	660.999	3.539	0	1177	216	0.455	0.828	660.999	3.506	0
5633	282	1141	229	0.710	0.833	660.999	3.534	0	1178	216	0.455	0.828	660.999	3.667	0
5653	283	1153	232	0.710	0.833	661.175	3.546	0	1184	219	0.454	0.828	659.576	3.631	0
5673	284	1124	229	0.710	0.833	661.175	3.496	0	1173	200	0.454	0.828	659.576	3.590	0
5693	285	1128	220	0.710	0.833	661.175	3.516	0	1170	200	0.454	0.828	659.576	3.580	0
5713	286	1131	216	0.710	0.833	661.175	3.532	0	1186	221	0.454	0.828	659.576	3.569	0
5733	287	1137	224	0.710	0.833	661.175	3.560	0	1177	209	0.454	0.828	659.576	3.636	0
5753	288	1139	221	0.710	0.833	660.239	3.574	0	1178	218	0.454	0.828	658.547	3.626	0
5773	289	1147	221	0.709	0.833	660.239	3.531	0	1170	235	0.454	0.828	658.547	3.582	0
5793	290	1140	211	0.709	0.833	660.239	3.505	0	1168	215	0.454	0.828	658.547	3.598	0
5813	291	1128	226	0.709	0.833	660.239	3.532	0	1185	222	0.453	0.828	658.547	3.645	0
5833	292	1151	225	0.709	0.833	660.239	3.511	0	1173	224	0.453	0.828	658.547	3.630	0
5852	293	1148	221	0.708	0.833	661.273	3.527	0	1172	228	0.453	0.829	657.139	3.608	0
5872	294	1138	223	0.708	0.833	661.273	3.580	0	1187	222	0.453	0.829	657.139	3.584	0
5892	295	1152	220	0.708	0.833	661.273	3.552	0	1168	221	0.452	0.829	657.139	3.594	0
5912	296	1140	225	0.708	0.833	661.273	3.518	0	1157	228	0.452	0.829	657.139	3.565	0
5932	297	1140	222	0.708	0.833	661.273	3.496	0	1169	221	0.452	0.829	657.139	3.557	0
5952	298	1140	224	0.708	0.833	660.765	3.472	0	1166	222	0.452	0.829	657.139	3.549	0
5972	299	1067	189	0.708	0.832	660.765	3.495	0	1096	191	0.453	0.829	657.139	3.517	0
5992	300	1042	172	0.709	0.832	660.765	3.500	0	1068	186	0.453	0.828	657.139	3.500	0
6012	301	1049	180	0.709	0.832	660.765	3.428	0	1074	193	0.453	0.828	657.139	3.439	0
6032	302	1054	165	0.709	0.832	660.765	3.340	0	1066	179	0.453	0.828	657.139	3.444	0
6052	303	1058	167	0.709	0.832	660.530	3.311	0	1070	176	0.453	0.828	658.582	3.457	0
6072	304	1055	168	0.709	0.832	660.530	3.435	0	1067	177	0.453	0.828	658.582	3.469	0
6092	305	1055	167	0.709	0.832	660.530	3.326	0	1072	174	0.453	0.828	658.582	3.386	0
6112	306	1055	176	0.709	0.832	660.530	3.332	0	1082	170	0.453	0.828	658.582	3.391	0
6132	307	1056	179	0.709	0.832	660.530	3.325	0	1079	171	0.453	0.828	658.582	3.370	0
6151	308	1056	182	0.709	0.832	660.506	3.326	0	1078	166	0.453	0.828	660.210	3.374	0
6171	309	1057	165	0.709	0.832	660.506	3.309	0	1072	171	0.453	0.828	660.210	3.321	0
6191	310	939	154	0.710	0.832	660.506	3.230	0	983	158	0.454	0.828	660.210	3.337	0
6211	311	956	156	0.710	0.832	660.506	3.289	0	979	151	0.454	0.828	660.210	3.321	0
6231	312	945	135	0.710	0.832	660.506	3.269	0	983	146	0.454	0.828	660.210	3.315	0
6251	313	957	126	0.710	0.832	661.497	3.245	0	982	143	0.454	0.828	660.125	3.318	0
6271	314	950	129	0.710	0.831	661.497	3.281	0	986	143	0.454	0.828	660.125	3.299	0
6291	315	965	131	0.710	0.831	661.497	3.272	0	979	143	0.454	0.828	660.125	3.283	0
6311	316	959	130	0.710	0.831	661.497	3.249	0	983	135	0.454	0.827	660.125	3.253	0
6331	317	948	138	0.710	0.831	661.497	3.281	0	972	130	0.454	0.828	660.125	3.292	0
6351	318	952	135	0.710	0.832	662.420	3.275	0	970	128	0.455	0.828	659.628	3.274	0
6371	319	952	127	0.710	0.832	662.420	3.312	0	980	145	0.455	0.828	659.628	3.207	0
6391	320	946	130	0.710	0.832	662.420	3.269	0	981	146	0.454	0.828	659.628	3.266	0
6411	321	1045	135	0.709	0.832	662.420	3.272	0	1070	133	0.454	0.828	659.628	3.314	0
6431	322	1127	114	0.708	0.832	662.420	3.238	0	1140	123	0.453	0.828	659.628	3.279	0
6451	323	1161	129	0.708	0.832	657.649	3.205	0	1169	132	0.453	0.829	655.184	3.278	0
6470	324	1120	125	0.708	0.832	657.649	3.187	0	1121	126	0.452	0.829	655.184	3.220	0
6490	325	1116	121	0.708	0.832	657.649	3.206	0	1122	136	0.452	0.829	655.184	3.254	0
6510	326	1117	119	0.708	0.832	657.649	3.250	0	1129	147	0.452	0.829	655.184	3.251	0
6530	327	1119	129	0.708	0.832	657.649	3.305	0	1136	135	0.452	0.829	655.184	3.292	0
6550	328	1119	127	0.708	0.832	657.315	3.333	0	1141	136	0.452	0.829	655.841	3.308	0
6570	329	1120	130	0.707	0.832	657.315	3.239	0	1125	126	0.452	0.829	655.841	3.216	0
6590	330	1110	150	0.707	0.832	657.315	3.244	0	1132	136	0.452	0.829	655.841	3.224	0
6610	331	1111	145	0.707	0.832	657.315	3.290	0	1130	139	0.451	0.829	655.841	3.233	0
6630	332	1100	142	0.707	0.832	657.315	3.261	0	1135	124	0.451	0.829	655.841	3.265	0
6650	333	1101	145	0.707	0.832	659.376	3.287	0	1136	129	0.451	0.829	656.313	3.278	0
6670	334	927	173	0.708	0.832	659.376	3.337	0	966	164	0.453	0.829	656.313	3.247	0
6690	335	856	179	0.709	0.832	659.376	3.256	0	874	176	0.454	0.829	656.313	3.304	0
6710	336	869	169	0.709	0.832	659.376	3.266	0	876	180	0.454	0.829	656.313	3.327	0
6730	337	863	157	0.710	0.832	659.376	3.272	0	868	186	0.454	0.829	656.313	3.306	0
6750	338	869	149	0.710	0.832	660.668	3.285	0	869	177	0.454	0.829	660.813	3.338	0
6770	339	849	152	0.710	0.832	660.668	3.338	0	873	173	0.454	0.829	660.813	3.220	0
6789	340	856	148	0.710	0.832	660.668	3.329	0	862	168	0.454	0.829	660.813	3.358	0
6809	341	854	168	0.710	0.832	660.668	3.296	0	867	165	0.454	0.829	660.813	3.379	0
6829	342	854	170	0.710	0.832	660.668	3.298	0	866	167	0.454	0.829	660.813	3.335	0
6849	343	853	176	0.711	0.833	659.289	3.294	0	864	170	0.455	0.829	659.239	3.326	0
6869	344	697	343	0.712	0.834	659.289	3.350	0	694	354	0.456	0.831	659.239	3.370	0
6889	345	644	494	0.712	0.835	659.289	3.344	0	632	512	0.457	0.832	659.239	3.361	0
6909	346	637	561	0.713	0.835	659.289	3.429	0	627	597	0.457	0.832	659.239	3.354	0
6929	347	622	562	0.713	0.835	659.289	3.409	0	623	588	0.457	0.832	659.239	3.414	0
6949	348	609	563	0.713	0.835	658.859	3.387	0	621	589	0.457	0.832	653.498	3.382	0
6969	349	-1280	-1024	0.457	0.832	-1.000	-1.000	4	627	587	0.457	0.832	653.498	3.394	0
6989	350	616	611	0.714	0.836	658.859	3.426	0	629	607	0.457	0.832	653.498	3.428	0
7009	351	-1280	-1024	-1.000	-1.000	-1.000	-1.000	4	-1280	-1024	-1.000	-1.000	-1.000	-1.000	4
7029	352	-1280	-1024	-1.000	-1.000	-1.000	-1.000	4	-1280	-1024	-1.000	-1.000	-1.000	-1.000	4
7049	353	-1280	-1024	-1.000	-1.000	-1.000	-1.000	4	-1280	-1024	-1.000	-1.000	-1.000	-1.000	4
7069	354	-1280	-1024	-1.000	-1.000	-1.000	-1.000	4	-1280	-1024	-1.000	-1.000	-1.000	-1.000	4
7089	355	-1280	-1024	-1.000	-1.000	-1.000	-1.000	4	-1280	-1024	-1.000	-1.000	-1.000	-1.000	4
7108	356	-1280	-1024	-1.000	-1.000	-1.000	-1.000	4	-1280	-1024	-1.000	-1.000	-1.000	-1.000	4
7128	357	-1280	-1024	-1.000	-1.000	-1.000	-1.000	4	-1280	-1024	-1.000	-1.000	-1.000	-1.000	4
7148	358	-1280	-1024	-1.000	-1.000	-1.000	-1.000	4	-1280	-1024	-1.000	-1.000	-1.000	-1.000	4
7168	359	-1280	-1024	-1.000	-1.000	-1.000	-1.000	4	-1280	-1024	-1.000	-1.000	-1.000	-1.000	4
7188	360	-1280	-1024	-1.000	-1.000	-1.000	-1.000	4	-1280	-1024	-1.000	-1.000	-1.000	-1.000	4
7208	361	-1280	-1024	-1.000	-1.000	-1.000	-1.000	4	-1280	-1024	-1.000	-1.000	-1.000	-1.000	4
7228	362	-1280	-1024	-1.000	-1.000	-1.000	-1.000	4	-1280	-1024	-1.000	-1.000	-1.000	-1.000	4
7248	363	1031	815	0.712	0.838	658.859	3.726	0	-1280	-1024	0.712	0.838	-1.000	-1.000	4
7268	364	1023	745	0.712	0.838	658.859	3.371	0	-1280	-1024	0.712	0.838	-1.000	-1.000	4
7288	365	1035	738	0.712	0.838	664.733	3.400	0	-1280	-1024	0.455	0.835	-1.000	-1.000	4
7308	366	1060	674	0.712	0.838	664.733	3.968	0	-1280	-1024	0.712	0.838	-1.000	-1.000	4
7328	367	1033	713	0.712	0.838	664.733	3.548	0	1052	740	0.455	0.835	663.561	3.458	0
7348	368	1035	701	0.712	0.838	664.733	3.532	0	1051	720	0.455	0.835	663.561	3.400	0
7368	369	1032	726	0.712	0.838	664.733	3.540	0	1049	729	0.455	0.835	663.561	3.351	0
7388	370	1033	724	0.712	0.838	666.593	3.542	0	1045	727	0.456	0.835	657.679	3.273	0
7408	371	1054	711	0.712	0.838	666.593	3.448	0	1051	734	0.455	0.835	657.679	3.450	0
7427	372	989	704	0.712	0.838	666.593	3.612	0	1013	718	0.456	0.835	657.679	3.470	0
7447	373	967	680	0.713	0.838	666.593	3.476	0	962	725	0.456	0.835	657.679	3.475	0
7467	374	944	714	0.713	0.838	666.593	3.670	0	958	708	0.456	0.835	657.679	3.510	0
7487	375	921	705	0.713	0.838	665.391	3.637	0	955	701	0.456	0.835	661.071	3.542	0
7507	376	948	697	0.712	0.838	665.391	3.491	0	968	698	0.456	0.835	661.071	3.393	0
7527	377	956	685	0.713	0.838	665.391	3.500	0	974	709	0.456	0.835	661.071	3.447	0
7547	378	955	671	0.713	0.838	665.391	3.518	0	974	694	0.456	0.834	661.071	3.453	0
7567	379	960	700	0.713	0.838	665.391	3.427	0	976	708	0.456	0.834	661.071	3.400	0
7587	380	961	689	0.713	0.838	666.612	3.438	0	977	702	0.457	0.834	661.496	3.431	0
7607	381	961	700	0.713	0.838	666.612	3.410	0	979	691	0.456	0.834	661.496	3.404	0
7627	382	960	700	0.713	0.838	666.612	3.467	0	973	674	0.457	0.834	661.496	3.250	0
7647	383	986	684	0.714	0.838	666.612	3.371	0	977	691	0.457	0.834	661.496	3.363	0
7667	384	1032	666	0.713	0.837	666.612	3.320	0	1047	677	0.456	0.834	661.496	3.381	0
7687	385	1059	659	0.712	0.837	665.841	3.314	0	1063	688	0.456	0.834	658.135	3.314	0
7707	386	1065	661	0.712	0.838	665.841	3.276	0	1075	680	0.456	0.834	658.135	3.286	0
7727	387	1068	672	0.713	0.838	665.841	3.345	0	1083	667	0.456	0.834	658.135	3.192	0
7747	388	1069	685	0.713	0.838	665.841	3.207	0	1077	679	0.456	0.834	658.135	3.178	0
7766	389	1059	668	0.712	0.838	665.841	3.222	0	1071	674	0.456	0.834	658.135	3.158	0
7786	390	1057	671	0.712	0.838	666.619	3.240	0	1085	671	0.456	0.834	657.216	3.138	0
7806	391	1084	647	0.712	0.838	666.619	3.209	0	1084	684	0.456	0.834	657.216	3.184	0
7826	392	1070	667	0.712	0.837	666.619	3.238	0	1078	675	0.456	0.834	657.216	3.216	0
7846	393	1071	660	0.712	0.837	666.619	3.139	0	1082	677	0.456	0.834	657.216	3.160	0
7866	394	1065	666	0.712	0.837	666.619	3.154	0	1077	674	0.456	0.834	657.216	3.172	0
7886	395	1069	666	0.712	0.837	664.439	3.159	0	1078	673	0.456	0.834	657.845	3.175	0
7906	396	1080	652	0.712	0.837	664.439	3.204	0	1077	649	0.456	0.834	657.845	3.091	0
7926	397	-1280	-1024	-1.000	-1.000	-1.000	-1.000	4	-1280	-1024	-1.000	-1.000	-1.000	-1.000	4
7946	398	1083	659	0.712	0.837	664.439	3.183	0	1083	667	0.456	0.834	657.845	3.074	0
7966	399	1075	673	0.712	0.837	664.439	3.126	0	1084	669	0.456	0.834	657.845	3.060	0
7986	400	1094	674	0.712	0.837	666.492	3.119	0	1089	670	0.456	0.834	659.122	3.056	0
8006	401	1024	653	0.713	0.837	666.492	3.056	0	1016	656	0.456	0.834	659.122	3.119	0
8026	402	1009	643	0.713	0.837	666.492	3.073	0	1012	628	0.456	0.834	659.122	3.044	0
8046	403	1000	654	0.713	0.837	666.492	3.119	0	1004	650	0.456	0.834	659.122	3.084	0
8065	404	997	657	0.712	0.837	666.492	3.079	0	1002	646	0.456	0.834	659.122	3.065	0
8085	405	989	657	0.712	0.837	664.894	3.090	0	1002	634	0.455	0.834	660.803	3.093	0
8105	406	991	667	0.712	0.837	664.894	3.139	0	1003	646	0.455	0.834	660.803	3.046	0
8125	407	1008	653	0.711	0.837	664.894	3.080	0	1014	641	0.455	0.834	660.803	3.122	0
8145	408	1003	643	0.711	0.837	664.894	3.106	0	1002	649	0.454	0.834	660.803	3.016	0
8165	409	993	677	0.711	0.837	664.894	3.137	0	1016	639	0.454	0.834	660.803	3.038	0
8185	410	1000	669	0.710	0.837	665.033	3.114	0	1011	643	0.454	0.834	659.879	3.044	0
8205	411	1004	665	0.710	0.837	665.033	3.072	0	1013	643	0.453	0.834	659.879	3.148	0
8225	412	1009	673	0.709	0.837	665.033	3.099	0	1015	644	0.453	0.834	659.879	3.083	0
8245	413	1088	675	0.708	0.837	665.033	3.101	0	1100	661	0.452	0.834	659.879	3.084	0
8265	414	1091	672	0.708	0.837	665.033	3.047	0	1121	641	0.452	0.834	659.879	3.087	0
8285	415	1093	674	0.708	0.837	664.786	3.058	0	1138	652	0.451	0.834	656.963	3.076	0
8305	416	1107	658	0.708	0.837	664.786	3.126	0	1111	669	0.451	0.834	656.963	3.012	0
8325	417	1104	668	0.708	0.837	664.786	3.094	0	1104	660	0.451	0.834	656.963	2.987	0
8345	418	1102	672	0.708	0.837	664.786	3.131	0	1116	665	0.451	0.834	656.963	3.000	0
8364	419	1098	686	0.708	0.837	664.786	3.099	0	1109	658	0.451	0.834	656.963	3.087	0
8384	420	1102	689	0.708	0.837	667.202	3.125	0	1110	658	0.451	0.834	657.426	3.086	0
8404	421	1104	664	0.708	0.837	667.202	3.097	0	1096	667	0.451	0.834	657.426	3.003	0
8424	422	1106	665	0.708	0.836	667.202	3.129	0	1116	654	0.451	0.834	657.426	3.121	0
8444	423	1116	654	0.708	0.837	667.202	3.117	0	1104	689	0.451	0.834	657.426	3.069	0
8464	424	941	648	0.710	0.837	667.202	3.162	0	960	651	0.453	0.834	657.426	3.043	0
8484	425	916	658	0.713	0.837	658.062	3.126	0	952	667	0.456	0.834	652.642	3.071	0
8504	426	447	638	0.715	0.837	658.062	3.016	0	471	663	0.459	0.834	652.642	3.045	0
8524	427	300	668	0.717	0.837	658.062	3.170	0	298	685	0.461	0.834	652.642	3.074	0
8544	428	302	666	0.717	0.837	658.062	3.111	0	303	693	0.461	0.834	652.642	3.100	0
8564	429	288	661	0.717	0.837	658.062	3.157	0	313	724	0.461	0.834	652.642	3.078	0
8584	430	287	657	0.718	0.837	659.050	3.138	0	301	720	0.461	0.834	667.092	3.155	0
8604	431	307	665	0.718	0.837	659.050	3.123	0	270	672	0.461	0.834	667.092	3.154	0
8624	432	291	668	0.718	0.836	659.050	3.235	0	284	681	0.462	0.834	667.092	3.164	0
8644	433	282	647	0.718	0.836	659.050	3.071	0	276	664	0.462	0.834	667.092	3.212	0
8664	434	305	664	0.719	0.837	659.050	3.127	0	276	665	0.462	0.834	667.092	3.126	0
8684	435	307	661	0.719	0.837	659.322	3.144	0	275	664	0.462	0.834	667.859	3.144	0
8703	436	278	631	0.719	0.837	659.322	3.127	0	289	687	0.463	0.834	667.859	3.259	0
8723	437	277	662	0.719	0.837	659.322	3.143	0	259	647	0.462	0.834	667.859	3.163	0
8743	438	290	664	0.719	0.837	659.322	3.134	0	283	680	0.463	0.834	667.859	3.232	0
8763	439	279	681	0.719	0.837	659.322	3.113	0	282	682	0.463	0.834	667.859	3.210	0
8783	440	284	692	0.719	0.837	656.643	3.105	0	280	669	0.462	0.834	668.279	3.178	0
8803	441	284	672	0.719	0.837	656.643	3.091	0	281	694	0.463	0.834	668.279	3.157	0
8823	442	283	652	0.719	0.837	656.643	3.131	0	258	639	0.463	0.834	668.279	3.142	0
8843	443	270	652	0.719	0.837	656.643	3.138	0	266	663	0.462	0.834	668.279	3.115	0
8863	444	269	661	0.719	0.837	656.643	3.025	0	265	656	0.462	0.834	668.279	3.158	0
8883	445	267	649	0.719	0.837	658.087	3.048	0	265	649	0.462	0.834	667.688	3.141	0
8903	446	275	665	0.719	0.837	658.087	3.084	0	268	650	0.462	0.834	667.688	3.144	0
8923	447	287	665	0.719	0.837	658.087	3.111	0	261	640	0.462	0.834	667.688	3.013	0
8943	448	275	665	0.718	0.837	658.087	3.139	0	254	647	0.462	0.834	667.688	3.068	0
8963	449	287	676	0.718	0.837	658.087	3.084	0	260	640	0.461	0.834	667.688	3.116	0
8983	450	284	685	0.717	0.837	652.090	3.077	0	258	644	0.460	0.834	666.627	3.057	0
9002	451	401	616	0.717	0.837	652.090	3.027	0	381	615	0.460	0.834	666.627	3.051	0
9022	452	398	634	0.717	0.837	652.090	2.983	0	390	631	0.460	0.834	666.627	3.067	0
9042	453	394	654	0.717	0.837	652.090	2.980	0	379	625	0.460	0.834	666.627	3.090	0
9062	454	383	675	0.717	0.837	652.090	3.076	0	376	640	0.460	0.834	666.627	3.084	0
9082	455	377	694	0.717	0.837	651.655	3.055	0	373	646	0.460	0.834	663.923	3.065	0
9102	456	405	629	0.717	0.837	651.655	2.964	0	381	630	0.460	0.834	663.923	2.996	0
9122	457	396	660	0.717	0.837	651.655	2.952	0	373	629	0.460	0.834	663.923	2.959	0
9142	458	392	660	0.717	0.837	651.655	3.010	0	389	603	0.460	0.834	663.923	2.983	0
9162	459	396	651	0.717	0.837	651.655	3.005	0	392	632	0.460	0.834	663.923	2.974	0
9182	460	396	632	0.716	0.837	662.084	3.047	0	383	621	0.460	0.835	666.697	2.972	0
9202	461	402	635	0.717	0.837	662.084	3.007	0	390	633	0.460	0.834	666.697	3.017	0
9222	462	409	621	0.716	0.837	662.084	3.052	0	387	645	0.460	0.835	666.697	2.973	0
9242	463	394	631	0.716	0.837	662.084	3.025	0	393	653	0.460	0.835	666.697	2.962	0
9262	464	403	637	0.716	0.837	662.084	2.986	0	389	638	0.459	0.835	666.697	2.992	0
9282	465	396	637	0.716	0.837	659.113	2.987	0	391	646	0.459	0.835	666.940	2.966	0
9302	466	387	653	0.717	0.837	659.113	2.951	0	391	601	0.460	0.835	666.940	3.102	0
9321	467	411	617	0.716	0.837	659.113	3.065	0	392	617	0.459	0.834	666.940	3.019	0
9341	468	399	615	0.717	0.837	659.113	3.020	0	393	613	0.459	0.834	666.940	3.030	0
9361	469	386	657	0.717	0.836	659.113	3.061	0	382	629	0.460	0.834	666.940	3.017	0
9381	470	-1280	-1024	-1.000	-1.000	-1.000	-1.000	4	-1280	-1024	-1.000	-1.000	-1.000	-1.000	4
9401	471	-1280	-1024	-1.000	-1.000	-1.000	-1.000	4	-1280	-1024	-1.000	-1.000	-1.000	-1.000	4
9421	472	-1280	-1024	-1.000	-1.000	-1.000	-1.000	4	-1280	-1024	-1.000	-1.000	-1.000	-1.000	4
9441	473	-1280	-1024	-1.000	-1.000	-1.000	-1.000	4	-1280	-1024	-1.000	-1.000	-1.000	-1.000	4
9461	474	-1280	-1024	-1.000	-1.000	-1.000	-1.000	4	-1280	-1024	-1.000	-1.000	-1.000	-1.000	4
9481	475	-1280	-1024	-1.000	-1.000	-1.000	-1.000	4	-1280	-1024	-1.000	-1.000	-1.000	-1.000	4
9501	476	-1280	-1024	-1.000	-1.000	-1.000	-1.000	4	-1280	-1024	-1.000	-1.000	-1.000	-1.000	4
9521	477	-1280	-1024	-1.000	-1.000	-1.000	-1.000	4	-1280	-1024	-1.000	-1.000	-1.000	-1.000	4
9541	478	-1280	-1024	-1.000	-1.000	-1.000	-1.000	4	-1280	-1024	-1.000	-1.000	-1.000	-1.000	4
9561	479	-1280	-1024	-1.000	-1.000	-1.000	-1.000	4	-1280	-1024	-1.000	-1.000	-1.000	-1.000	4
9581	480	73	265	0.720	0.832	659.113	2.914	0	105	246	0.464	0.829	666.940	2.897	0
9601	481	117	189	0.720	0.832	659.113	3.047	0	66	160	0.464	0.829	666.940	2.915	0
9621	482	114	180	0.720	0.833	662.024	3.061	0	68	167	0.464	0.830	664.571	2.905	0
9640	483	97	174	0.720	0.833	662.024	3.011	0	86	175	0.464	0.830	664.571	2.910	0
9660	484	98	163	0.720	0.833	662.024	3.062	0	85	171	0.464	0.830	664.571	2.946	0
9680	485	98	161	0.720	0.833	662.024	3.062	0	82	182	0.464	0.830	664.571	2.968	0
9700	486	88	181	0.719	0.833	662.024	3.027	0	86	179	0.463	0.830	664.571	2.988	0
9720	487	89	174	0.719	0.833	662.378	3.056	0	86	177	0.463	0.830	665.971	3.014	0
9740	488	91	187	0.719	0.833	662.378	3.089	0	86	163	0.463	0.830	665.971	2.972	0
9760	489	94	181	0.719	0.833	662.378	3.068	0	88	168	0.463	0.830	665.971	3.011	0
9780	490	94	173	0.720	0.833	662.378	3.069	0	93	176	0.464	0.830	665.971	2.967	0
9800	491	106	182	0.720	0.833	662.378	3.051	0	69	166	0.464	0.830	665.971	3.004	0
9820	492	108	182	0.720	0.833	661.540	3.041	0	74	172	0.464	0.830	665.149	2.983	0
9840	493	135	179	0.720	0.833	661.540	3.168	0	148	170	0.464	0.830	665.149	3.122	0
9860	494	151	171	0.720	0.833	661.540	3.154	0	149	170	0.464	0.830	665.149	3.119	0
9880	495	169	166	0.720	0.833	661.540	3.222	0	149	179	0.464	0.830	665.149	3.076	0
9900	496	157	158	0.720	0.833	661.540	3.158	0	160	175	0.464	0.830	665.149	3.037	0
9920	497	161	143	0.720	0.834	664.697	3.197	0	159	173	0.464	0.830	666.530	3.024	0
9940	498	148	166	0.720	0.834	664.697	3.150	0	156	158	0.465	0.830	666.530	3.137	0
9959	499	148	159	0.720	0.834	664.697	3.249	0	153	165	0.465	0.831	666.530	3.096	0
9979	500	160	168	0.721	0.834	664.697	3.201	0	158	159	0.465	0.831	666.530	3.135	0
9999	501	154	165	0.721	0.834	664.697	3.161	0	138	165	0.465	0.831	666.530	3.107	0
10019	502	159	174	0.721	0.834	660.986	3.182	0	139	166	0.465	0.831	665.402	3.119	0
10039	503	145	183	0.721	0.834	660.986	3.161	0	163	166	0.465	0.831	665.402	3.070	0
10059	504	150	174	0.721	0.834	660.986	3.141	0	152	182	0.466	0.831	665.402	3.077	0
10079	505	165	170	0.721	0.834	660.986	3.156	0	157	179	0.466	0.831	665.402	3.072	0
10099	506	122	166	0.722	0.834	660.986	3.092	0	122	157	0.466	0.831	665.402	3.061	0
10119	507	126	166	0.723	0.834	660.561	3.079	0	117	169	0.467	0.831	663.790	3.055	0
10139	508	56	161	0.723	0.834	660.561	3.050	0	40	158	0.467	0.831	663.790	2.993	0
10159	509	54	152	0.723	0.834	660.561	3.025	0	43	154	0.468	0.831	663.790	3.032	0
