10	1	-1280	-1024	0.666	0.261	-1.000	-1.000	4	-1280	-1024	0.418	0.276	-1.000	-1.000	4
30	2	-1280	-1024	-1.000	-1.000	-1.000	-1.000	4	-1280	-1024	-1.000	-1.000	-1.000	-1.000	4
50	3	565	633	0.667	0.261	732.353	4.153	0	-1280	-1024	0.667	0.261	-1.000	-1.000	4
70	4	551	605	0.667	0.261	732.353	4.077	0	-1280	-1024	0.667	0.261	-1.000	-1.000	4
90	5	546	610	0.667	0.261	732.353	4.112	0	-1280	-1024	0.667	0.261	-1.000	-1.000	4
110	6	544	618	0.667	0.261	730.422	4.063	0	-1280	-1024	0.419	0.276	-1.000	-1.000	4
130	7	546	604	0.667	0.261	730.422	4.118	0	548	585	0.419	0.276	740.111	3.733	0
150	8	540	624	0.667	0.261	730.422	4.104	0	-1280	-1024	0.667	0.261	-1.000	-1.000	4
170	9	528	632	0.667	0.261	730.422	4.176	0	-1280	-1024	0.667	0.261	-1.000	-1.000	4
190	10	536	628	0.667	0.261	730.422	4.169	0	547	564	0.419	0.276	740.111	3.851	0
230	11	532	628	0.667	0.260	733.698	4.181	0	546	565	0.420	0.275	739.740	3.849	0
232	12	585	533	0.667	0.259	733.698	4.104	0	-1280	-1024	0.667	0.259	-1.000	-1.000	4
250	13	617	449	0.666	0.257	733.698	4.084	0	-1280	-1024	0.666	0.257	-1.000	-1.000	4
270	14	626	446	0.666	0.257	733.698	4.095	0	-1280	-1024	0.666	0.257	-1.000	-1.000	4
290	15	-1280	-1024	-1.000	-1.000	-1.000	-1.000	4	-1280	-1024	-1.000	-1.000	-1.000	-1.000	4
309	16	-1280	-1024	0.665	0.257	-1.000	-1.000	4	-1280	-1024	0.419	0.273	-1.000	-1.000	4
329	17	-1280	-1024	0.419	0.272	-1.000	-1.000	4	641	365	0.419	0.272	738.257	3.655	0
349	18	-1280	-1024	-1.000	-1.000	-1.000	-1.000	4	-1280	-1024	-1.000	-1.000	-1.000	-1.000	4
369	19	-1280	-1024	0.418	0.272	-1.000	-1.000	4	626	387	0.418	0.272	738.257	3.584	0
389	20	-1280	-1024	-1.000	-1.000	-1.000	-1.000	4	-1280	-1024	-1.000	-1.000	-1.000	-1.000	4
409	21	-1280	-1024	0.665	0.256	-1.000	-1.000	4	-1280	-1024	0.418	0.271	-1.000	-1.000	4
429	22	-1280	-1024	0.419	0.271	-1.000	-1.000	4	609	378	0.419	0.271	738.594	3.466	0
449	23	-1280	-1024	0.418	0.271	-1.000	-1.000	4	622	363	0.418	0.271	738.594	3.416	0
469	24	-1280	-1024	-1.000	-1.000	-1.000	-1.000	4	-1280	-1024	-1.000	-1.000	-1.000	-1.000	4
489	25	-1280	-1024	0.419	0.271	-1.000	-1.000	4	613	375	0.419	0.271	738.594	3.366	0
509	26	-1280	-1024	0.666	0.255	-1.000	-1.000	4	608	373	0.420	0.270	737.019	3.334	0
529	27	466	289	0.668	0.254	734.584	3.523	0	485	262	0.422	0.269	737.019	3.289	0
549	28	313	231	0.670	0.253	734.584	3.453	0	337	194	0.424	0.268	737.019	3.374	0
569	29	241	176	0.671	0.253	734.584	3.426	0	252	140	0.426	0.267	737.019	3.264	0
589	30	245	186	0.671	0.253	734.584	3.384	0	245	129	0.426	0.267	737.019	3.237	0
608	31	252	205	0.672	0.253	730.036	3.331	0	236	112	0.427	0.267	739.021	3.256	0
628	32	247	174	0.673	0.253	730.036	3.308	0	242	140	0.428	0.266	739.021	3.170	0
648	33	250	185	0.673	0.253	730.036	3.353	0	252	124	0.427	0.266	739.021	3.190	0
668	34	256	178	0.674	0.253	730.036	3.268	0	243	132	0.428	0.266	739.021	3.092	0
688	35	251	175	0.674	0.252	730.036	3.298	0	247	111	0.428	0.265	739.021	3.124	0
708	36	253	174	0.675	0.252	731.899	3.307	0	243	113	0.429	0.265	738.092	3.102	0
728	37	-1280	-1024	-1.000	-1.000	-1.000	-1.000	4	-1280	-1024	-1.000	-1.000	-1.000	-1.000	4
748	38	-1280	-1024	-1.000	-1.000	-1.000	-1.000	4	-1280	-1024	-1.000	-1.000	-1.000	-1.000	4
768	39	-1280	-1024	-1.000	-1.000	-1.000	-1.000	4	-1280	-1024	-1.000	-1.000	-1.000	-1.000	4
788	40	-1280	-1024	-1.000	-1.000	-1.000	-1.000	4	-1280	-1024	-1.000	-1.000	-1.000	-1.000	4
808	41	-1280	-1024	0.677	0.250	-1.000	-1.000	4	-1280	-1024	0.431	0.262	-1.000	-1.000	4
828	42	428	82	0.675	0.249	731.352	3.054	0	439	45	0.430	0.261	737.700	2.833	0
848	43	-1280	-1024	-1.000	-1.000	-1.000	-1.000	4	-1280	-1024	-1.000	-1.000	-1.000	-1.000	4
868	44	536	48	0.674	0.248	731.352	3.038	0	557	0	0.428	0.260	737.700	2.895	0
888	45	-1280	-1024	-1.000	-1.000	-1.000	-1.000	4	-1280	-1024	-1.000	-1.000	-1.000	-1.000	4
908	46	-1280	-1024	0.674	0.247	-1.000	-1.000	4	-1280	-1024	0.429	0.259	-1.000	-1.000	4
927	47	-1280	-1024	-1.000	-1.000	-1.000	-1.000	4	-1280	-1024	-1.000	-1.000	-1.000	-1.000	4
947	48	-1280	-1024	-1.000	-1.000	-1.000	-1.000	4	-1280	-1024	-1.000	-1.000	-1.000	-1.000	4
967	49	-1280	-1024	-1.000	-1.000	-1.000	-1.000	4	-1280	-1024	-1.000	-1.000	-1.000	-1.000	4
987	50	-1280	-1024	-1.000	-1.000	-1.000	-1.000	4	-1280	-1024	-1.000	-1.000	-1.000	-1.000	4
1007	51	-1280	-1024	0.673	0.246	-1.000	-1.000	4	-1280	-1024	0.428	0.259	-1.000	-1.000	4
1027	52	544	47	0.673	0.246	729.984	2.923	0	553	13	0.427	0.259	729.273	2.782	0
1047	53	549	58	0.673	0.246	729.984	2.916	0	-1280	-1024	0.673	0.246	-1.000	-1.000	4
1067	54	543	39	0.672	0.246	729.984	2.884	0	-1280	-1024	0.672	0.246	-1.000	-1.000	4
1087	55	-1280	-1024	-1.000	-1.000	-1.000	-1.000	4	-1280	-1024	-1.000	-1.000	-1.000	-1.000	4
1107	56	-1280	-1024	0.673	0.246	-1.000	-1.000	4	-1280	-1024	0.428	0.258	-1.000	-1.000	4
1127	57	-1280	-1024	-1.000	-1.000	-1.000	-1.000	4	-1280	-1024	-1.000	-1.000	-1.000	-1.000	4
1147	58	-1280	-1024	-1.000	-1.000	-1.000	-1.000	4	-1280	-1024	-1.000	-1.000	-1.000	-1.000	4
1167	59	-1280	-1024	-1.000	-1.000	-1.000	-1.000	4	-1280	-1024	-1.000	-1.000	-1.000	-1.000	4
1187	60	-1280	-1024	-1.000	-1.000	-1.000	-1.000	4	-1280	-1024	-1.000	-1.000	-1.000	-1.000	4
1207	61	-1280	-1024	0.677	0.247	-1.000	-1.000	4	-1280	-1024	0.432	0.259	-1.000	-1.000	4
1227	62	245	53	0.677	0.247	732.140	2.972	0	237	10	0.432	0.259	736.841	2.876	0
1246	63	243	56	0.677	0.247	732.140	2.862	0	-1280	-1024	0.677	0.247	-1.000	-1.000	4
1266	64	250	56	0.677	0.248	732.140	2.839	0	240	24	0.432	0.259	736.841	2.814	0
1286	65	242	53	0.678	0.248	732.140	2.952	0	-1280	-1024	0.678	0.248	-1.000	-1.000	4
1306	66	231	54	0.678	0.248	731.915	2.889	0	-1280	-1024	0.433	0.259	-1.000	-1.000	4
1326	67	245	55	0.678	0.248	731.915	2.911	0	238	19	0.433	0.259	737.781	2.821	0
1346	68	243	53	0.679	0.248	731.915	2.921	0	234	20	0.433	0.259	737.781	2.842	0
1366	69	250	63	0.679	0.248	731.915	2.922	0	233	11	0.433	0.259	737.781	2.822	0
1386	70	248	53	0.679	0.248	731.915	2.914	0	230	19	0.434	0.258	737.781	2.843	0
1406	71	249	57	0.679	0.247	731.404	2.917	0	229	21	0.434	0.258	736.796	2.833	0
1426	72	265	57	0.679	0.247	731.404	2.906	0	242	22	0.434	0.258	736.796	2.868	0
1446	73	341	43	0.678	0.247	731.404	2.954	0	351	20	0.433	0.258	736.796	2.824	0
1466	74	348	61	0.678	0.247	731.404	2.917	0	361	23	0.433	0.258	736.796	2.799	0
1486	75	345	45	0.678	0.247	731.404	2.971	0	348	27	0.433	0.258	736.796	2.801	0
1506	76	348	47	0.679	0.247	733.076	2.971	0	349	24	0.433	0.258	736.221	2.800	0
1526	77	357	50	0.679	0.247	733.076	2.913	0	351	19	0.433	0.258	736.221	2.828	0
1546	78	355	40	0.679	0.247	733.076	2.941	0	338	33	0.434	0.258	736.221	2.832	0
1565	79	362	49	0.679	0.247	733.076	2.922	0	342	28	0.434	0.258	736.221	2.842	0
1585	80	357	50	0.679	0.247	733.076	2.912	0	344	32	0.434	0.258	736.221	2.778	0
1605	81	358	50	0.679	0.247	732.149	2.918	0	338	25	0.434	0.258	737.596	2.784	0
1625	82	344	53	0.679	0.247	732.149	2.925	0	343	24	0.434	0.258	737.596	2.822	0
1645	83	346	50	0.680	0.247	732.149	2.966	0	349	12	0.434	0.258	737.596	2.841	0
1665	84	358	42	0.680	0.247	732.149	2.959	0	347	21	0.434	0.257	737.596	2.833	0
1685	85	352	51	0.680	0.247	732.149	2.998	0	349	6	0.434	0.257	737.596	2.814	0
1705	86	351	49	0.679	0.246	731.983	3.006	0	349	9	0.434	0.257	737.034	2.819	0
1725	87	451	16	0.678	0.246	731.983	2.956	0	448	-11	0.433	0.256	737.034	2.767	0
1745	88	531	11	0.677	0.245	731.983	2.976	0	535	-20	0.432	0.256	737.034	2.797	0
1765	89	529	2	0.677	0.245	731.983	2.923	0	536	-20	0.432	0.256	737.034	2.793	0
1785	90	537	9	0.677	0.245	731.983	2.944	0	536	-5	0.432	0.255	737.034	2.825	0
1805	91	537	9	0.677	0.244	730.717	2.935	0	534	7	0.432	0.255	730.960	2.810	0
1825	92	538	9	0.677	0.244	730.717	2.951	0	527	11	0.432	0.255	730.960	2.800	0
1845	93	532	18	0.677	0.243	730.717	2.989	0	525	12	0.432	0.254	730.960	2.797	0
1864	94	545	13	0.677	0.243	730.717	2.932	0	526	-1	0.432	0.254	730.960	2.825	0
1884	95	536	21	0.677	0.242	730.717	2.991	0	532	8	0.432	0.253	730.960	2.813	0
1904	96	537	15	0.674	0.242	732.855	2.981	0	531	-12	0.429	0.254	736.648	2.841	0
1924	97	959	2	0.670	0.242	732.855	3.077	0	1002	14	0.425	0.254	736.648	2.787	0
1944	98	1169	23	0.667	0.242	732.855	3.006	0	1176	10	0.422	0.254	736.648	2.746	0
1964	99	1173	16	0.665	0.241	732.855	3.025	0	1185	11	0.421	0.254	736.648	2.757	0
1984	100	1175	22	0.664	0.241	732.855	3.039	0	1175	12	0.420	0.254	736.648	2.828	0
2004	101	1177	16	0.663	0.241	733.891	3.009	0	1178	15	0.418	0.254	735.321	2.809	0
2024	102	1172	20	0.662	0.241	733.891	3.010	0	1167	6	0.417	0.255	735.321	2.793	0
2044	103	1160	17	0.661	0.241	733.891	3.002	0	1173	9	0.416	0.255	735.321	2.763	0
2064	104	1167	9	0.660	0.240	733.891	3.041	0	1163	10	0.415	0.255	735.321	2.787	0
2084	105	1163	12	0.659	0.240	733.891	2.982	0	1163	10	0.414	0.255	735.321	2.820	0
2104	106	1164	16	0.659	0.240	732.888	2.981	0	1165	6	0.414	0.255	736.746	2.819	0
2124	107	1158	11	0.658	0.240	732.888	3.029	0	1158	17	0.413	0.256	736.746	2.838	0
2144	108	1156	14	0.657	0.239	732.888	3.049	0	1166	19	0.412	0.256	736.746	2.812	0
2164	109	1157	19	0.657	0.240	732.888	3.059	0	1166	7	0.412	0.256	736.746	2.805	0
2183	110	1160	23	0.656	0.240	732.888	3.078	0	1164	15	0.411	0.257	736.746	2.868	0
2203	111	1158	30	0.656	0.240	731.851	3.087	0	1166	20	0.411	0.257	734.306	2.846	0
2223	112	1159	19	0.655	0.240	731.851	3.075	0	1161	20	0.410	0.257	734.306	2.852	0
2243	113	1165	14	0.655	0.241	731.851	3.137	0	1156	31	0.410	0.258	734.306	2.871	0
2263	114	1164	14	0.655	0.241	731.851	3.123	0	1152	20	0.409	0.258	734.306	2.864	0
2283	115	1163	17	0.654	0.241	731.851	3.083	0	1169	21	0.409	0.259	734.306	2.816	0
2303	116	1163	14	0.654	0.242	731.915	3.111	0	1167	18	0.409	0.259	736.060	2.827	0
2323	117	1172	1	0.653	0.242	731.915	3.096	0	1159	26	0.408	0.259	736.060	2.902	0
2343	118	1165	13	0.653	0.242	731.915	3.091	0	1170	8	0.408	0.260	736.060	2.854	0
2363	119	1163	17	0.653	0.242	731.915	3.096	0	1164	15	0.408	0.260	736.060	2.855	0
2383	120	1161	16	0.653	0.242	731.915	3.090	0	1172	22	0.408	0.260	736.060	2.875	0
2403	121	1161	21	0.653	0.243	730.793	3.087	0	1171	16	0.407	0.260	735.887	2.848	0
2423	122	1155	29	0.652	0.243	730.793	3.137	0	1163	32	0.407	0.260	735.887	2.872	0
2443	123	1124	31	0.653	0.242	730.793	3.128	0	1127	33	0.408	0.260	735.887	2.968	0
2463	124	843	46	0.656	0.243	730.793	3.225	0	868	52	0.411	0.259	735.887	2.960	0
2483	125	531	67	0.660	0.243	730.793	3.102	0	577	63	0.416	0.259	735.887	2.977	0
2502	126	398	53	0.663	0.244	733.415	3.130	0	444	49	0.419	0.260	738.785	2.989	0
2522	127	271	80	0.664	0.244	733.415	3.240	0	284	89	0.420	0.260	738.785	3.132	0
2542	128	279	87	0.665	0.244	733.415	3.190	0	285	86	0.420	0.260	738.785	3.106	0
2562	129	280	97	0.666	0.244	733.415	3.199	0	276	92	0.421	0.260	738.785	3.112	0
2582	130	292	99	0.666	0.245	733.415	3.155	0	282	82	0.421	0.260	738.785	3.120	0
2602	131	296	102	0.667	0.245	732.791	3.144	0	277	74	0.422	0.259	741.974	3.120	0
2622	132	288	95	0.667	0.245	732.791	3.190	0	294	76	0.422	0.259	741.974	3.118	0
2642	133	288	91	0.668	0.245	732.791	3.273	0	286	90	0.423	0.259	741.974	3.155	0
2662	134	300	109	0.668	0.245	732.791	3.164	0	292	90	0.423	0.259	741.974	3.073	0
2682	135	287	80	0.669	0.245	732.791	3.227	0	281	101	0.424	0.259	741.974	3.142	0
2702	136	290	81	0.669	0.245	732.880	3.245	0	283	111	0.424	0.259	739.453	3.100	0
2722	137	218	157	0.670	0.246	732.880	3.272	0	216	149	0.426	0.259	739.453	3.196	0
2742	138	191	167	0.671	0.247	732.880	3.298	0	188	149	0.427	0.260	739.453	3.142	0
2762	139	197	166	0.672	0.247	732.880	3.327	0	192	148	0.427	0.259	739.453	3.171	0
2782	140	192	168	0.673	0.247	732.880	3.303	0	195	157	0.428	0.259	739.453	3.131	0
2802	141	195	171	0.673	0.247	731.886	3.310	0	197	157	0.428	0.259	740.019	3.140	0
2821	142	195	176	0.674	0.247	731.886	3.271	0	203	147	0.429	0.259	740.019	3.161	0
2841	143	195	159	0.675	0.247	731.886	3.349	0	195	158	0.430	0.259	740.019	3.180	0
2861	144	180	169	0.676	0.247	731.886	3.327	0	188	145	0.430	0.259	740.019	3.177	0
2881	145	193	155	0.676	0.248	731.886	3.320	0	188	155	0.431	0.259	740.019	3.175	0
2901	146	189	158	0.677	0.248	732.064	3.313	0	186	147	0.432	0.259	741.031	3.177	0
2921	147	135	145	0.678	0.248	732.064	3.343	0	130	140	0.433	0.259	741.031	3.176	0
2941	148	68	159	0.679	0.248	732.064	3.288	0	63	148	0.434	0.259	741.031	3.140	0
2961	149	79	154	0.679	0.248	732.064	3.374	0	63	149	0.435	0.259	741.031	3.149	0
2981	150	82	163	0.680	0.249	732.064	3.343	0	85	128	0.435	0.259	741.031	3.150	0
3001	151	85	168	0.680	0.249	729.716	3.327	0	94	140	0.435	0.259	739.583	3.146	0
3021	152	94	165	0.680	0.250	729.716	3.302	0	72	142	0.436	0.260	739.583	3.061	0
3041	153	79	175	0.681	0.250	729.716	3.233	0	72	140	0.436	0.260	739.583	3.132	0
3061	154	92	175	0.681	0.250	729.716	3.242	0	74	143	0.436	0.260	739.583	3.052	0
3081	155	89	174	0.681	0.251	729.716	3.266	0	75	148	0.436	0.260	739.583	3.112	0
3101	156	84	170	0.682	0.251	730.578	3.234	0	74	145	0.437	0.260	740.597	3.083	0
3121	157	85	159	0.682	0.251	730.578	3.275	0	73	137	0.437	0.261	740.597	3.074	0
3140	158	76	155	0.682	0.251	730.578	3.211	0	78	127	0.437	0.261	740.597	3.112	0
3160	159	88	169	0.682	0.251	730.578	3.231	0	66	125	0.437	0.261	740.597	3.145	0
3180	160	83	167	0.682	0.251	730.578	3.235	0	64	137	0.437	0.261	740.597	3.095	0
3200	161	83	167	0.682	0.251	729.810	3.236	0	66	134	0.438	0.261	739.303	3.119	0
3220	162	147	223	0.682	0.252	729.810	3.260	0	129	217	0.437	0.262	739.303	3.002	0
3240	163	267	400	0.680	0.254	729.810	3.260	0	263	371	0.436	0.264	739.303	3.060	0
3260	164	356	607	0.679	0.256	729.810	3.266	0	340	555	0.435	0.267	739.303	3.025	0
3280	165	336	568	0.679	0.256	729.810	3.245	0	356	576	0.434	0.267	739.303	3.079	0
3300	166	311	522	0.679	0.257	735.450	3.269	0	371	592	0.434	0.268	743.739	3.092	0
3320	167	357	611	0.680	0.257	735.450	3.259	0	332	578	0.435	0.268	743.739	3.093	0
3340	168	363	626	0.680	0.258	735.450	3.369	0	-1280	-1024	0.680	0.258	-1.000	-1.000	4
3360	169	355	606	0.680	0.258	735.450	3.286	0	359	568	0.435	0.269	743.739	3.096	0
3380	170	354	623	0.680	0.258	735.450	3.323	0	344	566	0.435	0.269	743.739	3.132	0
3400	171	354	615	0.681	0.258	735.328	3.362	0	345	572	0.435	0.269	739.786	3.115	0
3420	172	357	592	0.681	0.258	735.328	3.276	0	340	553	0.435	0.269	739.786	3.032	0
3440	173	339	594	0.681	0.258	735.328	3.281	0	345	579	0.435	0.269	739.786	3.060	0
3459	174	360	579	0.680	0.258	735.328	3.261	0	353	589	0.435	0.269	739.786	3.078	0
3479	175	352	584	0.680	0.258	735.328	3.297	0	344	560	0.434	0.269	739.786	3.023	0
3499	176	363	583	0.680	0.257	733.837	3.289	0	345	571	0.434	0.269	743.564	3.056	0
3519	177	455	598	0.679	0.257	733.837	3.242	0	452	582	0.433	0.269	743.564	3.093	0
3539	178	464	611	0.678	0.257	733.837	3.349	0	460	595	0.432	0.268	743.564	3.153	0
3559	179	471	616	0.678	0.256	733.837	3.292	0	468	592	0.432	0.268	743.564	3.113	0
3579	180	461	625	0.678	0.256	733.837	3.357	0	475	561	0.432	0.269	743.564	3.110	0
3599	181	463	630	0.678	0.256	734.227	3.343	0	479	575	0.432	0.269	736.648	3.079	0
3619	182	457	612	0.677	0.256	734.227	3.282	0	480	569	0.431	0.269	736.648	3.034	0
3639	183	448	651	0.677	0.257	734.227	3.371	0	457	609	0.430	0.269	736.648	3.067	0
3659	184	559	612	0.675	0.257	734.227	3.329	0	579	587	0.429	0.270	736.648	3.059	0
3679	185	813	576	0.671	0.257	734.227	3.197	0	844	566	0.425	0.270	736.648	2.980	0
3699	186	835	578	0.669	0.257	737.367	3.237	0	862	576	0.423	0.270	739.666	3.002	0
3719	187	998	566	0.668	0.257	737.367	3.281	0	-1280	-1024	0.668	0.257	-1.000	-1.000	4
3739	188	983	588	0.667	0.257	737.367	3.285	0	1004	582	0.421	0.271	739.666	2.912	0
3759	189	993	576	0.667	0.257	737.367	3.245	0	1028	552	0.421	0.271	739.666	2.986	0
3778	190	977	588	0.667	0.257	737.367	3.250	0	-1280	-1024	0.667	0.257	-1.000	-1.000	4
3798	191	938	591	0.666	0.257	733.267	3.237	0	-1280	-1024	0.420	0.272	-1.000	-1.000	4
3818	192	985	592	0.665	0.257	733.267	3.247	0	1000	557	0.419	0.272	741.743	3.045	0
3838	193	983	575	0.665	0.257	733.267	3.237	0	998	549	0.419	0.272	741.743	2.939	0
3858	194	977	603	0.665	0.257	733.267	3.206	0	1010	549	0.419	0.272	741.743	2.940	0
3878	195	987	605	0.664	0.257	733.267	3.167	0	-1280	-1024	0.664	0.257	-1.000	-1.000	4
3898	196	986	608	0.664	0.257	733.023	3.146	0	-1280	-1024	0.417	0.272	-1.000	-1.000	4
3918	197	886	590	0.664	0.257	733.023	3.108	0	905	553	0.418	0.272	748.366	2.906	0
3938	198	833	584	0.666	0.257	733.023	3.138	0	818	516	0.420	0.272	748.366	2.938	0
3958	199	826	570	0.666	0.257	733.023	3.107	0	825	524	0.420	0.272	748.366	2.945	0
3978	200	829	566	0.666	0.257	733.023	3.107	0	820	549	0.420	0.273	748.366	2.975	0
3998	201	826	561	0.665	0.257	734.669	3.121	0	823	546	0.419	0.273	737.997	2.949	0
4018	202	827	604	0.665	0.257	734.669	3.192	0	835	552	0.419	0.273	737.997	2.931	0
4038	203	830	588	0.666	0.257	734.669	3.177	0	825	589	0.420	0.272	737.997	2.879	0
4058	204	827	564	0.666	0.257	734.669	3.073	0	844	566	0.420	0.272	737.997	2.875	0
4078	205	830	587	0.666	0.257	734.669	3.118	0	831	540	0.420	0.272	737.997	2.897	0
4097	206	829	576	0.666	0.256	736.167	3.085	0	839	554	0.420	0.272	736.371	2.895	0
4117	207	833	573	0.666	0.256	736.167	3.117	0	827	565	0.420	0.272	736.371	2.959	0
4137	208	836	551	0.667	0.256	736.167	3.063	0	826	555	0.420	0.271	736.371	2.910	0
4157	209	826	572	0.667	0.256	736.167	3.100	0	833	537	0.420	0.271	736.371	2.982	0
4177	210	824	575	0.667	0.255	736.167	3.125	0	823	553	0.420	0.271	736.371	2.887	0
4197	211	823	574	0.665	0.257	732.564	3.092	0	824	529	0.419	0.273	748.610	2.952	0
4217	212	1151	890	0.663	0.259	732.564	3.079	0	1136	839	0.418	0.275	748.610	2.973	0
4237	213	1145	954	0.663	0.260	732.564	3.073	0	1130	935	0.418	0.276	748.610	2.987	0
4257	214	1143	959	0.663	0.260	732.564	3.033	0	1142	970	0.418	0.276	748.610	3.017	0
4277	215	1199	927	0.663	0.260	732.564	2.995	0	1148	944	0.417	0.276	748.610	2.939	0
4297	216	1219	919	0.663	0.261	735.133	2.986	0	1144	966	0.417	0.277	730.697	2.882	0
4317	217	1165	928	0.662	0.261	735.133	3.043	0	-1280	-1024	0.662	0.261	-1.000	-1.000	4
4337	218	1190	926	0.663	0.261	735.133	3.036	0	1165	948	0.417	0.277	730.697	2.704	0
4357	219	-1280	-1024	-1.000	-1.000	-1.000	-1.000	4	-1280	-1024	-1.000	-1.000	-1.000	-1.000	4
4377	220	-1280	-1024	-1.000	-1.000	-1.000	-1.000	4	-1280	-1024	-1.000	-1.000	-1.000	-1.000	4
4397	221	-1280	-1024	0.662	0.261	-1.000	-1.000	4	-1280	-1024	0.415	0.278	-1.000	-1.000	4
4416	222	-1280	-1024	-1.000	-1.000	-1.000	-1.000	4	-1280	-1024	-1.000	-1.000	-1.000	-1.000	4
4436	223	-1280	-1024	-1.000	-1.000	-1.000	-1.000	4	-1280	-1024	-1.000	-1.000	-1.000	-1.000	4
4456	224	-1280	-1024	-1.000	-1.000	-1.000	-1.000	4	-1280	-1024	-1.000	-1.000	-1.000	-1.000	4
4476	225	1169	928	0.660	0.261	731.167	2.941	0	1159	922	0.414	0.278	730.076	2.767	0
4496	226	1171	928	0.660	0.260	731.692	2.943	0	1166	920	0.414	0.278	733.216	2.779	0
4516	227	1184	925	0.660	0.260	731.692	2.956	0	1148	930	0.413	0.278	733.216	2.861	0
4536	228	-1280	-1024	-1.000	-1.000	-1.000	-1.000	4	-1280	-1024	-1.000	-1.000	-1.000	-1.000	4
4556	229	-1280	-1024	-1.000	-1.000	-1.000	-1.000	4	-1280	-1024	-1.000	-1.000	-1.000	-1.000	4
4576	230	1000	705	0.662	0.257	731.692	3.009	0	1024	667	0.416	0.274	733.216	2.809	0
4596	231	1002	698	0.662	0.255	739.230	3.040	0	1029	653	0.416	0.272	744.183	2.851	0
4616	232	-1280	-1024	0.417	0.269	-1.000	-1.000	4	857	301	0.417	0.269	744.183	2.873	0
4636	233	-1280	-1024	-1.000	-1.000	-1.000	-1.000	4	-1280	-1024	-1.000	-1.000	-1.000	-1.000	4
4656	234	-1280	-1024	-1.000	-1.000	-1.000	-1.000	4	-1280	-1024	-1.000	-1.000	-1.000	-1.000	4
4676	235	-1280	-1024	-1.000	-1.000	-1.000	-1.000	4	-1280	-1024	-1.000	-1.000	-1.000	-1.000	4
4696	236	-1280	-1024	0.670	0.250	-1.000	-1.000	4	-1280	-1024	0.425	0.265	-1.000	-1.000	4
4716	237	125	81	0.672	0.250	732.881	2.946	0	142	82	0.427	0.265	737.418	2.867	0
4735	238	98	101	0.673	0.250	732.881	2.981	0	70	57	0.428	0.265	737.418	2.919	0
4756	239	90	99	0.674	0.250	732.881	3.012	0	87	65	0.429	0.265	737.418	2.937	0
4775	240	94	93	0.674	0.250	732.881	3.010	0	97	60	0.429	0.265	737.418	2.971	0
4795	241	96	97	0.674	0.250	730.277	2.998	0	98	59	0.429	0.264	738.604	2.998	0
4815	242	-1280	-1024	-1.000	-1.000	-1.000	-1.000	4	-1280	-1024	-1.000	-1.000	-1.000	-1.000	4
4835	243	-1280	-1024	-1.000	-1.000	-1.000	-1.000	4	-1280	-1024	-1.000	-1.000	-1.000	-1.000	4
4855	244	-1280	-1024	-1.000	-1.000	-1.000	-1.000	4	-1280	-1024	-1.000	-1.000	-1.000	-1.000	4
4875	245	-1280	-1024	-1.000	-1.000	-1.000	-1.000	4	-1280	-1024	-1.000	-1.000	-1.000	-1.000	4
4895	246	-1280	-1024	0.678	0.252	-1.000	-1.000	4	-1280	-1024	0.432	0.264	-1.000	-1.000	4
4915	247	123	119	0.679	0.252	728.342	3.091	0	93	82	0.433	0.264	736.756	2.975	0
4935	248	125	120	0.679	0.252	728.342	3.108	0	-1280	-1024	0.679	0.252	-1.000	-1.000	4
4955	249	251	150	0.678	0.253	728.342	3.137	0	225	112	0.432	0.265	736.756	3.092	0
4975	250	251	134	0.678	0.253	728.342	3.165	0	257	135	0.432	0.265	736.756	3.013	0
4995	251	213	129	0.678	0.252	732.036	3.203	0	261	148	0.432	0.264	731.840	2.993	0
5015	252	255	132	0.678	0.252	732.036	3.211	0	249	141	0.432	0.264	731.840	3.099	0
5035	253	247	127	0.678	0.252	732.036	3.246	0	254	150	0.432	0.264	731.840	3.072	0
5055	254	254	131	0.678	0.252	732.036	3.286	0	259	142	0.433	0.264	731.840	3.036	0
5074	255	256	135	0.679	0.252	732.036	3.258	0	254	136	0.433	0.263	731.840	3.089	0
5094	256	254	134	0.679	0.251	732.120	3.276	0	255	132	0.433	0.263	734.142	3.076	0
5114	257	257	128	0.679	0.251	732.120	3.315	0	248	125	0.433	0.262	734.142	3.066	0
5134	258	252	135	0.679	0.251	732.120	3.291	0	252	135	0.433	0.262	734.142	3.076	0
5154	259	252	129	0.679	0.251	732.120	3.267	0	259	142	0.433	0.262	734.142	3.044	0
5174	260	256	146	0.679	0.250	732.120	3.296	0	255	130	0.433	0.262	734.142	3.133	0
5194	261	254	146	0.679	0.250	732.479	3.291	0	255	130	0.434	0.262	736.561	3.146	0
5214	262	255	140	0.679	0.250	732.479	3.315	0	253	127	0.434	0.262	736.561	3.078	0
5234	263	266	129	0.680	0.251	732.479	3.333	0	244	131	0.434	0.262	736.561	3.086	0
5254	264	258	144	0.680	0.251	732.479	3.279	0	256	129	0.434	0.262	736.561	3.111	0
5274	265	264	144	0.680	0.251	732.479	3.275	0	252	134	0.435	0.262	736.561	3.028	0
5294	266	260	143	0.680	0.250	732.827	3.272	0	253	145	0.434	0.261	732.628	3.018	0
5314	267	358	53	0.679	0.249	732.827	3.227	0	353	48	0.434	0.260	732.628	3.043	0
5334	268	386	27	0.679	0.249	732.827	3.234	0	366	33	0.434	0.260	732.628	3.018	0
5354	269	381	23	0.679	0.249	732.827	3.162	0	354	40	0.434	0.260	732.628	3.081	0
5374	270	384	27	0.679	0.249	732.827	3.231	0	367	40	0.434	0.260	732.628	3.052	0
5393	271	382	27	0.679	0.249	732.177	3.214	0	364	22	0.434	0.260	738.806	3.081	0
5413	272	383	40	0.679	0.249	732.177	3.187	0	371	10	0.434	0.260	738.806	3.083	0
5433	273	376	32	0.679	0.249	732.177	3.230	0	370	21	0.434	0.260	738.806	3.071	0
5453	274	376	26	0.679	0.248	732.177	3.209	0	363	12	0.434	0.260	738.806	3.067	0
5473	275	381	36	0.679	0.248	732.177	3.181	0	368	23	0.434	0.259	738.806	3.042	0
5493	276	377	29	0.679	0.248	732.581	3.199	0	365	18	0.434	0.259	739.939	3.037	0
5513	277	376	44	0.679	0.248	732.581	3.179	0	369	21	0.434	0.259	739.939	3.085	0
5533	278	378	45	0.680	0.248	732.581	3.169	0	369	23	0.434	0.259	739.939	3.074	0
5553	279	384	46	0.680	0.248	732.581	3.154	0	372	18	0.434	0.259	739.939	3.068	0
5573	280	377	29	0.680	0.249	732.581	3.232	0	361	14	0.434	0.259	739.939	3.033	0
5593	281	380	28	0.680	0.249	732.680	3.228	0	360	18	0.435	0.259	738.648	3.017	0
5613	282	375	31	0.680	0.248	732.680	3.256	0	366	24	0.434	0.259	738.648	3.018	0
5633	283	377	27	0.680	0.248	732.680	3.191	0	367	22	0.434	0.259	738.648	3.073	0
5653	284	377	47	0.680	0.248	732.680	3.144	0	363	21	0.434	0.259	738.648	3.060	0
5673	285	377	50	0.679	0.248	732.680	3.194	0	366	18	0.434	0.259	738.648	3.113	0
5693	286	379	51	0.679	0.248	733.921	3.184	0	365	20	0.434	0.259	737.411	3.117	0
5712	287	379	33	0.679	0.248	733.921	3.194	0	368	38	0.434	0.259	737.411	3.076	0
5732	288	376	42	0.679	0.248	733.921	3.232	0	373	29	0.433	0.259	737.411	3.101	0
5752	289	379	39	0.678	0.248	733.921	3.219	0	360	36	0.433	0.259	737.411	3.075	0
5772	290	386	32	0.678	0.248	733.921	3.257	0	364	20	0.433	0.259	737.411	3.103	0
5792	291	385	36	0.678	0.248	733.284	3.258	0	363	9	0.433	0.259	741.015	3.110	0
5812	292	380	52	0.677	0.248	733.284	3.223	0	372	20	0.432	0.259	741.015	3.116	0
5832	293	503	16	0.676	0.248	733.284	3.331	0	506	-1	0.431	0.259	741.015	3.171	0
5852	294	634	23	0.674	0.248	733.284	3.312	0	643	12	0.429	0.259	741.015	3.166	0
5872	295	662	24	0.673	0.248	733.284	3.329	0	646	4	0.429	0.260	741.015	3.180	0
5892	296	689	22	0.673	0.248	734.357	3.326	0	649	14	0.428	0.259	738.664	3.172	0
5912	297	640	21	0.673	0.248	734.357	3.383	0	638	11	0.428	0.260	738.664	3.169	0
5932	298	662	23	0.673	0.248	734.357	3.332	0	648	11	0.428	0.260	738.664	3.162	0
5952	299	654	20	0.673	0.248	734.357	3.341	0	646	20	0.428	0.260	738.664	3.167	0
5972	300	649	11	0.673	0.248	734.357	3.350	0	646	16	0.428	0.259	738.664	3.169	0
5992	301	647	14	0.673	0.248	733.573	3.356	0	645	21	0.428	0.259	737.770	3.163	0
6012	302	649	11	0.673	0.248	733.573	3.379	0	639	24	0.428	0.259	737.770	3.231	0
6031	303	648	19	0.673	0.248	733.573	3.422	0	643	15	0.428	0.260	737.770	3.257	0
6051	304	644	27	0.673	0.247	733.573	3.436	0	638	17	0.427	0.260	737.770	3.243	0
6071	305	650	14	0.672	0.247	733.573	3.420	0	645	19	0.427	0.260	737.770	3.274	0
6091	306	649	24	0.672	0.247	732.267	3.418	0	644	24	0.426	0.260	734.705	3.262	0
6111	307	728	28	0.671	0.247	732.267	3.465	0	715	32	0.426	0.260	734.705	3.328	0
6131	308	716	25	0.671	0.247	732.267	3.527	0	714	26	0.425	0.260	734.705	3.292	0
6151	309	713	17	0.671	0.247	732.267	3.497	0	705	40	0.425	0.260	734.705	3.244	0
6171	310	718	10	0.671	0.247	732.267	3.514	0	718	27	0.425	0.260	734.705	3.322	0
6191	311	712	3	0.671	0.247	733.161	3.504	0	715	33	0.425	0.260	734.786	3.292	0
6211	312	713	23	0.670	0.247	733.161	3.604	0	703	30	0.425	0.260	734.786	3.299	0
6231	313	715	29	0.670	0.247	733.161	3.586	0	715	27	0.425	0.260	734.786	3.341	0
6251	314	709	27	0.670	0.247	733.161	3.586	0	712	26	0.425	0.260	734.786	3.363	0
6271	315	709	26	0.670	0.247	733.161	3.594	0	705	34	0.424	0.260	734.786	3.418	0
6291	316	710	31	0.670	0.247	732.251	3.580	0	711	28	0.424	0.260	736.317	3.458	0
6311	317	702	40	0.669	0.247	732.251	3.602	0	707	19	0.424	0.260	736.317	3.378	0
6331	318	719	31	0.669	0.247	732.251	3.625	0	705	35	0.424	0.260	736.317	3.367	0
6350	319	719	28	0.669	0.247	732.251	3.635	0	706	25	0.423	0.261	736.317	3.358	0
6370	320	708	40	0.668	0.248	732.251	3.560	0	704	31	0.423	0.261	736.317	3.408	0
6390	321	715	37	0.668	0.247	731.734	3.568	0	703	30	0.423	0.261	735.005	3.397	0
6410	322	701	38	0.668	0.247	731.734	3.609	0	708	45	0.423	0.261	735.005	3.399	0
6430	323	708	39	0.668	0.247	731.734	3.630	0	699	43	0.422	0.261	735.005	3.435	0
6450	324	712	25	0.668	0.247	731.734	3.604	0	709	47	0.422	0.261	735.005	3.437	0
6470	325	718	36	0.668	0.247	731.734	3.622	0	706	33	0.422	0.261	735.005	3.440	0
6490	326	719	32	0.668	0.247	732.056	3.628	0	703	33	0.422	0.261	734.900	3.442	0
6510	327	714	33	0.668	0.247	732.056	3.648	0	699	33	0.422	0.261	734.900	3.422	0
6530	328	710	32	0.668	0.247	732.056	3.622	0	704	24	0.422	0.260	734.900	3.442	0
6550	329	713	32	0.668	0.247	732.056	3.669	0	705	28	0.422	0.260	734.900	3.447	0
6570	330	722	36	0.668	0.247	732.056	3.614	0	714	36	0.423	0.260	734.900	3.439	0
6590	331	719	31	0.668	0.247	733.852	3.635	0	717	31	0.423	0.260	735.406	3.442	0
6610	332	684	27	0.669	0.247	733.852	3.695	0	673	31	0.423	0.260	735.406	3.422	0
6630	333	621	30	0.670	0.247	733.852	3.648	0	614	31	0.424	0.260	735.406	3.438	0
6650	334	615	34	0.670	0.247	733.852	3.687	0	618	30	0.425	0.260	735.406	3.425	0
6669	335	616	39	0.670	0.247	733.852	3.619	0	617	31	0.425	0.260	735.406	3.384	0
6689	336	617	38	0.670	0.247	734.658	3.627	0	619	17	0.425	0.260	740.201	3.407	0
6709	337	614	34	0.670	0.247	734.658	3.670	0	618	17	0.425	0.260	740.201	3.454	0
6729	338	623	31	0.670	0.247	734.658	3.693	0	627	22	0.425	0.260	740.201	3.392	0
6749	339	624	31	0.670	0.247	734.658	3.663	0	618	10	0.425	0.260	740.201	3.462	0
6769	340	624	33	0.670	0.247	734.658	3.688	0	614	19	0.425	0.261	740.201	3.458	0
6789	341	625	32	0.670	0.247	734.430	3.675	0	616	21	0.425	0.260	739.474	3.441	0
6809	342	617	32	0.670	0.247	734.430	3.693	0	615	8	0.425	0.260	739.474	3.537	0
6829	343	623	22	0.670	0.247	734.430	3.754	0	617	19	0.425	0.260	739.474	3.460	0
6849	344	626	32	0.671	0.247	734.430	3.672	0	626	19	0.425	0.260	739.474	3.442	0
6869	345	628	30	0.671	0.247	734.430	3.686	0	617	18	0.426	0.260	739.474	3.503	0
6889	346	630	26	0.671	0.247	734.780	3.698	0	620	16	0.426	0.260	739.966	3.460	0
6909	347	626	34	0.672	0.248	734.780	3.690	0	616	17	0.426	0.260	739.966	3.495	0
6929	348	636	31	0.672	0.248	734.780	3.678	0	618	23	0.427	0.260	739.966	3.494	0
6949	349	621	40	0.672	0.248	734.780	3.744	0	615	13	0.427	0.260	739.966	3.505	0
6968	350	620	41	0.672	0.248	734.780	3.710	0	617	18	0.427	0.260	739.966	3.469	0
6988	351	620	38	0.672	0.248	736.432	3.730	0	615	17	0.427	0.260	740.782	3.472	0
7008	352	570	27	0.673	0.248	736.432	3.755	0	562	22	0.428	0.260	740.782	3.466	0
7028	353	433	12	0.675	0.248	736.432	3.743	0	436	21	0.430	0.260	740.782	3.511	0
7048	354	372	18	0.675	0.248	736.432	3.709	0	360	21	0.431	0.260	740.782	3.474	0
7068	355	392	24	0.675	0.248	736.432	3.639	0	371	20	0.431	0.260	740.782	3.494	0
7088	356	362	32	0.675	0.248	731.329	3.590	0	378	28	0.431	0.260	737.672	3.461	0
7108	357	380	37	0.675	0.248	731.329	3.653	0	378	30	0.431	0.260	737.672	3.453	0
7128	358	381	27	0.675	0.248	731.329	3.659	0	370	27	0.431	0.260	737.672	3.463	0
7148	359	383	56	0.675	0.248	731.329	3.672	0	375	32	0.431	0.260	737.672	3.462	0
7168	360	385	48	0.676	0.248	731.329	3.654	0	370	32	0.431	0.259	737.672	3.422	0
7188	361	385	46	0.676	0.248	732.975	3.669	0	372	32	0.431	0.259	737.636	3.424	0
7208	362	385	47	0.676	0.247	732.975	3.654	0	375	18	0.431	0.259	737.636	3.398	0
7228	363	378	35	0.676	0.247	732.975	3.686	0	370	17	0.431	0.259	737.636	3.457	0
7248	364	387	33	0.677	0.247	732.975	3.697	0	373	26	0.432	0.259	737.636	3.431	0
7268	365	392	35	0.677	0.247	732.975	3.632	0	374	32	0.432	0.259	737.636	3.467	0
7288	366	391	39	0.678	0.247	731.412	3.641	0	373	33	0.433	0.259	738.302	3.464	0
7307	367	383	29	0.678	0.247	731.412	3.686	0	377	16	0.433	0.258	738.302	3.449	0
7327	368	380	42	0.679	0.247	731.412	3.695	0	377	20	0.434	0.258	738.302	3.493	0
7347	369	383	40	0.679	0.247	731.412	3.669	0	366	23	0.434	0.258	738.302	3.466	0
7367	370	387	36	0.680	0.247	731.412	3.662	0	365	24	0.435	0.258	738.302	3.492	0
7387	371	384	36	0.680	0.247	734.042	3.669	0	365	27	0.435	0.257	737.100	3.477	0
7407	372	399	39	0.681	0.247	734.042	3.681	0	372	23	0.436	0.257	737.100	3.484	0
7427	373	385	42	0.681	0.247	734.042	3.709	0	370	33	0.436	0.257	737.100	3.450	0
7447	374	-1280	-1024	-1.000	-1.000	-1.000	-1.000	4	-1280	-1024	-1.000	-1.000	-1.000	-1.000	4
7467	375	-1280	-1024	-1.000	-1.000	-1.000	-1.000	4	-1280	-1024	-1.000	-1.000	-1.000	-1.000	4
7487	376	-1280	-1024	-1.000	-1.000	-1.000	-1.000	4	-1280	-1024	-1.000	-1.000	-1.000	-1.000	4
7507	377	-1280	-1024	-1.000	-1.000	-1.000	-1.000	4	-1280	-1024	-1.000	-1.000	-1.000	-1.000	4
7527	378	-1280	-1024	-1.000	-1.000	-1.000	-1.000	4	-1280	-1024	-1.000	-1.000	-1.000	-1.000	4
7547	379	-1280	-1024	-1.000	-1.000	-1.000	-1.000	4	-1280	-1024	-1.000	-1.000	-1.000	-1.000	4
7567	380	-1280	-1024	-1.000	-1.000	-1.000	-1.000	4	-1280	-1024	-1.000	-1.000	-1.000	-1.000	4
7587	381	406	-9	0.682	0.245	734.042	3.657	0	-1280	-1024	0.682	0.245	-1.000	-1.000	4
7607	382	410	10	0.682	0.246	727.107	3.623	0	-1280	-1024	0.436	0.256	-1.000	-1.000	4
7626	383	-1280	-1024	-1.000	-1.000	-1.000	-1.000	4	-1280	-1024	-1.000	-1.000	-1.000	-1.000	4
7646	384	416	59	0.682	0.246	727.107	3.707	0	-1280	-1024	0.682	0.246	-1.000	-1.000	4
7666	385	420	49	0.681	0.247	727.107	3.770	0	-1280	-1024	0.681	0.247	-1.000	-1.000	4
7686	386	425	45	0.681	0.247	727.107	3.743	0	401	-18	0.436	0.257	741.677	3.495	0
7706	387	429	22	0.681	0.247	733.364	3.807	0	404	6	0.435	0.257	733.349	3.457	0
7726	388	419	13	0.680	0.247	733.364	3.748	0	414	14	0.435	0.257	733.349	3.422	0
7746	389	413	7	0.679	0.247	733.364	3.787	0	393	26	0.434	0.257	733.349	3.480	0
7766	390	416	39	0.679	0.247	733.364	3.797	0	407	18	0.434	0.257	733.349	3.488	0
7786	391	422	24	0.678	0.246	733.364	3.822	0	404	18	0.433	0.257	733.349	3.470	0
7806	392	422	37	0.677	0.246	730.472	3.822	0	399	18	0.432	0.257	733.570	3.470	0
7826	393	421	41	0.676	0.246	730.472	3.850	0	397	30	0.431	0.257	733.570	3.527	0
7846	394	418	34	0.675	0.245	730.472	3.798	0	387	22	0.431	0.257	733.570	3.547	0
7866	395	419	21	0.675	0.245	730.472	3.846	0	397	16	0.430	0.257	733.570	3.518	0
7886	396	421	22	0.674	0.245	730.472	3.843	0	405	14	0.429	0.257	733.570	3.604	0
7906	397	419	21	0.674	0.245	731.558	3.834	0	404	3	0.429	0.256	736.679	3.628	0
7925	398	427	43	0.673	0.245	731.558	3.781	0	404	7	0.428	0.256	736.679	3.540	0
7945	399	420	32	0.673	0.245	731.558	3.829	0	404	2	0.428	0.256	736.679	3.571	0
7965	400	384	56	0.673	0.245	731.558	3.814	0	366	29	0.428	0.257	736.679	3.559	0
7985	401	224	101	0.674	0.246	731.558	3.842	0	228	63	0.430	0.258	736.679	3.601	0
8005	402	193	104	0.674	0.247	731.922	3.843	0	197	67	0.430	0.258	738.538	3.616	0
8025	403	198	118	0.674	0.247	731.922	3.784	0	203	97	0.429	0.258	738.538	3.487	0
8045	404	204	119	0.674	0.247	731.922	3.749	0	198	94	0.429	0.258	738.538	3.497	0
8065	405	205	104	0.674	0.247	731.922	3.703	0	188	90	0.429	0.258	738.538	3.530	0
8085	406	203	103	0.674	0.247	731.922	3.701	0	186	99	0.429	0.258	738.538	3.457	0
8105	407	204	105	0.674	0.247	731.012	3.695	0	187	99	0.429	0.258	738.083	3.466	0
8125	408	206	135	0.674	0.247	731.012	3.625	0	192	102	0.429	0.258	738.083	3.444	0
8145	409	207	115	0.673	0.247	731.012	3.653	0	194	100	0.429	0.258	738.083	3.473	0
8165	410	208	124	0.673	0.247	731.012	3.626	0	196	102	0.428	0.258	738.083	3.481	0
8185	411	198	119	0.673	0.247	731.012	3.614	0	194	99	0.428	0.258	738.083	3.468	0
8205	412	197	121	0.673	0.248	732.354	3.627	0	196	101	0.428	0.259	737.513	3.466	0
8225	413	223	155	0.673	0.248	732.354	3.562	0	218	142	0.428	0.259	737.513	3.386	0
8245	414	221	171	0.673	0.248	732.354	3.557	0	221	127	0.428	0.259	737.513	3.391	0
8264	415	217	160	0.674	0.248	732.354	3.567	0	213	136	0.429	0.259	737.513	3.379	0
8284	416	226	169	0.674	0.248	732.354	3.585	0	215	131	0.429	0.259	737.513	3.380	0
8304	417	223	161	0.674	0.248	733.705	3.593	0	211	125	0.429	0.259	741.714	3.399	0
8324	418	279	187	0.674	0.248	733.705	3.531	0	259	130	0.428	0.259	741.714	3.380	0
8344	419	277	179	0.674	0.248	733.705	3.516	0	252	121	0.428	0.259	741.714	3.391	0
8364	420	282	164	0.673	0.248	733.705	3.511	0	271	143	0.428	0.259	741.714	3.403	0
8384	421	277	171	0.673	0.248	733.705	3.512	0	267	148	0.428	0.259	741.714	3.339	0
8404	422	276	159	0.673	0.248	735.598	3.522	0	267	157	0.428	0.259	739.992	3.336	0
8424	423	270	172	0.673	0.248	735.598	3.477	0	265	139	0.428	0.259	739.992	3.282	0
8444	424	267	173	0.673	0.248	735.598	3.470	0	254	129	0.428	0.259	739.992	3.304	0
8464	425	268	143	0.673	0.248	735.598	3.460	0	265	152	0.428	0.259	739.992	3.314	0
8484	426	265	139	0.673	0.248	735.598	3.438	0	257	147	0.428	0.259	739.992	3.247	0
8504	427	265	134	0.673	0.248	735.432	3.428	0	260	147	0.428	0.259	740.655	3.261	0
8524	428	268	149	0.673	0.248	735.432	3.433	0	266	138	0.428	0.259	740.655	3.248	0
8544	429	264	162	0.673	0.248	735.432	3.388	0	264	133	0.428	0.259	740.655	3.207	0
8563	430	269	145	0.673	0.248	735.432	3.423	0	251	139	0.428	0.259	740.655	3.194	0
8583	431	264	142	0.673	0.248	735.432	3.395	0	257	150	0.428	0.259	740.655	3.169	0
8603	432	266	142	0.673	0.248	734.833	3.406	0	253	147	0.428	0.259	741.469	3.155	0
8623	433	216	164	0.674	0.248	734.833	3.303	0	197	137	0.429	0.259	741.469	3.192	0
8643	434	195	148	0.674	0.248	734.833	3.329	0	168	136	0.429	0.259	741.469	3.193	0
8663	435	185	152	0.674	0.248	734.833	3.343	0	158	125	0.429	0.259	741.469	3.184	0
8683	436	184	152	0.675	0.248	734.833	3.336	0	156	137	0.430	0.259	741.469	3.130	0
8703	437	185	162	0.675	0.248	730.881	3.325	0	154	138	0.430	0.259	739.842	3.116	0
8723	438	201	155	0.675	0.248	730.881	3.274	0	165	126	0.430	0.259	739.842	3.114	0
8743	439	196	154	0.675	0.248	730.881	3.247	0	161	128	0.430	0.259	739.842	3.152	0
8763	440	188	153	0.675	0.248	730.881	3.252	0	177	120	0.429	0.259	739.842	3.117	0
8783	441	200	162	0.674	0.248	730.881	3.257	0	169	136	0.429	0.259	739.842	3.100	0
8803	442	195	159	0.674	0.248	731.824	3.266	0	170	130	0.429	0.259	741.660	3.117	0
8823	443	193	154	0.674	0.248	731.824	3.302	0	165	134	0.429	0.259	741.660	3.143	0
8843	444	178	152	0.674	0.248	731.824	3.253	0	163	121	0.429	0.259	741.660	3.152	0
8863	445	195	145	0.674	0.248	731.824	3.184	0	167	121	0.429	0.259	741.660	3.010	0
8882	446	186	143	0.674	0.248	731.824	3.260	0	168	123	0.429	0.259	741.660	3.075	0
8902	447	186	148	0.674	0.248	729.431	3.229	0	169	127	0.429	0.259	740.022	3.032	0
8922	448	135	152	0.675	0.248	729.431	3.218	0	109	120	0.430	0.259	740.022	3.118	0
8942	449	126	146	0.675	0.248	729.431	3.272	0	114	113	0.430	0.259	740.022	3.064	0
8962	450	129	147	0.675	0.248	729.431	3.251	0	116	118	0.430	0.259	740.022	3.064	0
8982	451	121	146	0.675	0.248	729.431	3.258	0	111	119	0.430	0.259	740.022	3.067	0
9002	452	119	143	0.675	0.248	730.538	3.252	0	114	119	0.430	0.259	739.416	3.065	0
9022	453	120	148	0.675	0.248	730.538	3.270	0	119	118	0.430	0.259	739.416	3.077	0
9042	454	127	144	0.675	0.248	730.538	3.302	0	104	119	0.430	0.259	739.416	3.115	0
9062	455	139	146	0.674	0.248	730.538	3.217	0	109	128	0.430	0.259	739.416	3.093	0
9082	456	130	99	0.674	0.247	730.538	3.301	0	98	76	0.429	0.258	739.416	3.094	0
9102	457	134	95	0.674	0.247	729.777	3.269	0	101	86	0.430	0.258	735.923	3.081	0
9122	458	109	67	0.674	0.247	729.777	3.336	0	90	49	0.429	0.258	735.923	3.072	0
9142	459	105	66	0.673	0.247	729.777	3.274	0	85	37	0.429	0.259	735.923	3.111	0
9162	460	103	72	0.673	0.247	729.777	3.287	0	86	54	0.428	0.259	735.923	3.079	0
9182	461	101	79	0.673	0.247	729.777	3.342	0	80	45	0.428	0.259	735.923	3.088	0
9202	462	99	80	0.673	0.247	730.242	3.317	0	76	36	0.428	0.259	738.428	3.111	0
9221	463	99	57	0.673	0.247	730.242	3.366	0	87	29	0.429	0.259	738.428	3.137	0
9241	464	101	72	0.673	0.247	730.242	3.357	0	94	37	0.429	0.259	738.428	3.144	0
9261	465	93	66	0.674	0.247	730.242	3.341	0	78	20	0.429	0.258	738.428	3.154	0
9281	466	84	49	0.674	0.246	730.242	3.353	0	66	11	0.430	0.258	738.428	3.120	0
9301	467	83	60	0.674	0.246	727.780	3.334	0	65	14	0.430	0.258	737.151	3.119	0
9321	468	93	49	0.675	0.246	727.780	3.377	0	61	13	0.430	0.257	737.151	3.114	0
9341	469	97	55	0.675	0.246	727.780	3.289	0	66	11	0.430	0.257	737.151	3.133	0
9361	470	86	59	0.675	0.246	727.780	3.355	0	65	11	0.430	0.257	737.151	3.169	0
9381	471	85	58	0.675	0.246	727.780	3.394	0	61	11	0.430	0.257	737.151	3.163	0
9401	472	85	54	0.675	0.246	729.134	3.374	0	65	13	0.430	0.257	736.591	3.154	0
9421	473	89	29	0.674	0.246	729.134	3.354	0	85	-4	0.430	0.257	736.591	3.161	0
9441	474	93	39	0.674	0.245	729.134	3.385	0	73	-7	0.430	0.257	736.591	3.166	0
9461	475	103	38	0.674	0.245	729.134	3.382	0	78	-7	0.429	0.257	736.591	3.185	0
9481	476	97	29	0.674	0.245	729.134	3.366	0	81	-6	0.429	0.257	736.591	3.195	0
9501	477	102	35	0.674	0.245	728.852	3.381	0	76	-9	0.429	0.257	737.252	3.208	0
9521	478	87	25	0.674	0.245	728.852	3.386	0	80	0	0.429	0.257	737.252	3.193	0
9541	479	98	36	0.674	0.245	728.852	3.459	0	88	-6	0.430	0.257	737.252	3.138	0
9560	480	100	34	0.675	0.245	728.852	3.393	0	82	-7	0.430	0.257	737.252	3.196	0
9580	481	92	33	0.675	0.245	728.852	3.383	0	83	-4	0.430	0.257	737.252	3.177	0
9600	482	99	36	0.676	0.245	727.673	3.398	0	86	-2	0.431	0.256	736.765	3.161	0
9620	483	110	54	0.676	0.245	727.673	3.397	0	97	-3	0.431	0.256	736.765	3.113	0
9640	484	105	38	0.676	0.246	727.673	3.446	0	80	0	0.431	0.256	736.765	3.184	0
9660	485	100	28	0.676	0.246	727.673	3.407	0	87	3	0.432	0.256	736.765	3.215	0
9680	486	100	42	0.676	0.246	727.673	3.445	0	81	-8	0.432	0.256	736.765	3.160	0
9700	487	98	31	0.676	0.246	730.912	3.447	0	85	-9	0.431	0.257	738.157	3.168	0
9720	488	201	70	0.675	0.246	730.912	3.482	0	193	24	0.430	0.257	738.157	3.219	0
9740	489	204	79	0.675	0.246	730.912	3.483	0	198	31	0.430	0.257	738.157	3.192	0
9760	490	215	69	0.675	0.246	730.912	3.442	0	192	31	0.430	0.257	738.157	3.175	0
9780	491	213	77	0.675	0.246	730.912	3.430	0	192	33	0.430	0.257	738.157	3.176	0
9800	492	209	66	0.675	0.246	733.232	3.428	0	193	36	0.430	0.257	737.335	3.174	0
9820	493	203	68	0.674	0.246	733.232	3.457	0	194	33	0.430	0.257	737.335	3.188	0
9840	494	201	57	0.674	0.246	733.232	3.493	0	187	35	0.430	0.257	737.335	3.198	0
9859	495	209	68	0.674	0.246	733.232	3.492	0	192	35	0.430	0.257	737.335	3.213	0
9879	496	199	74	0.675	0.246	733.232	3.496	0	198	31	0.430	0.257	737.335	3.206	0
9899	497	203	78	0.675	0.246	730.907	3.485	0	196	29	0.430	0.256	738.235	3.218	0
9919	498	196	79	0.675	0.246	730.907	3.485	0	187	39	0.430	0.256	738.235	3.192	0
9939	499	206	70	0.675	0.246	730.907	3.435	0	191	42	0.431	0.256	738.235	3.250	0
9959	500	203	74	0.676	0.246	730.907	3.494	0	191	24	0.431	0.256	738.235	3.251	0
9979	501	228	66	0.675	0.246	730.907	3.522	0	218	28	0.431	0.256	738.235	3.224	0
9999	502	233	65	0.675	0.245	731.102	3.515	0	223	32	0.431	0.256	737.227	3.252	0
10019	503	230	64	0.675	0.245	731.102	3.558	0	225	35	0.431	0.256	737.227	3.230	0
10039	504	225	55	0.675	0.245	731.102	3.560	0	217	34	0.431	0.256	737.227	3.234	0
10059	505	221	71	0.675	0.245	731.102	3.601	0	223	38	0.431	0.256	737.227	3.261	0
10079	506	225	62	0.675	0.246	731.102	3.586	0	212	33	0.430	0.256	737.227	3.257	0
10099	507	225	62	0.675	0.246	730.971	3.599	0	213	31	0.430	0.256	738.433	3.259	0
10119	508	213	73	0.674	0.246	730.971	3.621	0	222	41	0.430	0.256	738.433	3.259	0
10139	509	235	72	0.674	0.245	730.971	3.606	0	217	23	0.429	0.257	738.433	3.324	0
10159	510	224	67	0.674	0.245	730.971	3.608	0	219	38	0.429	0.257	738.433	3.261	0
