9	1	-1280	-1024	0.649	0.489	-1.000	-1.000	4	-1280	-1024	0.422	0.514	-1.000	-1.000	4
28	2	-1280	-1024	-1.000	-1.000	-1.000	-1.000	4	-1280	-1024	-1.000	-1.000	-1.000	-1.000	4
48	3	534	488	0.650	0.489	707.291	3.627	0	538	462	0.422	0.514	711.352	3.428	0
68	4	536	479	0.650	0.489	707.291	3.763	0	536	470	0.422	0.514	711.352	3.447	0
88	5	539	497	0.650	0.489	707.291	3.799	0	539	439	0.422	0.514	711.352	3.450	0
108	6	544	500	0.650	0.489	705.780	3.827	0	538	432	0.422	0.514	712.282	3.457	0
128	7	528	508	0.650	0.489	705.780	3.895	0	560	464	0.423	0.514	712.282	3.527	0
148	8	523	450	0.650	0.489	705.780	3.717	0	553	468	0.422	0.514	712.282	3.564	0
168	9	540	468	0.650	0.489	705.780	3.815	0	585	477	0.422	0.514	712.282	3.447	0
188	10	537	471	0.650	0.489	705.780	3.699	0	554	465	0.423	0.514	712.282	3.556	0
208	11	533	472	0.650	0.489	706.519	3.730	0	565	470	0.423	0.514	711.743	3.511	0
228	12	542	444	0.651	0.489	706.519	3.751	0	563	468	0.424	0.514	711.743	3.591	0
263	13	559	445	0.651	0.489	706.519	3.670	0	560	469	0.423	0.514	711.743	3.481	0
288	14	546	498	0.651	0.489	706.519	3.697	0	541	463	0.424	0.514	711.743	3.407	0
308	15	565	499	0.652	0.489	706.519	3.684	0	573	477	0.424	0.514	711.743	3.338	0
327	16	562	499	0.652	0.490	706.678	3.699	0	571	476	0.425	0.514	712.330	3.271	0
348	17	-1280	-1024	0.425	0.514	-1.000	-1.000	4	561	456	0.425	0.514	712.330	3.471	0
367	18	548	457	0.653	0.489	706.678	3.557	0	566	439	0.425	0.513	712.330	3.243	0
387	19	553	365	0.653	0.489	706.678	3.380	0	616	366	0.426	0.513	712.330	3.263	0
407	20	578	386	0.653	0.489	706.678	3.496	0	602	392	0.426	0.513	712.330	3.204	0
427	21	592	414	0.654	0.489	703.214	3.401	0	590	365	0.426	0.513	709.762	3.186	0
447	22	570	422	0.655	0.489	703.214	3.372	0	617	384	0.427	0.512	709.762	3.277	0
467	23	552	400	0.655	0.489	703.214	3.565	0	593	370	0.427	0.512	709.762	3.246	0
487	24	555	386	0.655	0.489	703.214	3.339	0	591	394	0.428	0.512	709.762	3.230	0
507	25	555	411	0.656	0.489	703.214	3.479	0	598	370	0.428	0.512	709.762	3.123	0
527	26	556	393	0.656	0.489	704.184	3.533	0	600	377	0.429	0.512	710.414	3.093	0
547	27	569	381	0.657	0.489	704.184	3.452	0	597	364	0.429	0.512	710.414	3.145	0
567	28	571	380	0.657	0.489	704.184	3.307	0	614	373	0.429	0.512	710.414	3.194	0
587	29	496	492	0.658	0.490	704.184	3.366	0	495	465	0.431	0.513	710.414	3.147	0
607	30	397	638	0.659	0.491	704.184	3.344	0	353	585	0.432	0.514	710.414	3.223	0
627	31	333	684	0.660	0.491	706.331	3.386	0	282	631	0.433	0.514	709.437	3.212	0
647	32	-1280	-1024	0.433	0.514	-1.000	-1.000	4	361	591	0.433	0.514	709.437	3.179	0
667	33	374	657	0.660	0.491	706.331	3.456	0	376	591	0.433	0.514	709.437	3.107	0
687	34	-1280	-1024	0.433	0.514	-1.000	-1.000	4	393	510	0.433	0.514	709.437	3.212	0
706	35	340	564	0.660	0.491	706.331	3.233	0	366	578	0.433	0.514	709.437	3.005	0
726	36	340	564	0.661	0.491	706.330	3.233	0	368	555	0.433	0.514	710.463	3.011	0
746	37	-1280	-1024	0.433	0.514	-1.000	-1.000	4	383	571	0.433	0.514	710.463	3.107	0
766	38	351	626	0.661	0.491	706.330	3.459	0	329	588	0.433	0.514	710.463	3.026	0
786	39	-1280	-1024	0.434	0.514	-1.000	-1.000	4	330	576	0.434	0.514	710.463	3.083	0
806	40	-1280	-1024	0.434	0.514	-1.000	-1.000	4	293	611	0.434	0.514	710.463	3.149	0
826	41	-1280	-1024	0.662	0.491	-1.000	-1.000	4	280	613	0.434	0.514	712.072	3.133	0
846	42	290	590	0.662	0.491	705.266	3.303	0	307	587	0.434	0.514	712.072	3.063	0
866	43	-1280	-1024	0.434	0.514	-1.000	-1.000	4	311	591	0.434	0.514	712.072	3.078	0
886	44	326	618	0.662	0.491	705.266	3.256	0	303	590	0.434	0.514	712.072	3.018	0
906	45	-1280	-1024	0.434	0.514	-1.000	-1.000	4	317	609	0.434	0.514	712.072	3.170	0
926	46	-1280	-1024	0.662	0.491	-1.000	-1.000	4	317	611	0.434	0.513	713.101	3.176	0
946	47	-1280	-1024	0.436	0.511	-1.000	-1.000	4	281	318	0.436	0.511	713.101	3.066	0
966	48	-1280	-1024	0.437	0.509	-1.000	-1.000	4	204	105	0.437	0.509	713.101	3.002	0
986	49	-1280	-1024	0.437	0.508	-1.000	-1.000	4	192	97	0.437	0.508	713.101	3.000	0
1005	50	-1280	-1024	0.437	0.508	-1.000	-1.000	4	196	104	0.437	0.508	713.101	3.108	0
1025	51	-1280	-1024	0.663	0.485	-1.000	-1.000	4	191	119	0.437	0.508	706.567	3.051	0
1045	52	-1280	-1024	0.437	0.508	-1.000	-1.000	4	205	139	0.437	0.508	706.567	2.940	0
1065	53	155	146	0.663	0.485	701.481	3.076	0	187	121	0.436	0.508	706.567	2.898	0
1085	54	149	131	0.664	0.485	701.481	3.322	0	181	150	0.436	0.508	706.567	2.951	0
1105	55	170	174	0.664	0.486	701.481	3.104	0	198	122	0.437	0.508	706.567	2.930	0
1125	56	173	178	0.664	0.486	701.407	3.195	0	199	129	0.437	0.508	707.865	2.927	0
1145	57	-1280	-1024	0.437	0.508	-1.000	-1.000	4	195	107	0.437	0.508	707.865	3.012	0
1165	58	103	123	0.665	0.486	701.407	2.999	0	136	83	0.438	0.508	707.865	2.918	0
1185	59	76	122	0.665	0.486	701.407	3.020	0	91	93	0.438	0.508	707.865	2.874	0
1205	60	62	109	0.665	0.486	701.407	3.058	0	97	80	0.438	0.508	707.865	2.933	0
1225	61	55	120	0.665	0.486	695.854	3.061	0	102	92	0.438	0.508	706.143	2.917	0
1245	62	-1280	-1024	0.438	0.508	-1.000	-1.000	4	109	95	0.438	0.508	706.143	2.877	0
1265	63	-1280	-1024	0.438	0.508	-1.000	-1.000	4	99	81	0.438	0.508	706.143	2.926	0
1285	64	-1280	-1024	0.438	0.508	-1.000	-1.000	4	114	80	0.438	0.508	706.143	2.879	0
1305	65	-1280	-1024	0.438	0.508	-1.000	-1.000	4	100	97	0.438	0.508	706.143	2.946	0
1324	66	-1280	-1024	0.665	0.486	-1.000	-1.000	4	105	87	0.438	0.507	707.255	2.942	0
1344	67	-1280	-1024	0.438	0.508	-1.000	-1.000	4	115	80	0.438	0.508	707.255	2.880	0
1364	68	-1280	-1024	0.438	0.508	-1.000	-1.000	4	88	86	0.438	0.508	707.255	2.884	0
1384	69	56	156	0.665	0.486	696.616	3.063	0	111	83	0.438	0.508	707.255	2.970	0
1404	70	63	152	0.665	0.486	696.616	3.032	0	107	73	0.438	0.508	707.255	3.008	0
1424	71	60	147	0.665	0.486	698.433	3.040	0	98	73	0.438	0.508	707.705	3.047	0
1444	72	-1280	-1024	0.436	0.511	-1.000	-1.000	4	284	377	0.436	0.511	707.705	2.909	0
1464	73	-1280	-1024	0.435	0.512	-1.000	-1.000	4	366	511	0.435	0.512	707.705	3.003	0
1484	74	358	527	0.662	0.490	698.433	3.127	0	347	471	0.435	0.512	707.705	3.000	0
1504	75	393	543	0.662	0.490	698.433	3.274	0	351	497	0.435	0.512	707.705	3.010	0
1524	76	392	537	0.663	0.490	702.663	3.293	0	343	474	0.435	0.512	710.392	3.023	0
1544	77	-1280	-1024	0.435	0.512	-1.000	-1.000	4	382	472	0.435	0.512	710.392	3.124	0
1564	78	375	505	0.663	0.490	702.663	3.233	0	375	500	0.435	0.512	710.392	3.066	0
1584	79	394	559	0.663	0.490	702.663	3.315	0	357	509	0.435	0.512	710.392	3.083	0
1604	80	-1280	-1024	0.435	0.512	-1.000	-1.000	4	378	499	0.435	0.512	710.392	3.105	0
1624	81	-1280	-1024	0.663	0.490	-1.000	-1.000	4	373	497	0.436	0.512	713.765	3.093	0
1643	82	-1280	-1024	0.436	0.512	-1.000	-1.000	4	341	558	0.436	0.512	713.765	3.140	0
1663	83	338	620	0.664	0.491	705.179	3.389	0	343	541	0.436	0.512	713.765	3.092	0
1683	84	-1280	-1024	0.436	0.512	-1.000	-1.000	4	339	602	0.436	0.512	713.765	3.180	0
1703	85	353	650	0.664	0.491	705.179	3.515	0	313	599	0.436	0.512	713.765	3.366	0
1723	86	354	650	0.664	0.491	704.759	3.513	0	304	598	0.436	0.512	712.371	3.377	0
1743	87	308	600	0.665	0.491	704.759	3.461	0	316	594	0.437	0.512	712.371	3.197	0
1763	88	329	610	0.664	0.491	704.759	3.437	0	358	580	0.436	0.512	712.371	3.018	0
1783	89	-1280	-1024	0.436	0.512	-1.000	-1.000	4	344	563	0.436	0.512	712.371	3.062	0
1803	90	-1280	-1024	0.435	0.512	-1.000	-1.000	4	461	593	0.435	0.512	712.371	3.087	0
1823	91	-1280	-1024	0.663	0.491	-1.000	-1.000	4	462	581	0.435	0.512	711.630	3.108	0
1843	92	448	638	0.663	0.491	705.940	3.348	0	461	569	0.435	0.512	711.630	3.133	0
1863	93	430	589	0.663	0.491	705.940	3.247	0	445	589	0.435	0.512	711.630	3.169	0
1883	94	444	609	0.663	0.491	705.940	3.410	0	465	608	0.435	0.512	711.630	3.112	0
1903	95	-1280	-1024	0.435	0.513	-1.000	-1.000	4	457	546	0.435	0.513	711.630	3.083	0
1923	96	-1280	-1024	0.663	0.491	-1.000	-1.000	4	467	559	0.435	0.513	711.556	3.083	0
1942	97	455	626	0.663	0.491	706.866	3.285	0	468	604	0.435	0.513	711.556	3.056	0
1962	98	-1280	-1024	0.435	0.513	-1.000	-1.000	4	464	567	0.435	0.513	711.556	2.928	0
1982	99	-1280	-1024	0.434	0.513	-1.000	-1.000	4	445	601	0.434	0.513	711.556	3.081	0
2002	100	444	573	0.663	0.491	706.866	3.389	0	470	567	0.434	0.513	711.556	3.114	0
2022	101	444	572	0.663	0.491	707.205	3.390	0	466	579	0.435	0.513	711.317	3.092	0
2042	102	-1280	-1024	0.435	0.513	-1.000	-1.000	4	439	578	0.435	0.513	711.317	3.140	0
2062	103	449	608	0.663	0.491	707.205	3.386	0	429	608	0.434	0.513	711.317	3.055	0
2082	104	-1280	-1024	0.434	0.513	-1.000	-1.000	4	436	584	0.434	0.513	711.317	3.120	0
2102	105	465	649	0.663	0.491	707.205	3.356	0	454	575	0.434	0.513	711.317	3.121	0
2122	106	465	649	0.663	0.491	706.972	3.355	0	425	584	0.434	0.513	710.734	3.119	0
2142	107	-1280	-1024	0.435	0.513	-1.000	-1.000	4	452	595	0.435	0.513	710.734	3.106	0
2162	108	430	595	0.662	0.491	706.972	3.419	0	469	609	0.434	0.513	710.734	3.204	0
2182	109	442	633	0.662	0.491	706.972	3.358	0	452	617	0.434	0.513	710.734	3.195	0
2202	110	550	621	0.661	0.491	706.972	3.382	0	544	599	0.433	0.513	710.734	3.154	0
2222	111	593	610	0.658	0.491	705.091	3.340	0	528	608	0.430	0.513	709.854	3.201	0
2242	112	950	578	0.657	0.491	705.091	3.345	0	927	598	0.429	0.513	709.854	3.006	0
2262	113	937	605	0.656	0.491	705.091	3.341	0	908	613	0.429	0.513	709.854	3.020	0
2281	114	904	559	0.656	0.491	705.091	3.296	0	932	629	0.429	0.513	709.854	3.084	0
2301	115	931	545	0.656	0.491	705.091	3.239	0	931	616	0.429	0.513	709.854	2.960	0
2321	116	922	543	0.657	0.491	706.287	3.222	0	931	623	0.429	0.513	710.127	2.980	0
2341	117	910	545	0.656	0.491	706.287	3.420	0	929	594	0.429	0.513	710.127	3.031	0
2361	118	-1280	-1024	0.429	0.513	-1.000	-1.000	4	910	602	0.429	0.513	710.127	3.044	0
2381	119	921	574	0.657	0.491	706.287	3.308	0	927	600	0.429	0.513	710.127	2.945	0
2401	120	916	584	0.657	0.491	706.287	3.300	0	930	596	0.429	0.513	710.127	3.056	0
2421	121	915	583	0.657	0.491	706.614	3.302	0	932	599	0.429	0.513	710.523	3.028	0
2441	122	911	579	0.656	0.491	706.614	3.336	0	931	582	0.428	0.513	710.523	2.930	0
2461	123	-1280	-1024	0.429	0.513	-1.000	-1.000	4	894	606	0.429	0.513	710.523	2.957	0
2481	124	-1280	-1024	0.428	0.513	-1.000	-1.000	4	995	581	0.428	0.513	710.523	2.913	0
2501	125	-1280	-1024	0.428	0.514	-1.000	-1.000	4	999	646	0.428	0.514	710.523	2.926	0
2521	126	-1280	-1024	0.655	0.491	-1.000	-1.000	4	1002	656	0.427	0.513	707.865	2.918	0
2541	127	-1280	-1024	0.427	0.513	-1.000	-1.000	4	1007	634	0.427	0.513	707.865	2.922	0
2561	128	1033	602	0.655	0.491	707.435	3.226	0	980	639	0.427	0.513	707.865	2.847	0
2581	129	1022	614	0.655	0.491	707.435	3.512	0	985	644	0.427	0.513	707.865	2.948	0
2600	130	986	628	0.655	0.491	707.435	3.239	0	992	604	0.427	0.513	707.865	2.990	0
2620	131	967	641	0.655	0.491	707.669	3.340	0	999	601	0.427	0.513	710.589	2.994	0
2640	132	1047	643	0.654	0.491	707.669	3.260	0	981	615	0.427	0.513	710.589	2.927	0
2660	133	1009	637	0.655	0.491	707.669	3.431	0	1004	640	0.427	0.513	710.589	3.011	0
2680	134	-1280	-1024	0.426	0.513	-1.000	-1.000	4	1041	642	0.426	0.513	710.589	2.956	0
2700	135	1092	616	0.654	0.491	707.669	3.295	0	1053	626	0.426	0.513	710.589	3.134	0
2720	136	1092	614	0.653	0.491	708.618	3.299	0	1061	645	0.426	0.513	707.175	3.141	0
2740	137	1125	609	0.653	0.491	708.618	3.255	0	1066	630	0.426	0.513	707.175	3.048	0
2760	138	1116	632	0.654	0.491	708.618	3.318	0	1100	609	0.426	0.513	707.175	3.011	0
2780	139	1080	566	0.654	0.491	708.618	3.245	0	1085	605	0.426	0.513	707.175	3.039	0
2800	140	1100	586	0.654	0.491	708.618	3.130	0	1064	632	0.426	0.513	707.175	3.051	0
2820	141	1085	579	0.654	0.491	708.079	3.130	0	1109	617	0.426	0.513	708.633	3.045	0
2840	142	1108	643	0.653	0.491	708.079	3.362	0	1044	649	0.426	0.513	708.633	2.988	0
2860	143	1113	593	0.654	0.491	708.079	3.194	0	1065	633	0.426	0.513	708.633	3.037	0
2880	144	1155	536	0.654	0.491	708.079	3.037	0	1070	663	0.426	0.513	708.633	3.012	0
2899	145	1100	605	0.654	0.491	708.079	3.155	0	1073	646	0.427	0.513	708.633	2.972	0
2919	146	1110	592	0.655	0.491	706.641	3.083	0	1078	643	0.428	0.513	709.970	2.994	0
2939	147	928	509	0.656	0.491	706.641	3.123	0	925	651	0.428	0.512	709.970	2.989	0
2959	148	902	541	0.656	0.491	706.641	3.162	0	897	635	0.429	0.512	709.970	3.050	0
2979	149	-1280	-1024	0.429	0.512	-1.000	-1.000	4	963	594	0.429	0.512	709.970	2.830	0
2999	150	-1280	-1024	0.429	0.512	-1.000	-1.000	4	941	598	0.429	0.512	709.970	2.865	0
3019	151	-1280	-1024	0.656	0.491	-1.000	-1.000	4	972	601	0.429	0.512	709.298	2.897	0
3039	152	957	536	0.656	0.491	708.010	3.171	0	908	611	0.429	0.512	709.298	3.122	0
3059	153	799	470	0.658	0.489	708.010	3.206	0	820	492	0.431	0.510	709.298	3.279	0
3079	154	516	253	0.661	0.487	708.010	3.175	0	579	261	0.434	0.508	709.298	3.156	0
3099	155	288	191	0.664	0.486	708.010	3.231	0	301	132	0.437	0.507	709.298	2.977	0
3119	156	118	130	0.665	0.485	704.403	3.214	0	179	13	0.439	0.507	705.213	2.996	0
3139	157	207	123	0.665	0.486	704.403	3.265	0	227	128	0.438	0.507	705.213	2.890	0
3159	158	230	153	0.665	0.486	704.403	3.096	0	243	117	0.439	0.507	705.213	2.876	0
3179	159	-1280	-1024	0.438	0.507	-1.000	-1.000	4	244	154	0.438	0.507	705.213	3.029	0
3199	160	237	156	0.665	0.486	704.403	3.378	0	236	143	0.438	0.507	705.213	3.151	0
3219	161	238	159	0.665	0.485	703.289	3.373	0	256	150	0.438	0.507	704.836	3.202	0
3238	162	228	164	0.666	0.486	703.289	3.248	0	237	137	0.438	0.507	704.836	3.124	0
3258	163	223	176	0.666	0.486	703.289	3.212	0	-1280	-1024	0.666	0.486	-1.000	-1.000	4
3278	164	241	181	0.666	0.486	703.289	3.178	0	245	128	0.438	0.507	704.836	3.050	0
3298	165	162	164	0.666	0.486	703.289	3.179	0	190	106	0.439	0.507	704.836	2.950	0
3318	166	154	179	0.666	0.486	700.005	3.165	0	189	102	0.440	0.507	706.304	2.956	0
3338	167	116	144	0.666	0.486	700.005	3.183	0	154	112	0.439	0.507	706.304	2.947	0
3358	168	-1280	-1024	0.439	0.507	-1.000	-1.000	4	163	92	0.439	0.507	706.304	3.025	0
3378	169	109	153	0.666	0.486	700.005	3.148	0	150	110	0.439	0.507	706.304	3.013	0
3398	170	-1280	-1024	0.439	0.507	-1.000	-1.000	4	163	99	0.439	0.507	706.304	3.007	0
3418	171	-1280	-1024	0.666	0.485	-1.000	-1.000	4	158	105	0.439	0.507	706.810	3.003	0
3438	172	-1280	-1024	0.439	0.507	-1.000	-1.000	4	152	94	0.439	0.507	706.810	3.001	0
3458	173	-1280	-1024	0.439	0.507	-1.000	-1.000	4	144	100	0.439	0.507	706.810	3.012	0
3478	174	-1280	-1024	0.440	0.506	-1.000	-1.000	4	115	80	0.440	0.506	706.810	2.931	0
3498	175	-1280	-1024	0.441	0.506	-1.000	-1.000	4	62	65	0.441	0.506	706.810	2.961	0
3518	176	-1280	-1024	0.668	0.485	-1.000	-1.000	4	43	54	0.441	0.506	708.855	2.952	0
3537	177	-1280	-1024	0.441	0.506	-1.000	-1.000	4	67	38	0.441	0.506	708.855	2.998	0
3557	178	-1280	-1024	0.441	0.506	-1.000	-1.000	4	72	48	0.441	0.506	708.855	3.028	0
3577	179	-1280	-1024	0.441	0.507	-1.000	-1.000	4	66	43	0.441	0.507	708.855	3.054	0
3597	180	-1280	-1024	0.441	0.507	-1.000	-1.000	4	68	37	0.441	0.507	708.855	3.101	0
3617	181	-1280	-1024	0.668	0.486	-1.000	-1.000	4	71	44	0.441	0.506	707.926	3.127	0
3637	182	-1280	-1024	0.441	0.506	-1.000	-1.000	4	69	35	0.441	0.506	707.926	3.010	0
3657	183	-1280	-1024	0.441	0.506	-1.000	-1.000	4	88	63	0.441	0.506	707.926	3.111	0
3677	184	38	110	0.668	0.485	696.595	3.113	0	63	60	0.441	0.506	707.926	2.987	0
3697	185	36	101	0.668	0.485	696.595	3.098	0	70	69	0.441	0.506	707.926	3.079	0
3717	186	38	107	0.668	0.485	694.641	3.089	0	74	71	0.441	0.506	708.277	3.028	0
3737	187	-1280	-1024	0.441	0.506	-1.000	-1.000	4	72	50	0.441	0.506	708.277	2.967	0
3757	188	-1280	-1024	0.441	0.506	-1.000	-1.000	4	79	55	0.441	0.506	708.277	3.106	0
3777	189	-1280	-1024	0.441	0.506	-1.000	-1.000	4	71	57	0.441	0.506	708.277	2.909	0
3797	190	-1280	-1024	0.441	0.506	-1.000	-1.000	4	63	53	0.441	0.506	708.277	2.979	0
3817	191	-1280	-1024	0.668	0.485	-1.000	-1.000	4	63	49	0.441	0.506	710.046	3.008	0
3837	192	-1280	-1024	0.441	0.506	-1.000	-1.000	4	69	41	0.441	0.506	710.046	3.058	0
3856	193	-1280	-1024	0.441	0.506	-1.000	-1.000	4	78	30	0.441	0.506	710.046	2.974	0
3876	194	91	101	0.668	0.485	694.478	3.105	0	107	40	0.441	0.506	710.046	2.994	0
3896	195	98	113	0.668	0.485	694.478	3.025	0	108	27	0.441	0.506	710.046	3.010	0
3916	196	97	110	0.668	0.485	695.804	3.031	0	109	27	0.441	0.506	709.683	2.968	0
3936	197	81	112	0.668	0.485	695.804	3.131	0	113	34	0.441	0.506	709.683	2.977	0
3956	198	81	90	0.668	0.485	695.804	3.079	0	114	37	0.441	0.506	709.683	2.966	0
3976	199	-1280	-1024	0.441	0.506	-1.000	-1.000	4	111	40	0.441	0.506	709.683	2.966	0
3996	200	84	106	0.668	0.485	695.804	3.052	0	99	36	0.441	0.506	709.683	2.855	0
4016	201	83	106	0.668	0.485	695.954	3.053	0	99	42	0.441	0.506	708.409	2.834	0
4036	202	79	115	0.668	0.485	695.954	3.064	0	109	50	0.441	0.506	708.409	2.958	0
4056	203	-1280	-1024	0.441	0.506	-1.000	-1.000	4	107	42	0.441	0.506	708.409	2.938	0
4076	204	-1280	-1024	0.441	0.506	-1.000	-1.000	4	161	51	0.441	0.506	708.409	2.910	0
4096	205	214	88	0.667	0.485	695.954	3.042	0	243	24	0.440	0.506	708.409	2.874	0
4116	206	210	77	0.667	0.485	699.622	3.058	0	265	24	0.440	0.506	707.037	2.845	0
4136	207	195	61	0.667	0.485	699.622	3.104	0	221	34	0.440	0.506	707.037	2.908	0
4156	208	-1280	-1024	0.440	0.506	-1.000	-1.000	4	231	39	0.440	0.506	707.037	2.928	0
4175	209	-1280	-1024	0.440	0.506	-1.000	-1.000	4	215	34	0.440	0.506	707.037	2.893	0
4195	210	-1280	-1024	0.440	0.506	-1.000	-1.000	4	230	41	0.440	0.506	707.037	2.824	0
4215	211	-1280	-1024	0.667	0.485	-1.000	-1.000	4	226	43	0.440	0.506	706.219	2.815	0
4235	212	-1280	-1024	0.440	0.506	-1.000	-1.000	4	225	40	0.440	0.506	706.219	2.844	0
4255	213	-1280	-1024	0.440	0.506	-1.000	-1.000	4	237	32	0.440	0.506	706.219	2.864	0
4275	214	209	80	0.667	0.485	699.191	3.104	0	227	43	0.440	0.506	706.219	2.909	0
4295	215	-1280	-1024	0.440	0.506	-1.000	-1.000	4	225	41	0.440	0.506	706.219	2.828	0
4315	216	-1280	-1024	0.667	0.485	-1.000	-1.000	4	229	40	0.440	0.506	706.210	2.848	0
4335	217	177	80	0.667	0.485	699.982	3.122	0	224	37	0.440	0.506	706.210	2.923	0
4355	218	-1280	-1024	0.440	0.506	-1.000	-1.000	4	208	40	0.440	0.506	706.210	2.926	0
4375	219	183	81	0.667	0.485	699.982	3.109	0	221	44	0.440	0.506	706.210	2.910	0
4395	220	-1280	-1024	0.440	0.506	-1.000	-1.000	4	194	39	0.440	0.506	706.210	2.928	0
4415	221	-1280	-1024	0.668	0.485	-1.000	-1.000	4	191	30	0.440	0.506	709.322	2.936	0
4435	222	-1280	-1024	0.440	0.506	-1.000	-1.000	4	203	35	0.440	0.506	709.322	2.867	0
4455	223	-1280	-1024	0.440	0.506	-1.000	-1.000	4	208	15	0.440	0.506	709.322	2.852	0
4475	224	-1280	-1024	0.440	0.506	-1.000	-1.000	4	169	21	0.440	0.506	709.322	2.843	0
4494	225	-1280	-1024	0.442	0.506	-1.000	-1.000	4	77	48	0.442	0.506	709.322	3.007	0
4514	226	-1280	-1024	0.669	0.485	-1.000	-1.000	4	60	48	0.442	0.506	707.133	3.000	0
4534	227	-1280	-1024	0.442	0.506	-1.000	-1.000	4	71	25	0.442	0.506	707.133	2.962	0
4554	228	-1280	-1024	0.442	0.506	-1.000	-1.000	4	61	26	0.442	0.506	707.133	2.896	0
4574	229	-1280	-1024	0.442	0.506	-1.000	-1.000	4	65	27	0.442	0.506	707.133	2.930	0
4594	230	46	83	0.669	0.485	692.240	3.112	0	62	38	0.441	0.506	707.133	2.981	0
4614	231	45	80	0.669	0.485	693.150	3.116	0	62	35	0.441	0.506	708.818	2.965	0
4634	232	25	82	0.669	0.485	693.150	3.090	0	56	28	0.441	0.506	708.818	2.995	0
4654	233	22	86	0.669	0.485	693.150	3.039	0	67	35	0.441	0.506	708.818	2.972	0
4674	234	-1280	-1024	0.441	0.506	-1.000	-1.000	4	68	31	0.441	0.506	708.818	2.935	0
4694	235	33	90	0.669	0.486	693.150	3.121	0	49	15	0.441	0.507	708.818	2.894	0
4714	236	35	93	0.668	0.486	692.244	3.117	0	55	21	0.441	0.507	707.277	2.858	0
4734	237	-1280	-1024	0.441	0.507	-1.000	-1.000	4	55	36	0.441	0.507	707.277	2.940	0
4754	238	31	97	0.668	0.486	692.244	3.107	0	59	44	0.441	0.507	707.277	2.977	0
4774	239	39	78	0.668	0.486	692.244	3.099	0	48	32	0.441	0.507	707.277	3.035	0
4793	240	32	86	0.668	0.486	692.244	3.148	0	53	35	0.440	0.507	707.277	2.981	0
4813	241	32	72	0.668	0.486	693.517	3.164	0	53	37	0.440	0.507	706.925	3.000	0
4833	242	-1280	-1024	0.440	0.507	-1.000	-1.000	4	69	38	0.440	0.507	706.925	3.064	0
4853	243	-1280	-1024	0.440	0.507	-1.000	-1.000	4	70	49	0.440	0.507	706.925	3.088	0
4873	244	-1280	-1024	0.440	0.507	-1.000	-1.000	4	56	31	0.440	0.507	706.925	3.034	0
4893	245	27	86	0.667	0.486	693.517	3.115	0	51	39	0.440	0.507	706.925	3.031	0
4913	246	27	86	0.667	0.486	693.468	3.115	0	47	37	0.440	0.507	708.125	3.033	0
4933	247	-1280	-1024	0.440	0.507	-1.000	-1.000	4	53	41	0.440	0.507	708.125	3.036	0
4953	248	26	86	0.667	0.486	693.468	3.119	0	61	34	0.440	0.507	708.125	3.024	0
4973	249	-1280	-1024	0.439	0.507	-1.000	-1.000	4	92	56	0.439	0.507	708.125	3.065	0
4993	250	58	103	0.667	0.486	693.468	3.087	0	76	33	0.439	0.507	708.125	3.017	0
5013	251	57	100	0.667	0.486	694.586	3.092	0	87	37	0.439	0.507	708.885	3.031	0
5033	252	64	89	0.667	0.486	694.586	3.171	0	61	37	0.439	0.507	708.885	2.982	0
5053	253	-1280	-1024	0.439	0.507	-1.000	-1.000	4	71	35	0.439	0.507	708.885	3.004	0
5073	254	-1280	-1024	0.439	0.507	-1.000	-1.000	4	92	47	0.439	0.507	708.885	3.036	0
5093	255	-1280	-1024	0.439	0.507	-1.000	-1.000	4	93	26	0.439	0.507	708.885	2.988	0
5113	256	-1280	-1024	0.667	0.486	-1.000	-1.000	4	91	25	0.439	0.507	708.906	3.008	0
5133	257	61	82	0.667	0.486	695.075	3.188	0	82	37	0.439	0.507	708.906	3.065	0
5152	258	53	97	0.667	0.486	695.075	3.119	0	93	35	0.440	0.507	708.906	3.122	0
5172	259	92	100	0.667	0.486	695.075	3.143	0	140	31	0.439	0.507	708.906	3.032	0
5192	260	-1280	-1024	0.439	0.507	-1.000	-1.000	4	145	20	0.439	0.507	708.906	3.008	0
5212	261	-1280	-1024	0.667	0.485	-1.000	-1.000	4	150	15	0.439	0.506	708.726	3.009	0
5232	262	-1280	-1024	0.440	0.507	-1.000	-1.000	4	132	48	0.440	0.507	708.726	3.033	0
5252	263	-1280	-1024	0.440	0.507	-1.000	-1.000	4	123	30	0.440	0.507	708.726	2.992	0
5272	264	91	88	0.668	0.486	695.583	3.155	0	123	27	0.440	0.507	708.726	3.055	0
5292	265	-1280	-1024	0.440	0.507	-1.000	-1.000	4	118	31	0.440	0.507	708.726	3.013	0
5312	266	-1280	-1024	0.668	0.485	-1.000	-1.000	4	116	32	0.440	0.506	708.455	3.005	0
5332	267	-1280	-1024	0.440	0.507	-1.000	-1.000	4	119	45	0.440	0.507	708.455	3.036	0
5352	268	87	78	0.668	0.485	696.425	3.172	0	120	38	0.440	0.507	708.455	3.038	0
5372	269	-1280	-1024	0.440	0.507	-1.000	-1.000	4	109	36	0.440	0.507	708.455	3.054	0
5392	270	94	110	0.668	0.485	696.425	3.265	0	118	43	0.440	0.507	708.455	3.079	0
5412	271	95	112	0.668	0.485	695.544	3.261	0	116	40	0.440	0.506	708.146	3.087	0
5432	272	102	109	0.668	0.485	695.544	3.223	0	118	40	0.440	0.507	708.146	3.076	0
5452	273	95	111	0.668	0.485	695.544	3.273	0	139	37	0.440	0.506	708.146	3.109	0
5471	274	100	99	0.668	0.485	695.544	3.214	0	125	46	0.440	0.506	708.146	3.118	0
5491	275	115	113	0.668	0.485	695.544	3.282	0	120	43	0.440	0.506	708.146	3.137	0
5511	276	113	108	0.668	0.485	695.985	3.267	0	126	44	0.440	0.506	708.169	3.149	0
5531	277	105	83	0.668	0.485	695.985	3.341	0	109	33	0.440	0.506	708.169	3.024	0
5551	278	-1280	-1024	0.440	0.507	-1.000	-1.000	4	147	37	0.440	0.507	708.169	3.099	0
5571	279	104	95	0.667	0.485	695.985	3.284	0	162	29	0.439	0.507	708.169	3.132	0
5591	280	130	94	0.667	0.485	695.985	3.239	0	160	35	0.439	0.507	708.169	3.012	0
5611	281	128	88	0.667	0.485	698.109	3.248	0	165	31	0.439	0.506	708.646	3.058	0
5631	282	116	96	0.667	0.485	698.109	3.278	0	180	27	0.439	0.507	708.646	3.182	0
5651	283	106	90	0.667	0.485	698.109	3.279	0	166	47	0.439	0.507	708.646	3.109	0
5671	284	126	102	0.667	0.485	698.109	3.203	0	167	36	0.439	0.507	708.646	3.119	0
5691	285	98	86	0.667	0.485	698.109	3.238	0	144	33	0.439	0.507	708.646	2.995	0
5711	286	102	88	0.667	0.485	698.428	3.218	0	141	40	0.439	0.506	706.450	2.951	0
5731	287	97	96	0.667	0.485	698.428	3.302	0	171	49	0.439	0.507	706.450	3.079	0
5751	288	103	87	0.667	0.485	698.428	3.226	0	147	40	0.439	0.507	706.450	3.045	0
5771	289	104	99	0.667	0.485	698.428	3.333	0	177	35	0.439	0.507	706.450	3.176	0
5790	290	113	96	0.667	0.485	698.428	3.312	0	142	57	0.439	0.507	706.450	3.088	0
5810	291	119	98	0.667	0.485	697.460	3.297	0	150	51	0.439	0.507	707.304	3.109	0
5830	292	196	87	0.666	0.485	697.460	3.312	0	228	28	0.438	0.507	707.304	3.138	0
5850	293	185	85	0.666	0.485	697.460	3.226	0	223	32	0.438	0.507	707.304	3.149	0
5870	294	189	77	0.666	0.485	697.460	3.318	0	234	43	0.438	0.507	707.304	3.110	0
5890	295	209	90	0.666	0.485	697.460	3.232	0	221	25	0.438	0.507	707.304	3.083	0
5910	296	206	85	0.666	0.485	697.970	3.267	0	224	34	0.438	0.506	706.144	3.070	0
5930	297	-1280	-1024	0.438	0.506	-1.000	-1.000	4	228	29	0.438	0.506	706.144	3.046	0
5950	298	180	90	0.666	0.485	697.970	3.334	0	239	32	0.438	0.506	706.144	3.153	0
5970	299	180	97	0.666	0.485	697.970	3.384	0	219	27	0.438	0.506	706.144	3.086	0
5990	300	-1280	-1024	0.438	0.507	-1.000	-1.000	4	213	29	0.438	0.507	706.144	3.036	0
6010	301	-1280	-1024	0.666	0.485	-1.000	-1.000	4	211	24	0.439	0.507	707.464	3.077	0
6030	302	-1280	-1024	0.439	0.507	-1.000	-1.000	4	217	27	0.439	0.507	707.464	3.146	0
6050	303	182	100	0.666	0.486	697.433	3.304	0	202	24	0.439	0.507	707.464	3.086	0
6070	304	170	72	0.667	0.486	697.433	3.231	0	216	41	0.439	0.507	707.464	3.049	0
6090	305	170	107	0.667	0.486	697.433	3.222	0	204	27	0.439	0.507	707.464	3.087	0
6109	306	166	97	0.667	0.486	698.379	3.217	0	210	31	0.439	0.507	707.522	3.075	0
6129	307	-1280	-1024	0.439	0.507	-1.000	-1.000	4	199	43	0.439	0.507	707.522	3.100	0
6149	308	178	96	0.666	0.486	698.379	3.232	0	204	30	0.439	0.507	707.522	3.047	0
6169	309	-1280	-1024	0.438	0.507	-1.000	-1.000	4	212	37	0.438	0.507	707.522	3.090	0
6189	310	-1280	-1024	0.438	0.507	-1.000	-1.000	4	242	25	0.438	0.507	707.522	3.053	0
6209	311	-1280	-1024	0.666	0.485	-1.000	-1.000	4	251	29	0.438	0.507	706.247	3.064	0
6229	312	-1280	-1024	0.438	0.507	-1.000	-1.000	4	235	40	0.438	0.507	706.247	2.986	0
6249	313	207	80	0.666	0.485	698.149	3.311	0	210	40	0.438	0.507	706.247	2.898	0
6269	314	194	88	0.666	0.485	698.149	3.214	0	222	57	0.438	0.507	706.247	3.127	0
6289	315	210	92	0.666	0.485	698.149	3.212	0	230	49	0.438	0.507	706.247	3.060	0
6309	316	205	95	0.666	0.485	697.900	3.210	0	218	50	0.438	0.507	707.502	3.085	0
6329	317	195	96	0.666	0.485	697.900	3.209	0	240	26	0.438	0.507	707.502	3.067	0
6349	318	201	94	0.666	0.486	697.900	3.174	0	226	62	0.438	0.507	707.502	3.024	0
6369	319	-1280	-1024	0.438	0.507	-1.000	-1.000	4	227	56	0.438	0.507	707.502	3.070	0
6389	320	-1280	-1024	0.438	0.507	-1.000	-1.000	4	220	49	0.438	0.507	707.502	2.975	0
6409	321	-1280	-1024	0.666	0.486	-1.000	-1.000	4	220	46	0.438	0.507	706.410	2.970	0
6428	322	-1280	-1024	0.438	0.507	-1.000	-1.000	4	261	44	0.438	0.507	706.410	3.066	0
6448	323	-1280	-1024	0.438	0.507	-1.000	-1.000	4	221	56	0.438	0.507	706.410	2.891	0
6468	324	221	94	0.666	0.486	698.547	3.168	0	244	43	0.438	0.507	706.410	2.984	0
6488	325	210	106	0.666	0.486	698.547	3.203	0	233	46	0.438	0.507	706.410	2.982	0
6508	326	211	107	0.666	0.486	698.104	3.201	0	246	52	0.438	0.507	706.598	2.982	0
6528	327	-1280	-1024	0.438	0.507	-1.000	-1.000	4	243	62	0.438	0.507	706.598	2.978	0
6548	328	-1280	-1024	0.438	0.507	-1.000	-1.000	4	250	46	0.438	0.507	706.598	2.938	0
6568	329	214	96	0.666	0.486	698.104	3.207	0	225	60	0.438	0.507	706.598	3.038	0
6588	330	217	90	0.666	0.486	698.104	3.193	0	236	31	0.438	0.507	706.598	2.941	0
6608	331	216	88	0.667	0.486	699.019	3.197	0	229	31	0.439	0.507	707.029	2.977	0
6628	332	227	83	0.667	0.486	699.019	3.140	0	239	42	0.439	0.507	707.029	2.959	0
6648	333	207	100	0.667	0.486	699.019	3.170	0	239	33	0.439	0.507	707.029	2.997	0
6668	334	-1280	-1024	0.439	0.507	-1.000	-1.000	4	233	45	0.439	0.507	707.029	2.912	0
6688	335	224	91	0.667	0.486	699.019	3.184	0	233	22	0.439	0.507	707.029	2.875	0
6708	336	224	90	0.667	0.486	699.269	3.185	0	232	22	0.439	0.507	707.150	2.866	0
6728	337	-1280	-1024	0.438	0.507	-1.000	-1.000	4	267	42	0.438	0.507	707.150	2.982	0
6747	338	333	103	0.665	0.486	699.269	3.183	0	358	49	0.437	0.507	707.150	3.046	0
6767	339	-1280	-1024	0.437	0.507	-1.000	-1.000	4	346	51	0.437	0.507	707.150	3.015	0
6787	340	337	91	0.665	0.486	699.269	3.068	0	347	50	0.437	0.507	707.150	3.008	0
6807	341	337	88	0.665	0.486	700.148	3.071	0	346	48	0.437	0.507	707.793	3.004	0
6827	342	321	65	0.665	0.486	700.148	3.229	0	349	55	0.437	0.507	707.793	3.107	0
6847	343	321	80	0.665	0.486	700.148	3.127	0	331	68	0.437	0.507	707.793	2.880	0
6867	344	336	78	0.665	0.486	700.148	3.185	0	350	51	0.437	0.507	707.793	2.974	0
6887	345	-1280	-1024	0.437	0.507	-1.000	-1.000	4	330	49	0.437	0.507	707.793	2.955	0
6907	346	-1280	-1024	0.665	0.486	-1.000	-1.000	4	336	51	0.437	0.507	707.010	2.934	0
6927	347	319	66	0.664	0.486	700.145	3.200	0	346	70	0.437	0.507	707.010	3.036	0
6947	348	-1280	-1024	0.437	0.507	-1.000	-1.000	4	341	58	0.437	0.507	707.010	3.090	0
6967	349	333	79	0.664	0.485	700.145	3.187	0	334	53	0.436	0.507	707.010	3.058	0
6987	350	309	76	0.664	0.485	700.145	3.190	0	327	48	0.436	0.507	707.010	2.960	0
7007	351	307	69	0.664	0.485	702.642	3.201	0	323	43	0.436	0.507	707.285	2.974	0
7027	352	-1280	-1024	0.436	0.507	-1.000	-1.000	4	328	52	0.436	0.507	707.285	3.001	0
7046	353	-1280	-1024	0.436	0.507	-1.000	-1.000	4	331	49	0.436	0.507	707.285	3.039	0
7066	354	-1280	-1024	0.436	0.507	-1.000	-1.000	4	339	32	0.436	0.507	707.285	3.059	0
7086	355	316	87	0.663	0.485	702.642	3.237	0	339	49	0.436	0.507	707.285	3.092	0
7106	356	317	89	0.663	0.485	701.998	3.234	0	341	41	0.436	0.507	708.280	3.120	0
7126	357	-1280	-1024	0.436	0.507	-1.000	-1.000	4	335	41	0.436	0.507	708.280	3.116	0
7146	358	310	70	0.663	0.485	701.998	3.156	0	345	58	0.436	0.507	708.280	3.122	0
7166	359	311	89	0.663	0.485	701.998	3.240	0	343	48	0.436	0.507	708.280	3.134	0
7186	360	317	80	0.663	0.485	701.998	3.239	0	332	45	0.436	0.507	708.280	3.129	0
7206	361	318	88	0.663	0.485	702.949	3.242	0	338	47	0.436	0.507	707.497	3.132	0
7226	362	-1280	-1024	0.436	0.507	-1.000	-1.000	4	342	52	0.436	0.507	707.497	3.107	0
7246	363	311	87	0.663	0.485	702.949	3.246	0	331	54	0.436	0.507	707.497	3.062	0
7266	364	-1280	-1024	0.436	0.507	-1.000	-1.000	4	336	39	0.436	0.507	707.497	3.082	0
7286	365	322	75	0.664	0.486	702.949	3.267	0	331	53	0.436	0.507	707.497	3.064	0
7306	366	322	78	0.664	0.486	701.823	3.262	0	332	50	0.436	0.508	706.771	3.069	0
7326	367	-1280	-1024	0.437	0.508	-1.000	-1.000	4	348	38	0.437	0.508	706.771	3.056	0
7346	368	-1280	-1024	0.437	0.508	-1.000	-1.000	4	334	62	0.437	0.508	706.771	3.032	0
7365	369	-1280	-1024	0.437	0.508	-1.000	-1.000	4	326	39	0.437	0.508	706.771	3.039	0
7385	370	-1280	-1024	0.437	0.508	-1.000	-1.000	4	328	43	0.437	0.508	706.771	3.063	0
7405	371	-1280	-1024	0.665	0.486	-1.000	-1.000	4	322	43	0.438	0.507	708.892	3.063	0
7425	372	177	92	0.667	0.487	702.011	3.257	0	231	40	0.440	0.508	708.892	3.070	0
7445	373	181	84	0.667	0.486	702.011	3.249	0	216	44	0.440	0.507	708.892	3.026	0
7465	374	161	108	0.667	0.486	702.011	3.262	0	224	33	0.440	0.507	708.892	3.059	0
7485	375	-1280	-1024	0.440	0.507	-1.000	-1.000	4	208	52	0.440	0.507	708.892	2.950	0
7505	376	-1280	-1024	0.668	0.486	-1.000	-1.000	4	209	54	0.441	0.507	707.855	2.931	0
7525	377	173	116	0.668	0.486	699.532	3.233	0	216	42	0.441	0.507	707.855	3.093	0
7545	378	-1280	-1024	0.441	0.507	-1.000	-1.000	4	221	49	0.441	0.507	707.855	3.053	0
7565	379	190	106	0.669	0.486	699.532	3.280	0	215	38	0.441	0.507	707.855	3.087	0
7585	380	184	102	0.669	0.486	699.532	3.287	0	222	44	0.442	0.507	707.855	3.045	0
7605	381	185	106	0.669	0.486	698.065	3.280	0	221	48	0.442	0.506	706.750	3.049	0
7625	382	169	116	0.669	0.486	698.065	3.263	0	210	46	0.442	0.506	706.750	3.093	0
7645	383	177	112	0.670	0.486	698.065	3.285	0	210	65	0.442	0.506	706.750	2.991	0
7665	384	191	84	0.670	0.486	698.065	3.256	0	243	70	0.442	0.506	706.750	3.195	0
7684	385	193	84	0.670	0.486	698.065	3.237	0	229	57	0.442	0.506	706.750	3.141	0
7704	386	188	83	0.670	0.486	698.202	3.239	0	240	70	0.443	0.506	706.417	3.144	0
7724	387	199	101	0.670	0.486	698.202	3.231	0	231	47	0.443	0.506	706.417	2.939	0
7744	388	208	114	0.670	0.486	698.202	3.220	0	241	60	0.443	0.506	706.417	3.100	0
7764	389	-1280	-1024	0.443	0.506	-1.000	-1.000	4	222	46	0.443	0.506	706.417	3.095	0
7784	390	172	93	0.670	0.486	698.202	3.287	0	231	49	0.443	0.506	706.417	3.134	0
7804	391	172	92	0.670	0.486	698.602	3.289	0	229	46	0.443	0.506	708.303	3.152	0
7824	392	212	94	0.670	0.486	698.602	3.261	0	237	28	0.443	0.506	708.303	3.096	0
7844	393	224	89	0.670	0.486	698.602	3.294	0	236	30	0.443	0.506	708.303	3.144	0
7864	394	197	98	0.671	0.486	698.602	3.300	0	241	46	0.443	0.506	708.303	3.094	0
7884	395	204	91	0.671	0.486	698.602	3.304	0	233	41	0.443	0.506	708.303	3.074	0
7904	396	201	90	0.671	0.486	698.719	3.309	0	235	41	0.443	0.506	706.742	3.077	0
7924	397	-1280	-1024	0.443	0.506	-1.000	-1.000	4	245	52	0.443	0.506	706.742	3.062	0
7944	398	205	90	0.671	0.486	698.719	3.285	0	241	47	0.443	0.506	706.742	3.040	0
7964	399	216	90	0.671	0.486	698.719	3.221	0	235	44	0.444	0.505	706.742	3.123	0
7984	400	215	99	0.672	0.486	698.719	3.230	0	244	38	0.444	0.505	706.742	3.082	0
8003	401	217	102	0.672	0.485	698.507	3.238	0	242	34	0.444	0.505	706.777	3.094	0
8023	402	215	110	0.672	0.485	698.507	3.288	0	234	57	0.444	0.505	706.777	3.067	0
8043	403	212	100	0.672	0.485	698.507	3.243	0	241	68	0.445	0.505	706.777	3.116	0
8063	404	222	98	0.673	0.485	698.507	3.191	0	250	45	0.445	0.505	706.777	3.127	0
8083	405	211	95	0.673	0.486	698.507	3.304	0	240	74	0.445	0.505	706.777	3.132	0
8103	406	212	90	0.673	0.486	699.376	3.274	0	244	67	0.446	0.505	707.139	3.138	0
8123	407	-1280	-1024	0.446	0.505	-1.000	-1.000	4	237	47	0.446	0.505	707.139	3.144	0
8143	408	212	92	0.674	0.486	699.376	3.177	0	233	61	0.446	0.505	707.139	3.036	0
8163	409	-1280	-1024	0.446	0.505	-1.000	-1.000	4	255	54	0.446	0.505	707.139	3.145	0
8183	410	218	108	0.674	0.486	699.376	3.266	0	232	41	0.446	0.505	707.139	3.080	0
8203	411	218	108	0.674	0.485	699.273	3.265	0	237	40	0.446	0.505	708.894	3.056	0
8223	412	222	112	0.674	0.486	699.273	3.284	0	246	42	0.447	0.505	708.894	3.063	0
8243	413	-1280	-1024	0.447	0.505	-1.000	-1.000	4	234	50	0.447	0.505	708.894	3.046	0
8263	414	222	96	0.675	0.485	699.273	3.313	0	251	30	0.447	0.504	708.894	3.155	0
8283	415	202	99	0.675	0.485	699.273	3.282	0	237	54	0.447	0.504	708.894	3.094	0
8303	416	202	100	0.675	0.485	698.922	3.280	0	244	52	0.447	0.504	707.873	3.112	0
8322	417	-1280	-1024	0.448	0.504	-1.000	-1.000	4	208	24	0.448	0.504	707.873	3.178	0
8342	418	172	101	0.675	0.485	698.922	3.250	0	226	68	0.448	0.504	707.873	3.185	0
8362	419	179	107	0.675	0.485	698.922	3.249	0	218	41	0.448	0.504	707.873	3.072	0
8382	420	-1280	-1024	0.448	0.504	-1.000	-1.000	4	211	31	0.448	0.504	707.873	3.060	0
8402	421	-1280	-1024	0.675	0.485	-1.000	-1.000	4	218	47	0.448	0.504	707.630	3.046	0
8422	422	-1280	-1024	0.448	0.504	-1.000	-1.000	4	203	42	0.448	0.504	707.630	3.152	0
8442	423	179	96	0.675	0.486	697.681	3.379	0	202	39	0.448	0.505	707.630	3.090	0
8462	424	175	99	0.675	0.486	697.681	3.212	0	210	43	0.448	0.505	707.630	3.128	0
8482	425	181	102	0.675	0.486	697.681	3.260	0	215	50	0.448	0.505	707.630	3.086	0
8502	426	181	105	0.675	0.486	697.525	3.308	0	217	51	0.447	0.505	707.277	3.096	0
8522	427	-1280	-1024	0.447	0.505	-1.000	-1.000	4	212	40	0.447	0.505	707.277	3.126	0
8542	428	185	102	0.675	0.486	697.525	3.245	0	209	49	0.447	0.505	707.277	3.127	0
8562	429	180	111	0.675	0.486	697.525	3.269	0	216	34	0.447	0.505	707.277	3.145	0
8582	430	210	100	0.674	0.486	697.525	3.230	0	228	47	0.447	0.505	707.277	3.164	0
8602	431	218	97	0.674	0.486	699.414	3.241	0	229	48	0.446	0.505	707.128	3.172	0
8622	432	-1280	-1024	0.446	0.505	-1.000	-1.000	4	233	65	0.446	0.505	707.128	3.154	0
8641	433	205	91	0.674	0.486	699.414	3.369	0	241	52	0.446	0.505	707.128	3.143	0
8661	434	200	89	0.674	0.486	699.414	3.286	0	240	45	0.446	0.505	707.128	3.232	0
8681	435	221	102	0.674	0.486	699.414	3.303	0	250	52	0.446	0.505	707.128	3.159	0
8701	436	226	103	0.674	0.486	700.360	3.325	0	253	51	0.446	0.505	706.678	3.174	0
8721	437	211	87	0.674	0.486	700.360	3.305	0	217	46	0.446	0.505	706.678	3.200	0
8741	438	198	82	0.674	0.486	700.360	3.264	0	238	57	0.446	0.505	706.678	3.225	0
8761	439	227	98	0.673	0.486	700.360	3.376	0	229	54	0.446	0.505	706.678	3.131	0
8781	440	227	105	0.673	0.486	700.360	3.325	0	237	47	0.445	0.505	706.678	3.118	0
8801	441	227	110	0.673	0.486	699.577	3.330	0	232	51	0.445	0.505	706.281	3.102	0
8821	442	216	97	0.673	0.486	699.577	3.317	0	230	59	0.445	0.505	706.281	3.121	0
8841	443	198	83	0.673	0.486	699.577	3.359	0	233	65	0.445	0.505	706.281	3.070	0
8861	444	205	88	0.673	0.486	699.577	3.244	0	224	67	0.445	0.505	706.281	3.142	0
8881	445	208	102	0.673	0.486	699.577	3.359	0	232	50	0.445	0.505	706.281	3.160	0
8901	446	210	97	0.673	0.486	699.671	3.321	0	231	51	0.445	0.505	706.838	3.158	0
8921	447	-1280	-1024	0.445	0.505	-1.000	-1.000	4	235	71	0.445	0.505	706.838	3.116	0
8941	448	218	82	0.673	0.486	699.671	3.338	0	224	62	0.445	0.505	706.838	3.197	0
8960	449	213	95	0.673	0.486	699.671	3.286	0	243	41	0.445	0.505	706.838	3.092	0
8980	450	209	95	0.673	0.486	699.671	3.281	0	228	47	0.445	0.505	706.838	3.167	0
9000	451	203	95	0.673	0.486	700.069	3.277	0	236	39	0.445	0.505	706.015	3.118	0
9020	452	201	106	0.673	0.486	700.069	3.380	0	251	38	0.445	0.505	706.015	3.167	0
9040	453	219	91	0.673	0.486	700.069	3.268	0	244	58	0.445	0.505	706.015	3.153	0
9060	454	202	94	0.673	0.486	700.069	3.326	0	259	61	0.445	0.505	706.015	3.116	0
9080	455	209	109	0.673	0.486	700.069	3.236	0	243	48	0.445	0.505	706.015	3.188	0
9100	456	214	102	0.673	0.486	700.025	3.244	0	246	59	0.445	0.505	706.496	3.176	0
9120	457	224	96	0.673	0.486	700.025	3.223	0	240	20	0.445	0.505	706.496	3.143	0
9140	458	202	96	0.673	0.486	700.025	3.367	0	232	37	0.445	0.505	706.496	3.114	0
9160	459	208	106	0.673	0.486	700.025	3.283	0	244	42	0.445	0.505	706.496	3.039	0
9180	460	-1280	-1024	0.445	0.505	-1.000	-1.000	4	237	47	0.445	0.505	706.496	3.129	0
9200	461	-1280	-1024	0.673	0.486	-1.000	-1.000	4	237	54	0.445	0.505	705.788	3.092	0
9220	462	214	106	0.673	0.486	699.542	3.378	0	243	54	0.445	0.505	705.788	3.130	0
9240	463	209	92	0.673	0.486	699.542	3.239	0	241	63	0.445	0.505	705.788	3.108	0
9260	464	213	91	0.673	0.486	699.542	3.196	0	232	40	0.445	0.505	705.788	3.092	0
9279	465	224	90	0.673	0.486	699.542	3.301	0	250	53	0.445	0.505	705.788	3.136	0
9299	466	223	87	0.673	0.486	700.069	3.216	0	248	52	0.445	0.505	705.750	3.121	0
9319	467	-1280	-1024	0.445	0.505	-1.000	-1.000	4	253	72	0.445	0.505	705.750	3.170	0
9339	468	198	102	0.673	0.486	700.069	3.347	0	231	62	0.445	0.505	705.750	3.149	0
9359	469	218	95	0.673	0.486	700.069	3.227	0	233	66	0.444	0.505	705.750	3.038	0
9379	470	-1280	-1024	0.444	0.505	-1.000	-1.000	4	239	62	0.444	0.505	705.750	3.139	0
9399	471	-1280	-1024	0.672	0.486	-1.000	-1.000	4	227	58	0.444	0.505	707.231	3.105	0
9419	472	-1280	-1024	0.444	0.505	-1.000	-1.000	4	239	44	0.444	0.505	707.231	3.113	0
9439	473	222	109	0.672	0.486	699.806	3.300	0	239	56	0.444	0.506	707.231	3.101	0
9459	474	-1280	-1024	0.444	0.506	-1.000	-1.000	4	253	49	0.444	0.506	707.231	3.176	0
9479	475	217	110	0.672	0.486	699.806	3.339	0	254	60	0.444	0.506	707.231	3.164	0
9499	476	218	113	0.672	0.486	698.908	3.334	0	255	60	0.444	0.505	706.714	3.151	0
9519	477	206	111	0.672	0.486	698.908	3.270	0	247	50	0.444	0.506	706.714	3.108	0
9539	478	227	96	0.672	0.486	698.908	3.299	0	247	65	0.444	0.505	706.714	3.051	0
9559	479	230	102	0.672	0.486	698.908	3.317	0	246	73	0.444	0.505	706.714	3.061	0
9578	480	116	97	0.673	0.486	698.908	3.318	0	193	58	0.445	0.505	706.714	3.116	0
9598	481	125	110	0.674	0.486	695.104	3.302	0	190	62	0.446	0.506	706.048	3.088	0
9618	482	-1280	-1024	0.446	0.506	-1.000	-1.000	4	71	63	0.446	0.506	706.048	3.087	0
9638	483	-1280	-1024	0.446	0.506	-1.000	-1.000	4	79	68	0.446	0.506	706.048	3.147	0
9658	484	29	114	0.674	0.486	695.104	3.249	0	61	77	0.446	0.506	706.048	3.155	0
9678	485	52	131	0.674	0.487	695.104	3.225	0	77	63	0.446	0.506	706.048	3.176	0
9698	486	52	131	0.674	0.487	694.996	3.225	0	70	64	0.446	0.506	706.931	3.193	0
9718	487	-1280	-1024	0.446	0.506	-1.000	-1.000	4	61	65	0.446	0.506	706.931	3.047	0
9738	488	-1280	-1024	0.446	0.506	-1.000	-1.000	4	73	45	0.446	0.506	706.931	3.051	0
9758	489	-1280	-1024	0.446	0.506	-1.000	-1.000	4	71	59	0.446	0.506	706.931	3.100	0
9778	490	-1280	-1024	0.446	0.506	-1.000	-1.000	4	69	57	0.446	0.506	706.931	3.101	0
9798	491	-1280	-1024	0.674	0.487	-1.000	-1.000	4	66	53	0.446	0.506	707.627	3.104	0
9818	492	57	120	0.674	0.487	694.144	3.221	0	78	63	0.446	0.506	707.627	3.173	0
9838	493	52	135	0.674	0.487	694.144	3.290	0	82	56	0.446	0.506	707.627	3.124	0
9858	494	51	140	0.674	0.487	694.144	3.265	0	83	57	0.446	0.506	707.627	3.115	0
9878	495	42	125	0.674	0.487	694.144	3.241	0	76	68	0.446	0.506	707.627	3.107	0
9898	496	38	128	0.674	0.486	696.372	3.281	0	78	69	0.446	0.506	706.107	3.092	0
9918	497	-1280	-1024	0.446	0.506	-1.000	-1.000	4	88	70	0.446	0.506	706.107	3.111	0
9937	498	40	113	0.674	0.486	696.372	3.246	0	82	72	0.446	0.506	706.107	3.115	0
9957	499	47	115	0.674	0.486	696.372	3.244	0	63	75	0.446	0.506	706.107	3.116	0
9977	500	45	139	0.674	0.486	696.372	3.291	0	85	68	0.446	0.506	706.107	3.084	0
9997	501	49	150	0.674	0.486	695.954	3.304	0	77	69	0.446	0.506	706.267	3.085	0
10017	502	-1280	-1024	0.446	0.506	-1.000	-1.000	4	66	74	0.446	0.506	706.267	3.125	0
10037	503	52	127	0.674	0.486	695.954	3.226	0	80	51	0.446	0.506	706.267	3.112	0
10057	504	31	124	0.674	0.486	695.954	3.278	0	71	76	0.446	0.506	706.267	3.024	0
10077	505	-1280	-1024	0.446	0.506	-1.000	-1.000	4	70	64	0.446	0.506	706.267	3.050	0
10097	506	-1280	-1024	0.674	0.486	-1.000	-1.000	4	74	59	0.446	0.506	705.956	3.014	0
10117	507	-1280	-1024	0.445	0.506	-1.000	-1.000	4	169	91	0.445	0.506	705.956	3.140	0
10137	508	210	114	0.672	0.486	695.586	3.190	0	219	63	0.444	0.506	705.956	3.217	0
10157	509	202	112	0.672	0.486	695.586	3.198	0	234	66	0.444	0.506	705.956	3.043	0
10177	510	-1280	-1024	0.444	0.506	-1.000	-1.000	4	224	73	0.444	0.506	705.956	3.093	0
