1	1	-1280	-1024	-1.000	-1.000	-1.000	-1.000	4	-1280	-1024	-1.000	-1.000	-1.000	-1.000	4
21	2	-1280	-1024	0.559	0.534	-1.000	-1.000	4	-1280	-1024	0.328	0.561	-1.000	-1.000	4
41	3	-1280	-1024	0.328	0.561	-1.000	-1.000	4	711	472	0.328	0.561	783.783	4.154	0
61	4	700	464	0.560	0.534	778.910	4.432	0	731	491	0.330	0.560	783.783	4.314	0
81	5	709	465	0.560	0.534	778.910	4.424	0	726	479	0.330	0.560	783.783	4.278	0
101	6	705	455	0.559	0.534	778.910	4.388	0	722	466	0.329	0.561	783.783	4.253	0
121	7	687	450	0.559	0.534	781.055	4.383	0	776	469	0.329	0.561	785.905	4.240	0
141	8	712	466	0.559	0.534	781.055	4.352	0	716	451	0.329	0.561	785.905	4.139	0
182	9	723	453	0.560	0.534	781.055	4.288	0	718	457	0.329	0.560	785.905	4.095	0
184	10	715	450	0.560	0.534	781.055	4.169	0	710	449	0.330	0.560	785.905	4.045	0
201	11	710	437	0.560	0.534	781.055	4.198	0	707	452	0.330	0.560	785.905	3.946	0
220	12	705	434	0.560	0.534	779.719	4.220	0	704	458	0.329	0.561	782.558	3.879	0
240	13	706	457	0.560	0.534	779.719	4.118	0	708	447	0.329	0.560	782.558	3.836	0
260	14	704	454	0.560	0.534	779.719	4.062	0	720	436	0.330	0.560	782.558	3.724	0
280	15	705	430	0.560	0.534	779.719	4.004	0	734	471	0.330	0.560	782.558	3.864	0
300	16	703	430	0.561	0.534	779.719	3.961	0	720	425	0.330	0.560	782.558	3.749	0
320	17	705	434	0.560	0.534	777.917	3.910	0	724	431	0.330	0.560	784.018	3.811	0
340	18	708	425	0.560	0.534	777.917	3.917	0	719	433	0.330	0.560	784.018	3.667	0
360	19	717	431	0.561	0.534	777.917	3.845	0	713	453	0.331	0.560	784.018	3.707	0
380	20	709	447	0.561	0.534	777.917	3.793	0	717	435	0.331	0.560	784.018	3.709	0
400	21	709	438	0.561	0.534	777.917	3.831	0	729	435	0.331	0.560	784.018	3.639	0
420	22	709	446	0.561	0.534	777.594	3.807	0	736	440	0.330	0.560	780.993	3.643	0
440	23	715	461	0.561	0.534	777.594	3.747	0	701	451	0.330	0.559	780.993	3.595	0
460	24	720	460	0.562	0.534	777.594	3.760	0	709	452	0.331	0.559	780.993	3.580	0
480	25	667	456	0.562	0.534	777.594	3.774	0	664	520	0.332	0.559	780.993	3.710	0
500	26	443	549	0.564	0.534	777.594	3.812	0	472	564	0.335	0.560	780.993	3.671	0
520	27	457	555	0.564	0.535	777.525	3.827	0	492	589	0.334	0.560	783.193	3.713	0
540	28	423	569	0.565	0.535	777.525	3.699	0	429	559	0.335	0.560	783.193	3.559	0
559	29	413	578	0.565	0.535	777.525	3.696	0	428	564	0.335	0.560	783.193	3.652	0
579	30	424	579	0.565	0.535	777.525	3.652	0	417	568	0.334	0.560	783.193	3.541	0
599	31	413	587	0.565	0.535	777.525	3.636	0	439	595	0.335	0.560	783.193	3.635	0
619	32	402	590	0.566	0.535	777.040	3.618	0	435	600	0.335	0.560	784.082	3.596	0
639	33	416	581	0.566	0.535	777.040	3.726	0	414	573	0.336	0.560	784.082	3.579	0
659	34	422	622	0.566	0.535	777.040	3.722	0	429	563	0.335	0.560	784.082	3.463	0
679	35	413	587	0.566	0.535	777.040	3.611	0	414	577	0.336	0.560	784.082	3.488	0
699	36	426	569	0.567	0.535	777.040	3.659	0	438	561	0.336	0.560	784.082	3.499	0
719	37	424	583	0.568	0.535	775.165	3.615	0	436	570	0.337	0.560	780.841	3.497	0
739	38	412	586	0.568	0.535	775.165	3.607	0	420	618	0.338	0.559	780.841	3.561	0
759	39	405	502	0.568	0.534	775.165	3.592	0	419	497	0.337	0.559	780.841	3.534	0
779	40	311	250	0.568	0.532	775.165	3.603	0	317	233	0.339	0.556	780.841	3.407	0
799	41	268	104	0.569	0.530	775.165	3.556	0	289	86	0.340	0.554	780.841	3.431	0
819	42	224	-43	0.570	0.530	773.566	3.540	0	261	-53	0.340	0.554	776.982	3.438	0
839	43	274	95	0.570	0.530	773.566	3.543	0	261	105	0.341	0.554	776.982	3.429	0
859	44	269	109	0.570	0.530	773.566	3.619	0	285	93	0.340	0.553	776.982	3.369	0
878	45	259	107	0.571	0.530	773.566	3.553	0	277	70	0.341	0.553	776.982	3.390	0
898	46	273	93	0.571	0.530	773.566	3.570	0	287	76	0.341	0.553	776.982	3.432	0
918	47	271	99	0.572	0.530	773.955	3.595	0	287	99	0.342	0.553	770.103	3.378	0
938	48	258	89	0.573	0.530	773.955	3.609	0	292	101	0.343	0.553	770.103	3.350	0
958	49	267	87	0.573	0.529	773.955	3.644	0	268	105	0.343	0.552	770.103	3.410	0
978	50	269	83	0.574	0.529	773.955	3.592	0	285	88	0.343	0.552	770.103	3.413	0
998	51	262	77	0.574	0.529	773.955	3.537	0	287	102	0.344	0.552	770.103	3.379	0
1018	52	265	83	0.575	0.529	770.704	3.521	0	275	78	0.345	0.552	778.085	3.447	0
1038	53	267	90	0.576	0.529	770.704	3.563	0	288	77	0.345	0.552	778.085	3.435	0
1058	54	276	99	0.577	0.529	770.704	3.635	0	287	81	0.346	0.551	778.085	3.491	0
1078	55	260	101	0.578	0.529	770.704	3.613	0	274	54	0.347	0.551	778.085	3.512	0
1098	56	223	67	0.579	0.529	770.704	3.691	0	236	47	0.348	0.551	778.085	3.485	0
1118	57	226	71	0.581	0.529	770.408	3.700	0	231	47	0.351	0.550	776.213	3.482	0
1138	58	125	54	0.582	0.529	770.408	3.674	0	158	31	0.352	0.550	776.213	3.559	0
1158	59	137	54	0.583	0.529	770.408	3.666	0	135	41	0.353	0.549	776.213	3.549	0
1177	60	143	67	0.585	0.529	770.408	3.705	0	133	37	0.354	0.548	776.213	3.586	0
1197	61	152	55	0.587	0.529	770.408	3.735	0	138	24	0.356	0.548	776.213	3.610	0
1217	62	153	54	0.588	0.528	772.297	3.755	0	136	26	0.358	0.547	777.223	3.623	0
1237	63	138	48	0.590	0.528	772.297	3.781	0	150	27	0.359	0.546	777.223	3.633	0
1257	64	139	57	0.591	0.528	772.297	3.735	0	142	32	0.361	0.546	777.223	3.665	0
1277	65	136	58	0.593	0.528	772.297	3.742	0	150	54	0.362	0.545	777.223	3.698	0
1297	66	126	59	0.594	0.528	772.297	3.808	0	146	34	0.364	0.545	777.223	3.710	0
1317	67	124	62	0.596	0.527	771.578	3.786	0	145	44	0.365	0.544	776.265	3.717	0
1337	68	154	65	0.597	0.527	771.578	3.828	0	149	34	0.366	0.544	776.265	3.682	0
1357	69	142	58	0.598	0.527	771.578	3.836	0	155	66	0.367	0.543	776.265	3.691	0
1377	70	148	58	0.599	0.527	771.578	3.800	0	144	35	0.368	0.543	776.265	3.704	0
1397	71	152	75	0.600	0.527	771.578	3.859	0	161	44	0.369	0.542	776.265	3.699	0
1417	72	151	70	0.600	0.527	773.064	3.863	0	154	47	0.370	0.542	777.687	3.712	0
1437	73	142	77	0.601	0.527	773.064	3.866	0	148	34	0.371	0.542	777.687	3.698	0
1457	74	269	168	0.601	0.527	773.064	3.841	0	287	175	0.371	0.542	777.687	3.724	0
1477	75	458	381	0.600	0.529	773.064	3.858	0	452	383	0.370	0.544	777.687	3.711	0
1496	76	475	400	0.601	0.529	773.064	3.919	0	497	375	0.371	0.544	777.687	3.708	0
1516	77	491	415	0.601	0.529	775.228	3.926	0	540	359	0.371	0.543	781.537	3.723	0
1536	78	477	413	0.602	0.529	775.228	3.893	0	489	413	0.372	0.543	781.537	3.728	0
1556	79	493	419	0.602	0.529	775.228	3.946	0	478	408	0.371	0.543	781.537	3.742	0
1576	80	489	425	0.603	0.529	775.228	3.993	0	505	394	0.372	0.543	781.537	3.716	0
1596	81	496	430	0.603	0.529	775.228	3.983	0	496	387	0.372	0.543	781.537	3.781	0
1616	82	496	422	0.604	0.529	782.391	4.010	0	511	377	0.373	0.543	784.059	3.798	0
1636	83	502	407	0.604	0.529	782.391	4.033	0	483	407	0.373	0.543	784.059	3.774	0
1656	84	488	420	0.603	0.529	782.391	4.019	0	492	408	0.373	0.543	784.059	3.788	0
1676	85	476	417	0.604	0.530	782.391	4.062	0	497	398	0.373	0.543	784.059	3.813	0
1696	86	428	341	0.604	0.529	782.391	4.043	0	451	326	0.374	0.543	784.059	3.861	0
1716	87	405	357	0.606	0.528	774.456	4.007	0	438	321	0.376	0.541	781.879	3.871	0
1736	88	130	102	0.608	0.527	774.456	3.998	0	109	58	0.378	0.540	781.879	3.772	0
1756	89	116	78	0.607	0.527	774.456	4.015	0	124	36	0.377	0.540	781.879	3.791	0
1776	90	141	93	0.608	0.527	774.456	4.020	0	126	47	0.377	0.540	781.879	3.791	0
1795	91	132	93	0.608	0.527	774.456	4.055	0	126	53	0.377	0.540	781.879	3.818	0
1816	92	147	98	0.609	0.527	773.214	4.063	0	130	58	0.378	0.539	776.533	3.801	0
1835	93	142	80	0.609	0.527	773.214	4.033	0	151	82	0.378	0.539	776.533	3.829	0
1855	94	143	93	0.608	0.527	773.214	4.046	0	144	72	0.378	0.539	776.533	3.853	0
1875	95	139	94	0.609	0.527	773.214	4.071	0	137	64	0.378	0.539	776.533	3.845	0
1895	96	135	99	0.609	0.527	773.214	4.068	0	146	80	0.378	0.539	776.533	3.846	0
1915	97	134	101	0.609	0.527	773.175	4.066	0	115	75	0.379	0.539	774.915	3.839	0
1935	98	141	94	0.609	0.527	773.175	4.084	0	139	64	0.378	0.539	774.915	3.860	0
1955	99	135	95	0.609	0.527	773.175	4.041	0	142	76	0.378	0.539	774.915	3.835	0
1975	100	142	89	0.609	0.527	773.175	3.994	0	137	84	0.378	0.539	774.915	3.829	0
1995	101	142	87	0.609	0.526	773.175	4.007	0	148	76	0.378	0.539	774.915	3.857	0
2015	102	138	83	0.609	0.526	774.242	4.025	0	146	68	0.378	0.539	778.661	3.861	0
2035	103	137	72	0.609	0.526	774.242	3.972	0	137	61	0.379	0.539	778.661	3.804	0
2055	104	216	44	0.608	0.526	774.242	4.025	0	234	36	0.378	0.538	778.661	3.819	0
2075	105	316	25	0.608	0.525	774.242	4.054	0	302	35	0.377	0.538	778.661	3.821	0
2095	106	314	32	0.608	0.525	774.242	3.984	0	324	23	0.378	0.538	778.661	3.841	0
2115	107	317	29	0.608	0.525	777.258	4.034	0	347	21	0.378	0.538	776.330	3.838	0
2135	108	321	41	0.608	0.525	777.258	3.994	0	317	31	0.378	0.537	776.330	3.798	0
2155	109	301	28	0.609	0.525	777.258	4.044	0	338	47	0.378	0.537	776.330	3.830	0
2174	110	329	34	0.609	0.525	777.258	4.091	0	324	55	0.379	0.537	776.330	3.808	0
2194	111	321	42	0.609	0.525	777.258	4.049	0	326	42	0.379	0.537	776.330	3.810	0
2214	112	315	41	0.609	0.525	775.824	4.058	0	325	34	0.379	0.537	779.775	3.828	0
2234	113	329	45	0.610	0.525	775.824	4.065	0	323	41	0.379	0.537	779.775	3.902	0
2254	114	315	24	0.610	0.524	775.824	4.097	0	336	37	0.380	0.537	779.775	3.869	0
2274	115	322	35	0.610	0.524	775.824	4.082	0	328	17	0.380	0.537	779.775	3.841	0
2294	116	312	28	0.611	0.524	775.824	4.060	0	338	27	0.381	0.537	779.775	3.850	0
2314	117	311	26	0.611	0.524	778.013	4.083	0	337	15	0.381	0.536	780.994	3.841	0
2334	118	437	21	0.611	0.524	778.013	4.052	0	454	4	0.380	0.536	780.994	3.898	0
2354	119	610	28	0.609	0.523	778.013	4.025	0	642	2	0.379	0.536	780.994	3.868	0
2374	120	628	17	0.609	0.523	778.013	4.026	0	658	14	0.379	0.536	780.994	3.854	0
2394	121	639	10	0.609	0.524	778.013	4.053	0	646	8	0.379	0.536	780.994	3.784	0
2414	122	648	7	0.610	0.523	778.798	4.044	0	651	7	0.380	0.536	780.618	3.754	0
2434	123	648	16	0.610	0.523	778.798	4.057	0	652	31	0.380	0.535	780.618	3.844	0
2454	124	630	17	0.610	0.523	778.798	4.056	0	644	29	0.380	0.535	780.618	3.809	0
2473	125	645	36	0.610	0.523	778.798	4.056	0	649	11	0.380	0.535	780.618	3.837	0
2493	126	645	36	0.611	0.523	778.798	4.019	0	658	8	0.381	0.535	780.618	3.834	0
2513	127	641	21	0.611	0.523	784.473	4.044	0	656	-1	0.381	0.535	782.760	3.842	0
2533	128	623	10	0.611	0.523	784.473	4.065	0	641	23	0.381	0.534	782.760	3.863	0
2553	129	641	1	0.611	0.522	784.473	4.052	0	653	28	0.381	0.534	782.760	3.881	0
2573	130	650	-5	0.611	0.522	784.473	4.002	0	667	10	0.381	0.534	782.760	3.871	0
2593	131	690	10	0.611	0.522	784.473	4.056	0	705	8	0.381	0.534	782.760	3.849	0
2613	132	706	3	0.611	0.522	784.773	4.042	0	720	9	0.381	0.534	781.505	3.848	0
2633	133	679	19	0.611	0.522	784.773	4.078	0	696	13	0.381	0.534	781.505	3.855	0
2653	134	678	2	0.611	0.522	784.773	4.024	0	713	29	0.381	0.533	781.505	3.863	0
2673	135	691	-3	0.611	0.522	784.773	4.028	0	711	29	0.381	0.533	781.505	3.840	0
2693	136	698	15	0.611	0.521	784.773	4.022	0	721	28	0.381	0.533	781.505	3.887	0
2713	137	703	12	0.611	0.521	782.267	4.010	0	721	17	0.381	0.533	785.344	3.907	0
2733	138	706	22	0.611	0.521	782.267	4.008	0	708	12	0.382	0.533	785.344	3.895	0
2753	139	636	19	0.612	0.521	782.267	3.984	0	655	25	0.382	0.532	785.344	3.819	0
2773	140	299	31	0.614	0.521	782.267	4.096	0	334	38	0.385	0.532	785.344	3.837	0
2792	141	205	55	0.616	0.521	782.267	4.109	0	224	43	0.387	0.532	785.344	3.938	0
2812	142	113	64	0.616	0.521	778.686	4.104	0	117	58	0.387	0.532	780.976	3.887	0
2832	143	208	57	0.616	0.521	778.686	4.048	0	204	81	0.387	0.531	780.976	3.834	0
2852	144	191	80	0.617	0.520	778.686	4.054	0	220	71	0.388	0.531	780.976	3.890	0
2872	145	212	80	0.617	0.520	778.686	4.043	0	206	64	0.388	0.531	780.976	3.846	0
2892	146	195	57	0.617	0.520	778.686	4.057	0	192	55	0.388	0.530	780.976	3.902	0
2912	147	205	72	0.618	0.519	777.625	4.049	0	191	38	0.389	0.530	784.936	3.911	0
2932	148	198	83	0.618	0.519	777.625	4.046	0	201	74	0.389	0.530	784.936	3.870	0
2952	149	214	84	0.618	0.519	777.625	4.035	0	196	81	0.389	0.529	784.936	3.901	0
2972	150	206	72	0.619	0.519	777.625	4.054	0	214	56	0.390	0.529	784.936	3.881	0
2992	151	200	77	0.619	0.518	777.625	4.054	0	211	73	0.391	0.529	784.936	3.901	0
3012	152	194	62	0.620	0.518	782.097	4.077	0	213	75	0.391	0.528	783.239	3.886	0
3032	153	207	53	0.621	0.518	782.097	4.086	0	212	67	0.392	0.528	783.239	3.945	0
3052	154	211	74	0.621	0.517	782.097	4.080	0	193	61	0.392	0.528	783.239	3.928	0
3072	155	202	69	0.622	0.517	782.097	4.134	0	191	60	0.393	0.527	783.239	3.932	0
3092	156	190	78	0.622	0.517	782.097	4.099	0	199	56	0.394	0.527	783.239	3.911	0
3111	157	190	84	0.623	0.517	780.242	4.100	0	199	48	0.395	0.526	785.263	3.917	0
3131	158	191	81	0.624	0.516	780.242	4.132	0	208	74	0.396	0.526	785.263	3.920	0
3151	159	70	100	0.625	0.516	780.242	4.127	0	57	78	0.397	0.526	785.263	3.936	0
3171	160	62	80	0.626	0.516	780.242	4.096	0	73	79	0.398	0.525	785.263	3.960	0
3191	161	56	87	0.626	0.516	780.242	4.128	0	80	67	0.399	0.525	785.263	3.921	0
3211	162	55	96	0.627	0.516	780.683	4.120	0	82	74	0.399	0.525	786.458	3.941	0
3231	163	82	86	0.628	0.516	780.683	4.130	0	81	63	0.400	0.525	786.458	3.915	0
3251	164	62	100	0.628	0.515	780.683	4.075	0	72	70	0.400	0.524	786.458	3.837	0
3271	165	87	94	0.628	0.515	780.683	4.098	0	60	75	0.400	0.524	786.458	3.886	0
3291	166	72	87	0.629	0.515	780.683	4.121	0	84	63	0.401	0.524	786.458	3.881	0
3311	167	72	94	0.629	0.515	780.224	4.095	0	78	64	0.401	0.523	787.775	3.882	0
3331	168	75	101	0.629	0.514	780.224	4.008	0	69	82	0.401	0.523	787.775	3.816	0
3351	169	69	86	0.629	0.515	780.224	4.004	0	84	78	0.401	0.523	787.775	3.831	0
3371	170	75	92	0.629	0.515	780.224	4.046	0	73	50	0.402	0.523	787.775	3.805	0
3391	171	92	109	0.630	0.515	780.224	3.980	0	71	65	0.402	0.523	787.775	3.802	0
3411	172	89	99	0.630	0.515	782.052	3.996	0	70	48	0.402	0.523	789.683	3.807	0
3430	173	86	98	0.630	0.515	782.052	3.990	0	80	75	0.402	0.523	789.683	3.791	0
3450	174	59	103	0.629	0.515	782.052	3.984	0	68	66	0.402	0.523	789.683	3.773	0
3470	175	71	94	0.629	0.515	782.052	3.986	0	94	79	0.401	0.524	789.683	3.809	0
3490	176	227	381	0.627	0.517	782.052	4.048	0	265	400	0.400	0.526	789.683	3.826	0
3510	177	225	387	0.625	0.519	791.976	4.100	0	281	420	0.399	0.527	792.942	3.844	0
3530	178	361	606	0.625	0.519	791.976	4.064	0	368	597	0.398	0.528	792.942	3.860	0
3550	179	369	607	0.625	0.519	791.976	4.039	0	376	548	0.398	0.528	792.942	3.800	0
3570	180	367	567	0.625	0.519	791.976	4.051	0	363	570	0.397	0.527	792.942	3.788	0
3590	181	356	585	0.625	0.519	791.976	3.997	0	376	591	0.397	0.528	792.942	3.878	0
3610	182	356	576	0.624	0.519	790.403	3.979	0	377	574	0.396	0.528	790.643	3.835	0
3630	183	367	598	0.624	0.519	790.403	4.080	0	364	573	0.396	0.528	790.643	3.811	0
3650	184	366	609	0.623	0.519	790.403	4.093	0	385	596	0.395	0.528	790.643	3.861	0
3670	185	380	610	0.623	0.519	790.403	4.084	0	367	587	0.394	0.528	790.643	3.899	0
3690	186	364	606	0.622	0.519	790.403	4.077	0	384	582	0.394	0.528	790.643	3.846	0
3710	187	368	607	0.623	0.519	789.309	4.075	0	378	595	0.395	0.528	788.420	3.844	0
3730	188	363	596	0.623	0.519	789.309	4.017	0	353	585	0.395	0.529	788.420	3.889	0
3749	189	-1280	-1024	-1.000	-1.000	-1.000	-1.000	4	-1280	-1024	-1.000	-1.000	-1.000	-1.000	4
3769	190	-1280	-1024	-1.000	-1.000	-1.000	-1.000	4	-1280	-1024	-1.000	-1.000	-1.000	-1.000	4
3789	191	998	622	0.617	0.520	789.309	4.089	0	1039	594	0.389	0.529	788.420	3.878	0
3809	192	999	620	0.617	0.519	790.817	4.096	0	1041	587	0.389	0.529	793.509	3.902	0
3829	193	1015	617	0.617	0.519	790.817	4.013	0	998	605	0.389	0.529	793.509	3.887	0
3849	194	1010	619	0.617	0.520	790.817	4.021	0	1002	615	0.389	0.529	793.509	3.922	0
3869	195	992	630	0.617	0.519	790.817	4.085	0	1003	609	0.389	0.529	793.509	3.921	0
3889	196	984	633	0.617	0.520	790.817	4.223	0	1010	598	0.389	0.530	793.509	3.885	0
3909	197	976	634	0.617	0.519	792.489	4.270	0	1012	601	0.389	0.530	792.783	3.898	0
3929	198	1007	604	0.617	0.519	792.489	3.935	0	997	627	0.389	0.530	792.783	3.927	0
3949	199	1007	606	0.617	0.519	792.489	3.983	0	992	604	0.389	0.530	792.783	3.886	0
3969	200	1004	620	0.617	0.519	792.489	4.028	0	992	600	0.389	0.530	792.783	3.844	0
3989	201	998	609	0.617	0.520	792.489	3.984	0	1001	595	0.389	0.530	792.783	3.837	0
4009	202	996	616	0.617	0.520	791.141	3.992	0	995	595	0.389	0.530	790.351	3.818	0
4029	203	1013	616	0.617	0.520	791.141	3.885	0	998	635	0.389	0.530	790.351	3.802	0
4049	204	999	634	0.617	0.520	791.141	3.973	0	995	627	0.389	0.530	790.351	3.794	0
4068	205	993	632	0.617	0.520	791.141	3.948	0	994	634	0.389	0.531	790.351	3.833	0
4088	206	1003	634	0.617	0.520	791.141	3.973	0	995	614	0.389	0.531	790.351	3.792	0
4108	207	1004	632	0.617	0.520	791.110	3.965	0	994	607	0.389	0.531	793.299	3.819	0
4128	208	999	609	0.617	0.520	791.110	3.928	0	1005	612	0.388	0.531	793.299	3.846	0
4148	209	880	592	0.618	0.520	791.110	3.941	0	897	612	0.390	0.531	793.299	3.846	0
4168	210	835	618	0.619	0.520	791.110	3.883	0	868	603	0.391	0.531	793.299	3.824	0
4188	211	833	631	0.619	0.520	791.110	3.880	0	824	620	0.390	0.531	793.299	3.911	0
4208	212	830	625	0.618	0.520	793.113	3.887	0	801	622	0.389	0.531	789.907	3.895	0
4228	213	825	601	0.617	0.520	793.113	3.911	0	849	612	0.389	0.531	789.907	3.822	0
4248	214	829	624	0.618	0.520	793.113	3.842	0	826	624	0.389	0.531	789.907	3.825	0
4268	215	839	603	0.618	0.520	793.113	3.894	0	839	613	0.389	0.531	789.907	3.810	0
4288	216	816	612	0.617	0.520	793.113	3.918	0	835	619	0.389	0.531	789.907	3.804	0
4308	217	816	618	0.616	0.520	794.225	3.903	0	832	619	0.388	0.532	792.243	3.811	0
4328	218	832	613	0.616	0.520	794.225	3.883	0	839	599	0.388	0.532	792.243	3.780	0
4348	219	833	641	0.616	0.520	794.225	3.916	0	846	596	0.388	0.532	792.243	3.732	0
4367	220	730	486	0.617	0.519	794.225	3.795	0	758	528	0.389	0.531	792.243	3.705	0
4387	221	650	375	0.617	0.518	794.225	3.876	0	684	387	0.389	0.530	792.243	3.800	0
4407	222	663	337	0.616	0.518	790.339	3.844	0	704	355	0.389	0.530	790.132	3.761	0
4427	223	653	355	0.616	0.518	790.339	3.837	0	651	338	0.388	0.530	790.132	3.691	0
4447	224	644	380	0.616	0.518	790.339	3.846	0	674	369	0.388	0.530	790.132	3.727	0
4467	225	646	367	0.616	0.518	790.339	3.877	0	651	352	0.388	0.530	790.132	3.643	0
4487	226	676	367	0.616	0.518	790.339	3.889	0	667	366	0.388	0.530	790.132	3.673	0
4507	227	707	372	0.615	0.518	788.381	3.891	0	683	362	0.387	0.530	789.051	3.664	0
4527	228	650	380	0.615	0.518	788.381	3.917	0	660	373	0.386	0.530	789.051	3.735	0
4547	229	657	378	0.615	0.518	788.381	3.877	0	680	373	0.387	0.530	789.051	3.753	0
4567	230	657	371	0.615	0.518	788.381	3.919	0	650	384	0.387	0.530	789.051	3.716	0
4587	231	660	367	0.615	0.518	788.381	3.957	0	651	400	0.386	0.530	789.051	3.739	0
4607	232	661	362	0.614	0.518	789.425	3.956	0	652	403	0.385	0.531	789.976	3.743	0
4627	233	654	376	0.613	0.518	789.425	3.952	0	660	360	0.385	0.531	789.976	3.798	0
4647	234	648	385	0.614	0.518	789.425	4.002	0	651	381	0.385	0.531	789.976	3.810	0
4667	235	648	378	0.613	0.518	789.425	3.981	0	665	363	0.385	0.531	789.976	3.808	0
4687	236	662	378	0.613	0.518	789.425	3.957	0	675	394	0.385	0.531	789.976	3.883	0
4706	237	667	379	0.612	0.519	788.729	3.974	0	686	388	0.384	0.532	791.829	3.905	0
4726	238	911	606	0.609	0.520	788.729	4.101	0	922	591	0.382	0.533	791.829	4.000	0
4746	239	997	656	0.609	0.521	788.729	4.107	0	1018	641	0.381	0.534	791.829	3.924	0
4766	240	1007	678	0.609	0.521	788.729	4.092	0	1019	634	0.381	0.535	791.829	3.959	0
4786	241	996	672	0.609	0.521	788.729	4.129	0	1012	642	0.381	0.535	791.829	3.970	0
4806	242	999	663	0.608	0.521	790.792	4.141	0	1008	645	0.380	0.535	788.038	3.920	0
4826	243	1018	659	0.608	0.521	790.792	4.140	0	1012	638	0.379	0.535	788.038	3.937	0
4846	244	999	675	0.608	0.521	790.792	4.162	0	1020	635	0.380	0.535	788.038	3.966	0
4866	245	1015	674	0.607	0.521	790.792	4.141	0	1000	658	0.379	0.535	788.038	4.009	0
4886	246	1022	673	0.607	0.521	790.792	4.166	0	1029	643	0.379	0.535	788.038	3.949	0
4906	247	1040	676	0.606	0.521	787.667	4.145	0	1055	648	0.378	0.535	787.269	3.972	0
4926	248	1023	664	0.606	0.521	787.667	4.122	0	1014	641	0.378	0.535	787.269	3.972	0
4946	249	955	637	0.606	0.521	787.667	4.081	0	958	641	0.378	0.535	787.269	3.961	0
4966	250	967	658	0.606	0.521	787.667	4.110	0	974	642	0.378	0.535	787.269	3.994	0
4986	251	947	675	0.606	0.521	787.667	4.257	0	964	655	0.378	0.535	787.269	3.931	0
5006	252	947	666	0.606	0.521	787.737	4.256	0	972	652	0.377	0.535	789.513	3.942	0
5025	253	961	655	0.606	0.521	787.737	4.088	0	970	640	0.377	0.535	789.513	3.961	0
5045	254	970	663	0.605	0.521	787.737	4.075	0	962	641	0.377	0.536	789.513	3.959	0
5065	255	950	638	0.605	0.521	787.737	4.070	0	963	626	0.377	0.536	789.513	3.927	0
5085	256	954	661	0.605	0.521	787.737	4.141	0	973	618	0.376	0.536	789.513	3.956	0
5105	257	956	648	0.605	0.521	790.537	4.152	0	970	611	0.376	0.536	790.059	3.947	0
5125	258	965	654	0.605	0.521	790.537	4.162	0	974	645	0.376	0.536	790.059	3.889	0
5145	259	967	643	0.605	0.521	790.537	4.088	0	1002	612	0.376	0.536	790.059	3.877	0
5165	260	966	641	0.605	0.521	790.537	4.117	0	995	618	0.376	0.536	790.059	3.858	0
5185	261	973	643	0.605	0.521	790.537	4.058	0	957	658	0.376	0.536	790.059	3.882	0
5205	262	976	639	0.606	0.521	793.450	4.072	0	969	640	0.378	0.535	793.057	3.885	0
5225	263	485	460	0.608	0.520	793.450	3.943	0	516	504	0.381	0.534	793.057	3.847	0
5245	264	416	431	0.609	0.520	793.450	3.949	0	415	458	0.382	0.534	793.057	3.810	0
5265	265	430	426	0.610	0.520	793.450	3.965	0	416	447	0.381	0.534	793.057	3.731	0
5285	266	425	459	0.610	0.520	793.450	3.971	0	401	451	0.381	0.534	793.057	3.745	0
5305	267	439	457	0.610	0.520	785.393	3.937	0	395	458	0.382	0.534	790.789	3.748	0
5324	268	410	451	0.610	0.520	785.393	3.904	0	416	463	0.382	0.534	790.789	3.721	0
5344	269	422	469	0.610	0.520	785.393	3.926	0	423	449	0.381	0.535	790.789	3.733	0
5364	270	427	450	0.610	0.520	785.393	3.912	0	421	453	0.381	0.535	790.789	3.785	0
5384	271	419	450	0.610	0.521	785.393	3.907	0	425	456	0.381	0.535	790.789	3.792	0
5404	272	421	454	0.611	0.520	785.551	3.916	0	425	449	0.382	0.535	790.434	3.797	0
5424	273	421	470	0.611	0.520	785.551	3.912	0	408	469	0.382	0.534	790.434	3.724	0
5444	274	411	460	0.611	0.520	785.551	3.952	0	423	468	0.382	0.534	790.434	3.833	0
5464	275	269	222	0.612	0.519	785.551	3.828	0	280	208	0.384	0.532	790.434	3.686	0
5484	276	151	105	0.613	0.518	785.551	3.841	0	150	107	0.385	0.531	790.434	3.734	0
5504	277	32	-12	0.614	0.518	783.492	3.844	0	44	13	0.386	0.531	786.323	3.734	0
5524	278	159	128	0.614	0.518	783.492	3.913	0	168	118	0.386	0.531	786.323	3.675	0
5544	279	140	131	0.614	0.518	783.492	3.861	0	163	132	0.386	0.531	786.323	3.700	0
5564	280	168	125	0.614	0.518	783.492	3.908	0	147	129	0.386	0.531	786.323	3.746	0
5584	281	152	123	0.614	0.518	783.492	3.937	0	150	112	0.386	0.531	786.323	3.698	0
5604	282	165	121	0.615	0.518	784.089	3.928	0	154	121	0.387	0.531	785.341	3.708	0
5624	283	146	127	0.615	0.518	784.089	3.930	0	141	97	0.387	0.531	785.341	3.718	0
5643	284	145	113	0.615	0.518	784.089	3.930	0	142	106	0.387	0.531	785.341	3.770	0
5663	285	146	121	0.615	0.518	784.089	3.931	0	143	95	0.387	0.531	785.341	3.734	0
5683	286	157	122	0.615	0.518	784.089	3.905	0	142	99	0.387	0.531	785.341	3.710	0
5703	287	160	126	0.615	0.518	782.443	3.895	0	140	93	0.387	0.531	787.851	3.738	0
5723	288	119	82	0.615	0.517	782.443	3.988	0	125	33	0.387	0.531	787.851	3.730	0
5743	289	87	76	0.615	0.517	782.443	3.928	0	103	32	0.387	0.531	787.851	3.759	0
5763	290	97	71	0.615	0.517	782.443	3.919	0	90	44	0.387	0.531	787.851	3.748	0
5783	291	96	79	0.615	0.517	782.443	3.940	0	93	33	0.387	0.531	787.851	3.752	0
5803	292	99	79	0.614	0.517	781.512	3.936	0	102	49	0.386	0.531	784.107	3.738	0
5823	293	87	64	0.614	0.517	781.512	3.934	0	84	52	0.386	0.531	784.107	3.764	0
5843	294	91	64	0.614	0.518	781.512	3.961	0	98	56	0.386	0.531	784.107	3.803	0
5863	295	92	49	0.614	0.518	781.512	3.984	0	110	57	0.386	0.531	784.107	3.792	0
5883	296	83	62	0.614	0.518	781.512	3.978	0	109	52	0.386	0.531	784.107	3.800	0
5903	297	79	55	0.614	0.518	782.538	3.976	0	105	47	0.385	0.531	785.728	3.803	0
5923	298	88	56	0.614	0.518	782.538	4.015	0	88	63	0.385	0.531	785.728	3.862	0
5943	299	98	54	0.613	0.518	782.538	4.057	0	106	65	0.385	0.531	785.728	3.813	0
5962	300	101	43	0.613	0.518	782.538	4.027	0	106	66	0.385	0.531	785.728	3.826	0
5982	301	104	49	0.613	0.518	782.538	4.070	0	97	66	0.385	0.531	785.728	3.868	0
6002	302	109	48	0.613	0.518	781.360	4.058	0	104	61	0.385	0.532	787.990	3.859	0
6022	303	84	70	0.614	0.518	781.360	4.070	0	93	57	0.385	0.531	787.990	3.852	0
6042	304	92	66	0.614	0.518	781.360	4.048	0	94	46	0.385	0.532	787.990	3.849	0
6062	305	203	51	0.613	0.518	781.360	4.095	0	231	26	0.385	0.531	787.990	3.843	0
6082	306	308	32	0.612	0.518	781.360	4.052	0	309	37	0.384	0.531	787.990	3.828	0
6102	307	354	24	0.612	0.518	780.824	4.067	0	361	54	0.384	0.531	784.978	3.809	0
6122	308	317	51	0.612	0.517	780.824	4.072	0	334	52	0.384	0.531	784.978	3.761	0
6142	309	318	52	0.613	0.517	780.824	4.077	0	335	38	0.384	0.531	784.978	3.801	0
6162	310	326	57	0.613	0.517	780.824	4.062	0	322	23	0.385	0.531	784.978	3.754	0
6182	311	309	59	0.614	0.517	780.824	4.096	0	317	17	0.385	0.531	784.978	3.773	0
6202	312	311	60	0.614	0.517	781.008	4.098	0	313	13	0.386	0.531	783.786	3.777	0
6222	313	325	66	0.615	0.517	781.008	4.052	0	330	50	0.386	0.531	783.786	3.765	0
6242	314	311	68	0.615	0.517	781.008	4.044	0	316	53	0.387	0.530	783.786	3.780	0
6262	315	311	63	0.616	0.517	781.008	3.997	0	324	50	0.387	0.530	783.786	3.765	0
6282	316	324	78	0.616	0.517	781.008	4.017	0	346	29	0.388	0.530	783.786	3.781	0
6301	317	319	77	0.617	0.517	781.459	4.000	0	339	24	0.388	0.530	785.137	3.783	0
6321	318	311	62	0.617	0.517	781.459	4.020	0	315	23	0.389	0.530	785.137	3.773	0
6341	319	327	65	0.618	0.517	781.459	4.035	0	323	52	0.389	0.530	785.137	3.749	0
6361	320	357	49	0.618	0.517	781.459	4.031	0	369	44	0.389	0.529	785.137	3.816	0
6381	321	378	57	0.618	0.517	781.459	3.999	0	384	34	0.390	0.529	785.137	3.764	0
6401	322	397	56	0.619	0.517	780.569	4.000	0	400	45	0.391	0.529	785.863	3.772	0
6421	323	359	53	0.619	0.516	780.569	4.019	0	376	56	0.391	0.529	785.863	3.746	0
6441	324	386	63	0.620	0.516	780.569	4.050	0	389	52	0.392	0.528	785.863	3.822	0
6461	325	357	68	0.620	0.516	780.569	4.058	0	383	37	0.392	0.528	785.863	3.841	0
6481	326	379	68	0.621	0.516	780.569	4.086	0	385	34	0.392	0.528	785.863	3.862	0
6501	327	369	56	0.621	0.516	784.441	4.121	0	381	29	0.393	0.528	786.692	3.886	0
6521	328	381	59	0.621	0.516	784.441	4.097	0	381	28	0.393	0.528	786.692	3.902	0
6541	329	372	62	0.621	0.516	784.441	4.135	0	363	25	0.393	0.528	786.692	3.944	0
6561	330	356	61	0.621	0.516	784.441	4.078	0	397	26	0.393	0.528	786.692	3.962	0
6581	331	380	62	0.622	0.516	784.441	4.123	0	383	38	0.394	0.528	786.692	3.939	0
6601	332	374	67	0.623	0.517	782.507	4.090	0	382	31	0.395	0.528	788.874	3.955	0
6621	333	111	69	0.624	0.517	782.507	4.142	0	103	28	0.397	0.528	788.874	3.986	0
6640	334	146	61	0.625	0.517	782.507	4.183	0	132	31	0.397	0.528	788.874	3.958	0
6660	335	111	68	0.625	0.517	782.507	4.179	0	113	38	0.397	0.528	788.874	3.962	0
6680	336	151	70	0.626	0.517	782.507	4.174	0	132	59	0.398	0.528	788.874	3.979	0
6700	337	140	68	0.626	0.517	783.120	4.173	0	128	67	0.398	0.528	787.512	3.959	0
6720	338	121	74	0.626	0.517	783.120	4.183	0	107	46	0.398	0.528	787.512	3.975	0
6740	339	145	65	0.626	0.517	783.120	4.160	0	135	64	0.399	0.528	787.512	3.957	0
6760	340	133	64	0.626	0.517	783.120	4.178	0	128	61	0.399	0.528	787.512	3.962	0
6780	341	124	67	0.627	0.517	783.120	4.183	0	115	54	0.399	0.528	787.512	3.949	0
6800	342	132	63	0.627	0.517	782.837	4.175	0	129	61	0.399	0.528	788.394	3.953	0
6820	343	131	84	0.627	0.517	782.837	4.085	0	128	49	0.399	0.527	788.394	3.916	0
6840	344	142	62	0.628	0.517	782.837	4.165	0	138	53	0.400	0.527	788.394	3.956	0
6860	345	130	58	0.628	0.517	782.837	4.104	0	132	39	0.400	0.527	788.394	3.896	0
6880	346	82	84	0.628	0.517	782.837	4.176	0	79	60	0.401	0.527	788.394	3.916	0
6900	347	78	73	0.629	0.517	782.691	4.158	0	79	61	0.401	0.527	787.997	3.919	0
6920	348	66	69	0.629	0.517	782.691	4.154	0	62	51	0.401	0.527	787.997	3.886	0
6939	349	62	71	0.629	0.517	782.691	4.106	0	63	57	0.401	0.527	787.997	3.890	0
6959	350	78	65	0.629	0.517	782.691	4.166	0	66	48	0.401	0.527	787.997	3.949	0
6979	351	61	68	0.629	0.517	782.691	4.158	0	65	48	0.401	0.527	787.997	3.970	0
6999	352	61	60	0.629	0.517	785.519	4.164	0	67	49	0.401	0.527	787.566	3.989	0
7019	353	70	80	0.629	0.517	785.519	4.200	0	74	66	0.401	0.527	787.566	3.917	0
7039	354	69	75	0.629	0.517	785.519	4.212	0	84	75	0.401	0.527	787.566	3.893	0
7059	355	72	65	0.629	0.517	785.519	4.194	0	78	80	0.401	0.528	787.566	3.938	0
7079	356	79	54	0.628	0.517	785.519	4.142	0	92	82	0.401	0.528	787.566	3.892	0
7099	357	85	64	0.628	0.517	779.544	4.107	0	93	82	0.400	0.527	787.986	3.910	0
7119	358	246	59	0.627	0.517	779.544	4.057	0	270	31	0.399	0.527	787.986	3.931	0
7139	359	320	66	0.625	0.517	779.544	4.111	0	318	62	0.398	0.527	787.986	3.935	0
7159	360	324	64	0.625	0.517	779.544	4.098	0	322	49	0.397	0.527	787.986	3.908	0
7179	361	336	64	0.625	0.517	779.544	4.102	0	327	60	0.397	0.527	787.986	3.916	0
7199	362	341	52	0.624	0.517	783.947	4.128	0	330	52	0.397	0.527	788.974	3.915	0
7219	363	328	79	0.624	0.516	783.947	4.137	0	337	50	0.396	0.527	788.974	3.873	0
7239	364	318	66	0.624	0.516	783.947	4.127	0	322	48	0.396	0.527	788.974	3.872	0
7258	365	324	82	0.624	0.516	783.947	4.146	0	329	42	0.396	0.527	788.974	3.886	0
7278	366	333	69	0.623	0.516	783.947	4.146	0	333	56	0.395	0.527	788.974	3.846	0
7298	367	327	76	0.623	0.516	783.880	4.146	0	328	57	0.395	0.527	787.747	3.841	0
7318	368	337	62	0.623	0.516	783.880	4.152	0	343	32	0.395	0.527	787.747	3.886	0
7338	369	321	60	0.622	0.516	783.880	4.136	0	342	32	0.394	0.527	787.747	3.841	0
7358	370	344	44	0.622	0.516	783.880	4.129	0	330	43	0.394	0.527	787.747	3.820	0
7378	371	327	50	0.621	0.516	783.880	4.166	0	351	44	0.394	0.527	787.747	3.867	0
7398	372	326	51	0.621	0.516	781.540	4.145	0	348	43	0.393	0.527	787.834	3.839	0
7418	373	338	76	0.621	0.516	781.540	4.110	0	357	48	0.393	0.527	787.834	3.833	0
7438	374	342	73	0.621	0.516	781.540	4.111	0	334	48	0.392	0.527	787.834	3.847	0
7458	375	335	62	0.620	0.516	781.540	4.124	0	341	33	0.392	0.527	787.834	3.895	0
7478	376	200	57	0.621	0.516	781.540	4.103	0	192	37	0.393	0.527	787.834	3.920	0
7498	377	187	57	0.621	0.516	781.698	4.107	0	171	39	0.393	0.527	785.191	3.933	0
7518	378	213	62	0.621	0.516	781.698	4.095	0	182	49	0.393	0.527	785.191	3.899	0
7538	379	196	82	0.621	0.516	781.698	4.097	0	200	56	0.393	0.527	785.191	3.815	0
7558	380	187	71	0.621	0.516	781.698	4.093	0	209	48	0.393	0.527	785.191	3.813	0
7578	381	187	71	0.621	0.515	781.698	4.130	0	203	54	0.393	0.527	785.191	3.831	0
7597	382	185	71	0.621	0.515	781.822	4.134	0	207	57	0.393	0.527	784.353	3.831	0
7617	383	194	95	0.621	0.515	781.822	4.098	0	215	69	0.393	0.527	784.353	3.850	0
7637	384	191	71	0.621	0.515	781.822	4.100	0	212	66	0.393	0.527	784.353	3.855	0
7657	385	190	77	0.621	0.515	781.822	4.124	0	209	58	0.393	0.527	784.353	3.805	0
7677	386	186	98	0.621	0.515	781.822	4.137	0	215	59	0.393	0.527	784.353	3.846	0
7697	387	185	85	0.621	0.515	782.945	4.156	0	212	58	0.393	0.527	784.394	3.835	0
7717	388	194	80	0.621	0.515	782.945	4.145	0	216	93	0.393	0.527	784.394	3.835	0
7737	389	188	90	0.621	0.515	782.945	4.158	0	213	89	0.393	0.527	784.394	3.828	0
7757	390	198	83	0.621	0.515	782.945	4.152	0	230	49	0.393	0.527	784.394	3.891	0
7777	391	204	81	0.621	0.515	782.945	4.126	0	233	82	0.393	0.527	784.394	3.853	0
7797	392	203	80	0.621	0.515	784.327	4.136	0	232	61	0.393	0.527	787.671	3.882	0
7817	393	218	66	0.621	0.515	784.327	4.148	0	208	50	0.393	0.527	787.671	3.877	0
7837	394	223	65	0.621	0.516	784.327	4.136	0	216	80	0.393	0.527	787.671	3.885	0
7857	395	215	60	0.621	0.516	784.327	4.138	0	232	56	0.393	0.527	787.671	3.954	0
7877	396	212	79	0.621	0.516	784.327	4.142	0	237	61	0.394	0.527	787.671	3.926	0
7896	397	214	79	0.621	0.516	784.140	4.135	0	245	76	0.394	0.527	785.717	3.941	0
7916	398	202	74	0.621	0.516	784.140	4.160	0	238	71	0.394	0.527	785.717	3.873	0
7936	399	201	88	0.622	0.516	784.140	4.166	0	232	73	0.394	0.527	785.717	3.879	0
7956	400	204	70	0.622	0.516	784.140	4.131	0	223	87	0.394	0.528	785.717	3.862	0
7976	401	221	78	0.622	0.516	784.140	4.100	0	221	96	0.394	0.528	785.717	3.843	0
7996	402	222	83	0.622	0.516	783.585	4.087	0	221	104	0.394	0.528	785.377	3.838	0
8016	403	178	101	0.622	0.516	783.585	4.132	0	215	88	0.394	0.528	785.377	3.862	0
8036	404	81	122	0.623	0.517	783.585	4.146	0	87	133	0.396	0.528	785.377	3.867	0
8056	405	72	133	0.623	0.517	783.585	4.113	0	90	136	0.396	0.529	785.377	3.879	0
8076	406	64	142	0.624	0.517	783.585	4.087	0	84	145	0.396	0.529	785.377	3.863	0
8096	407	59	148	0.624	0.517	784.848	4.088	0	84	144	0.396	0.529	787.785	3.880	0
8116	408	92	135	0.624	0.517	784.848	4.082	0	66	135	0.396	0.529	787.785	3.901	0
8136	409	74	124	0.624	0.517	784.848	4.114	0	65	128	0.396	0.529	787.785	3.922	0
8156	410	76	116	0.624	0.517	784.848	4.090	0	63	120	0.396	0.529	787.785	3.872	0
8176	411	62	110	0.624	0.518	784.848	4.087	0	69	117	0.396	0.529	787.785	3.874	0
8196	412	62	111	0.624	0.518	782.653	4.086	0	75	123	0.396	0.529	784.764	3.861	0
8215	413	65	185	0.624	0.518	782.653	4.078	0	109	179	0.396	0.529	784.764	3.883	0
8235	414	102	204	0.625	0.518	782.653	4.079	0	110	200	0.397	0.529	784.764	3.831	0
8255	415	95	186	0.625	0.518	782.653	4.075	0	93	196	0.397	0.530	784.764	3.858	0
8275	416	77	172	0.625	0.519	782.653	4.059	0	72	162	0.397	0.530	784.764	3.865	0
8295	417	94	179	0.625	0.519	781.550	4.052	0	63	166	0.397	0.530	786.406	3.852	0
8315	418	103	189	0.626	0.519	781.550	4.074	0	105	149	0.397	0.530	786.406	3.827	0
8335	419	101	193	0.626	0.519	781.550	4.092	0	105	156	0.397	0.530	786.406	3.822	0
8355	420	82	194	0.626	0.519	781.550	4.114	0	76	168	0.397	0.530	786.406	3.825	0
8375	421	92	206	0.626	0.519	781.550	4.153	0	101	152	0.397	0.530	786.406	3.794	0
8395	422	88	206	0.625	0.519	783.333	4.183	0	91	156	0.396	0.530	787.583	3.795	0
8415	423	242	201	0.625	0.519	783.333	4.150	0	231	171	0.397	0.530	787.583	3.841	0
8435	424	215	179	0.625	0.519	783.333	4.103	0	232	175	0.397	0.530	787.583	3.829	0
8455	425	220	164	0.625	0.519	783.333	4.100	0	236	171	0.397	0.530	787.583	3.831	0
8475	426	233	168	0.625	0.519	783.333	4.120	0	241	159	0.397	0.530	787.583	3.795	0
8495	427	220	170	0.625	0.519	783.687	4.126	0	247	165	0.397	0.530	784.856	3.773	0
8514	428	245	190	0.626	0.519	783.687	4.164	0	256	183	0.397	0.530	784.856	3.833	0
8534	429	240	181	0.626	0.519	783.687	4.145	0	249	179	0.397	0.530	784.856	3.870	0
8554	430	248	191	0.626	0.519	783.687	4.117	0	237	166	0.397	0.530	784.856	3.878	0
8574	431	225	170	0.626	0.519	783.687	4.128	0	241	181	0.397	0.530	784.856	3.876	0
8594	432	220	165	0.626	0.519	785.807	4.123	0	238	169	0.397	0.530	788.111	3.890	0
8614	433	215	159	0.626	0.519	785.807	4.177	0	228	178	0.397	0.530	788.111	3.849	0
8634	434	220	162	0.626	0.519	785.807	4.153	0	236	177	0.398	0.530	788.111	3.861	0
8654	435	239	185	0.626	0.519	785.807	4.142	0	233	170	0.398	0.530	788.111	3.912	0
8674	436	242	181	0.626	0.519	785.807	4.152	0	245	154	0.398	0.530	788.111	3.880	0
8694	437	247	183	0.626	0.519	783.042	4.133	0	251	156	0.398	0.530	786.044	3.894	0
8714	438	251	188	0.626	0.519	783.042	4.123	0	250	180	0.398	0.530	786.044	3.918	0
8734	439	252	182	0.626	0.519	783.042	4.151	0	249	173	0.398	0.530	786.044	3.922	0
8754	440	246	185	0.626	0.519	783.042	4.143	0	238	167	0.398	0.530	786.044	3.918	0
8774	441	231	169	0.626	0.519	783.042	4.164	0	237	185	0.398	0.530	786.044	3.879	0
8794	442	228	163	0.625	0.520	784.153	4.171	0	232	174	0.397	0.531	788.988	3.891	0
8814	443	349	595	0.624	0.522	784.153	4.206	0	355	599	0.397	0.533	788.988	4.070	0
8834	444	360	659	0.624	0.523	784.153	4.194	0	352	636	0.397	0.534	788.988	4.037	0
8853	445	346	681	0.624	0.523	784.153	4.175	0	345	674	0.396	0.534	788.988	4.081	0
8873	446	364	680	0.624	0.523	784.153	4.190	0	352	671	0.396	0.534	788.988	4.051	0
8893	447	366	676	0.623	0.523	786.114	4.192	0	351	666	0.395	0.534	789.349	4.045	0
8913	448	344	679	0.623	0.523	786.114	4.157	0	359	677	0.395	0.534	789.349	3.989	0
8933	449	360	685	0.622	0.523	786.114	4.247	0	341	672	0.394	0.535	789.349	4.009	0
8953	450	346	679	0.622	0.523	786.114	4.231	0	356	676	0.394	0.535	789.349	4.053	0
8973	451	383	646	0.621	0.523	786.114	4.241	0	372	635	0.393	0.535	789.349	4.005	0
8993	452	386	645	0.621	0.523	785.992	4.232	0	386	628	0.393	0.535	791.488	4.029	0
9013	453	366	612	0.621	0.523	785.992	4.170	0	359	615	0.393	0.535	791.488	3.984	0
9033	454	377	619	0.621	0.523	785.992	4.198	0	385	644	0.393	0.535	791.488	4.042	0
9053	455	363	635	0.621	0.523	785.992	4.182	0	359	629	0.392	0.535	791.488	4.004	0
9073	456	378	652	0.621	0.523	785.992	4.200	0	363	627	0.392	0.535	791.488	3.958	0
9093	457	376	661	0.621	0.523	787.708	4.204	0	369	632	0.392	0.535	785.992	3.948	0
9113	458	385	644	0.621	0.523	787.708	4.187	0	369	651	0.392	0.535	785.992	3.950	0
9133	459	389	626	0.620	0.523	787.708	4.142	0	374	652	0.391	0.535	785.992	4.000	0
9153	460	378	632	0.620	0.523	787.708	4.180	0	349	663	0.391	0.535	785.992	3.936	0
9172	461	387	630	0.620	0.523	787.708	4.155	0	361	630	0.391	0.535	785.992	3.908	0
9192	462	383	633	0.620	0.523	787.843	4.172	0	348	626	0.392	0.536	789.686	3.932	0
9212	463	363	601	0.620	0.523	787.843	4.104	0	378	625	0.391	0.536	789.686	3.905	0
9232	464	650	597	0.618	0.523	787.843	4.086	0	717	593	0.389	0.536	789.686	3.940	0
9252	465	962	655	0.614	0.523	787.843	4.245	0	1006	606	0.386	0.536	789.686	3.899	0
9272	466	1041	621	0.613	0.524	787.843	4.070	0	1038	625	0.385	0.536	789.686	3.925	0
9292	467	1140	632	0.613	0.524	788.943	4.124	0	1080	612	0.385	0.536	787.599	3.923	0
9312	468	1051	619	0.613	0.524	788.943	4.016	0	1027	659	0.385	0.536	787.599	3.846	0
9332	469	1035	625	0.612	0.524	788.943	4.015	0	1023	644	0.384	0.537	787.599	3.802	0
9352	470	1034	638	0.614	0.524	788.943	4.003	0	1045	637	0.385	0.537	787.599	3.841	0
9372	471	1047	637	0.614	0.524	788.943	4.000	0	1036	643	0.385	0.537	787.599	3.796	0
9392	472	1059	638	0.613	0.524	787.156	3.988	0	1026	640	0.384	0.537	788.057	3.810	0
9412	473	1053	652	0.613	0.524	787.156	3.972	0	1050	627	0.384	0.537	788.057	3.768	0
9432	474	1043	658	0.613	0.524	787.156	4.022	0	1041	632	0.384	0.537	788.057	3.789	0
9452	475	1028	662	0.612	0.524	787.156	3.955	0	1051	631	0.384	0.537	788.057	3.757	0
9472	476	1041	649	0.612	0.524	787.156	3.894	0	1058	631	0.384	0.537	788.057	3.774	0
9491	477	1038	650	0.611	0.524	789.783	3.908	0	1059	634	0.383	0.537	786.001	3.767	0
9511	478	1109	642	0.611	0.524	789.783	4.005	0	1119	640	0.382	0.537	786.001	3.792	0
9531	479	1119	637	0.611	0.524	789.783	3.837	0	1111	645	0.382	0.537	786.001	3.761	0
9551	480	1127	640	0.611	0.524	789.783	3.862	0	1127	643	0.382	0.537	786.001	3.784	0
9571	481	1109	640	0.610	0.524	789.783	3.883	0	1114	645	0.381	0.538	786.001	3.758	0
9591	482	1117	635	0.610	0.524	792.406	3.917	0	1122	644	0.381	0.538	786.118	3.765	0
9611	483	1120	632	0.609	0.524	792.406	3.848	0	1116	626	0.381	0.538	786.118	3.793	0
9631	484	1108	661	0.609	0.524	792.406	4.018	0	1123	635	0.381	0.538	786.118	3.776	0
9651	485	1139	627	0.609	0.524	792.406	3.845	0	1120	633	0.380	0.538	786.118	3.806	0
9671	486	1105	647	0.609	0.524	792.406	4.073	0	1122	648	0.380	0.538	786.118	3.776	0
9691	487	1112	659	0.608	0.524	787.968	4.011	0	1118	655	0.379	0.538	783.454	3.773	0
9711	488	920	619	0.609	0.524	787.968	3.899	0	933	659	0.381	0.539	783.454	3.835	0
9731	489	714	649	0.611	0.524	787.968	3.953	0	721	650	0.382	0.539	783.454	3.795	0
9751	490	706	654	0.611	0.525	787.968	3.880	0	713	653	0.382	0.539	783.454	3.782	0
9771	491	727	672	0.611	0.525	787.968	3.924	0	734	680	0.382	0.539	783.454	3.827	0
9790	492	722	675	0.611	0.525	792.880	3.958	0	730	671	0.382	0.539	788.909	3.829	0
9810	493	734	669	0.610	0.525	792.880	3.916	0	718	669	0.381	0.539	788.909	3.778	0
9830	494	707	661	0.611	0.525	792.880	3.912	0	715	663	0.382	0.540	788.909	3.874	0
9850	495	717	658	0.611	0.525	792.880	3.946	0	716	638	0.381	0.540	788.909	3.756	0
9870	496	708	644	0.610	0.525	792.880	3.921	0	729	660	0.381	0.540	788.909	3.798	0
9890	497	713	642	0.609	0.525	789.365	3.911	0	734	651	0.380	0.540	788.720	3.817	0
9910	498	730	673	0.609	0.526	789.365	3.970	0	733	670	0.380	0.540	788.720	3.815	0
9930	499	701	675	0.609	0.526	789.365	3.944	0	-1280	-1024	0.609	0.526	-1.000	-1.000	4
9950	500	724	697	0.608	0.526	789.365	4.061	0	725	680	0.379	0.541	788.720	3.907	0
9970	501	760	901	0.608	0.528	789.365	4.083	0	769	882	0.379	0.543	788.720	3.851	0
9990	502	757	932	0.607	0.529	781.340	4.064	0	767	887	0.379	0.544	780.389	3.811	0
10010	503	751	1031	0.607	0.529	781.340	3.863	0	764	1005	0.378	0.545	780.389	3.747	0
10030	504	744	1010	0.607	0.530	781.340	3.832	0	738	1030	0.379	0.545	780.389	3.758	0
10050	505	747	1001	0.607	0.530	781.340	3.902	0	749	1012	0.378	0.545	780.389	3.711	0
10070	506	766	995	0.607	0.530	781.340	3.914	0	748	1003	0.378	0.545	780.389	3.771	0
10090	507	773	988	0.606	0.530	784.465	3.943	0	746	1010	0.377	0.545	782.756	3.771	0
10109	508	755	993	0.606	0.530	784.465	3.936	0	747	996	0.376	0.546	782.756	3.755	0
10129	509	757	1006	0.606	0.530	784.465	3.915	0	761	1008	0.377	0.546	782.756	3.780	0
