1	100	239	640	557
2	1536	100	71	203
3	1735	140	493	665
4	1894	120	391	647
5	2233	120	727	400
6	2632	100	627	316
7	3111	160	509	221
8	3848	100	619	247
9	4147	279	351	644
10	4446	518	292	641
11	4985	179	291	641
12	5244	120	105	243
13	5383	279	61	227
14	6141	140	443	729
15	6301	140	425	711
16	6460	199	417	665
17	6739	179	262	719
18	7138	140	356	639
19	7297	120	381	635
20	7596	319	389	631
21	8135	219	454	226
22	8853	199	459	216
23	9072	159	438	213
24	9889	219	48	224
25	10149	120	292	198
26	10448	100	254	209
27	12581	100	630	193
28	13000	120	535	251
29	13159	100	530	247
30	13458	180	522	285
31	14196	140	445	236
32	14415	120	155	227
33	14674	160	53	244
34	14874	100	270	221
35	15173	140	471	222
36	15671	100	473	231
37	16349	100	625	234
38	16768	139	623	244
39	18163	100	162	274
40	18323	140	307	672
41	18482	658	294	634
42	19280	479	279	621
43	20077	160	280	617
44	20357	459	296	625
45	20835	179	337	633
46	21034	119	291	625
47	21174	419	285	630
48	21613	219	309	614
49	21852	359	385	581
50	22330	259	422	636
51	22649	139	418	664
52	22809	179	415	656
53	23108	100	380	693
54	23227	179	347	702
55	23945	140	246	623
56	24424	100	287	628
57	24962	219	337	622
58	25441	140	611	266
59	25600	120	611	259
60	26138	100	628	255
61	26338	140	492	244
62	26597	140	568	247
63	26756	180	574	263
64	27853	140	306	255
65	28651	100	84	233
66	31063	299	448	248
67	31900	139	50	263
68	32219	119	257	248
69	33057	100	622	267
70	34452	120	262	250
71	35688	100	747	225
72	35987	179	588	247
73	36187	100	589	244
74	36466	120	623	253
75	36665	120	635	262
76	36805	219	625	249
77	37283	299	625	261
78	37782	140	517	320
79	37961	100	517	313
80	38799	140	92	281
81	38958	259	37	269
82	39576	239	260	275
83	39835	140	255	253
84	40473	159	616	266
85	40932	179	626	265
86	41889	100	612	268
87	42487	100	628	284
88	42706	140	610	290
89	43325	160	957	768
90	43504	219	1010	748
91	43823	100	984	686
92	44102	199	980	604
93	44441	239	950	651
94	44700	140	949	729
95	45498	219	380	611
96	46395	219	807	389
97	46694	140	507	252
98	46953	120	613	252
99	47252	120	626	279
100	47551	139	623	271
101	48209	100	612	293
102	48389	120	619	310
103	48548	120	617	321
104	48688	180	618	300
105	49007	160	50	285
106	49306	160	266	295
107	49605	160	252	275
108	49844	179	613	257
109	50342	279	513	215
110	50641	219	517	220
111	50941	139	212	235
112	51120	180	251	283
113	51957	140	497	202
114	52237	199	519	218
115	52556	120	503	231
116	52815	199	247	287
117	53891	100	518	210
118	54649	219	1112	-552
119	55646	120	526	229
120	56364	100	-64	-9
121	56483	279	43	28
122	56782	239	146	-1
123	57042	159	250	-10
124	57221	359	231	-6
125	57620	140	223	3
126	57779	140	342	33
127	58218	279	516	230
128	58816	160	456	287
129	59494	100	625	288
130	59693	199	573	278
131	60072	140	575	279
132	60650	159	620	166
133	60969	120	518	176
134	61248	259	427	177
135	61547	100	390	200
136	61787	120	128	197
137	61966	120	37	192
138	62524	140	49	192
139	62923	179	250	196
140	63162	100	330	184
141	63461	159	442	180
142	63641	120	600	180
143	63840	199	562	175
144	64219	100	666	178
145	64458	160	625	172
146	64717	219	623	162
147	65156	160	618	242
148	65475	120	507	248
149	65854	100	508	217
150	66312	140	451	202
151	66731	120	43	188
152	67010	100	240	174
153	67210	120	323	152
154	67828	159	344	182
155	68246	100	454	188
156	68426	159	456	192
157	70021	120	124	179
158	70978	140	308	168
159	71197	140	313	189
160	71596	120	272	181
161	72054	100	59	189
162	72274	140	301	184
163	72533	100	303	200
164	72673	100	293	187
165	73689	179	263	197
166	73968	100	266	191
167	74248	120	356	207
168	74447	120	322	209
169	74846	160	55	198
170	75045	319	47	201
171	75444	259	248	175
172	75942	259	331	174
173	76899	120	306	192
174	77039	180	294	188
175	77238	140	300	175
176	77697	259	281	166
177	78155	179	67	175
178	78554	160	405	671
179	78853	100	449	677
180	78973	140	443	709
181	79332	120	424	648
182	79471	140	439	658
183	79750	159	423	656
184	79930	179	408	645
185	80169	339	420	655
186	80707	100	425	656
187	80927	179	421	662
188	81365	199	384	695
189	81624	100	462	642
190	81784	120	511	604
191	82163	140	594	612
192	82861	199	379	683
193	83180	179	405	702
194	84136	180	470	700
195	84455	100	439	705
196	84615	140	436	701
197	84775	160	438	714
198	85313	139	434	712
199	85552	199	553	724
200	85951	179	511	630
201	86330	279	436	624
202	86848	140	282	627
203	87207	179	301	688
204	87406	179	294	629
205	88164	179	246	179
206	88363	179	70	154
207	88563	120	32	171
208	89480	140	623	176
209	90158	120	622	166
210	90377	100	371	185
211	91035	299	53	180
212	91434	100	48	177
213	91673	140	37	189
214	91852	180	305	190
215	92131	199	267	187
216	92989	239	49	197
217	93627	100	263	182
218	94145	199	305	191
219	94564	140	80	189
220	94723	100	45	188
221	95481	199	284	187
222	96079	140	622	151
223	96239	120	594	200
224	97136	100	204	-258
225	97933	100	570	206
226	98232	179	515	266
227	98432	100	513	259
228	98551	100	511	256
229	98850	180	468	202
230	99289	120	428	196
231	99887	180	53	197
232	100186	140	273	206
233	101622	199	632	209
234	101881	180	623	207
235	102180	199	524	239
236	102838	179	309	224
237	103057	120	261	215
238	104393	100	520	207
239	104692	259	613	203
240	105171	180	614	207
241	105370	100	616	210
242	105510	120	622	208
243	106187	100	523	287
244	106347	179	394	243
245	106945	120	264	252
246	107264	100	41	238
247	108400	160	506	233
248	108600	140	597	222
249	108879	120	611	237
250	109019	159	615	242
251	109198	160	623	222
252	109477	120	628	225
253	109816	140	509	302
254	110095	239	336	258
255	110454	100	243	253
256	110614	120	78	261
257	111491	100	606	229
258	112368	160	630	251
259	112607	100	521	307
260	112767	180	510	301
261	113405	140	607	256
262	113564	120	603	261
263	113824	199	435	272
264	114103	100	443	265
265	114641	199	45	259
266	114920	120	280	272
267	115139	139	354	253
268	116974	120	59	229
269	117213	179	52	237
270	118010	100	52	260
271	118469	140	85	234
272	119625	120	328	264
273	120383	120	631	275
274	120622	120	621	268
275	120861	140	625	254
276	121240	159	618	273
277	121459	180	610	267
278	121719	279	611	252
279	122018	100	627	247
280	122157	239	456	258
281	122456	239	614	285
282	122736	179	638	288
283	123274	159	664	270
284	123453	199	709	273
285	123673	120	715	298
286	124410	100	677	274
287	124809	179	609	281
288	125008	120	613	286
289	125327	100	595	285
290	125666	140	603	286
291	126005	180	601	282
292	126205	120	608	295
293	126922	120	636	286
294	127361	120	705	294
295	127800	140	717	291
296	128099	120	717	300
297	128238	160	731	290
298	128418	279	717	290
299	128757	160	737	281
300	128956	100	727	288
301	129973	100	308	279
302	130312	159	632	286
303	130810	120	645	267
304	131329	100	666	285
305	131468	100	639	235
306	131628	140	643	264
307	132345	219	558	265
308	132585	140	573	274
309	132744	159	562	273
310	133223	140	583	277
311	133442	140	590	280
312	134239	140	49	294
313	134419	199	262	278
314	135117	140	34	276
315	135416	100	89	265
316	136074	160	267	275
317	136931	199	83	271
318	137150	100	80	250
319	137908	160	91	275
320	138187	279	43	271
321	138765	100	236	286
322	138945	199	261	261
323	139742	120	443	285
324	139882	100	439	287
325	140041	100	139	268
326	140360	159	64	285
327	140600	120	52	264
328	140839	120	41	273
329	140998	120	70	273
330	141397	120	53	274
331	141537	140	58	267
332	142713	100	627	262
333	143251	219	443	255
334	143630	100	186	274
335	143929	180	256	274
336	144148	239	238	262
337	145185	279	518	333
338	145983	120	247	304
339	146880	120	271	264
340	147398	179	263	226
341	147717	299	490	239
342	149292	180	517	289
343	149512	239	516	288
344	149771	219	432	264
345	150070	120	243	253
346	150508	140	29	254
347	150688	100	264	256
348	151266	100	452	254
349	151924	219	620	259
350	152223	120	623	264
351	152861	319	630	260
352	153280	199	626	252
353	153858	139	517	340
354	154317	179	415	287
355	154755	140	70	273
356	155832	160	87	260
357	156490	100	85	273
358	156789	179	98	278
359	156988	279	54	266
360	157287	259	54	275
361	157566	179	51	270
362	157985	160	249	259
363	158224	160	237	281
364	158503	100	621	275
365	159161	140	626	302
366	159321	120	622	288
367	159520	120	618	280
368	159700	140	597	297
369	159959	199	615	290
370	160258	219	620	274
371	162172	140	52	278
372	162710	279	459	302
373	164006	120	624	181
374	164445	100	617	196
375	165163	239	513	245
376	165980	179	31	210
377	166478	159	458	199
378	167057	100	28	215
379	167356	100	249	220
380	167555	100	260	206
381	167754	180	243	199
382	167974	120	580	205
383	168173	259	618	210
384	169010	120	92	218
385	169748	140	521	250
386	169948	239	230	234
387	170406	100	64	229
388	170605	100	163	231
389	171562	120	117	242
390	171901	100	141	213
391	172101	180	87	242
392	172360	139	56	231
393	173078	219	456	228
394	173377	160	579	222
395	173556	100	588	222
396	174294	140	151	180
397	174493	199	48	190
398	174713	100	80	190
399	175390	160	450	249
400	175570	219	439	251
401	175809	120	436	244
402	175969	100	446	251
403	176308	100	433	280
404	176507	100	301	275
405	176826	140	299	289
406	177604	100	747	293
407	178082	219	687	235
408	178620	299	524	177
409	178939	100	523	175
410	179119	120	665	215
411	179557	199	667	512
412	179777	199	755	460
413	180654	219	255	245
414	180913	139	243	238
415	181113	120	237	245
416	181312	419	287	309
417	181950	140	244	215
418	182249	199	95	212
419	182508	180	101	201
420	182708	120	50	182
421	182947	120	220	188
422	183146	120	282	207
423	183944	658	391	629
424	185279	219	349	613
425	185618	140	357	622
426	185997	199	356	612
427	186236	120	372	615
428	186515	140	379	605
429	186735	279	377	610
430	187453	120	309	620
431	187592	140	287	616
432	188091	140	300	620
433	188569	100	352	645
434	188709	140	349	650
435	189068	120	307	584
436	189307	160	259	543
437	189606	120	375	532
438	189745	120	380	545
439	190005	140	415	589
440	190264	179	427	596
441	190762	140	352	544
442	190922	219	323	533
443	191340	100	342	552
444	191500	140	333	545
445	192238	239	209	629
446	192497	419	299	618
447	193195	140	336	717
448	193374	180	311	788
449	193633	179	342	782
450	193833	239	366	792
451	194132	199	354	800
452	194451	179	342	800
453	194650	120	308	856
454	194790	319	330	872
455	195129	179	394	871
456	195348	120	423	783
457	195487	120	434	748
458	195647	239	423	722
459	195986	758	443	709
460	196963	100	457	698
461	197142	120	414	673
462	197322	778	419	652
463	198179	179	379	651
464	198418	140	382	650
465	198757	160	381	660
466	198937	379	370	667
467	199335	100	368	665
468	199475	120	479	577
469	199634	100	479	574
470	199814	179	480	567
471	200053	180	342	655
472	200332	160	343	657
473	201050	618	355	675
474	201768	100	252	662
475	201927	100	280	641
476	202047	319	271	621
477	202386	120	281	618
478	202525	140	273	616
479	202685	219	244	595
480	203024	299	155	580
481	203343	100	157	585
482	203462	159	168	591
483	203742	120	156	581
484	204021	219	251	648
485	204260	1236	245	646
486	205516	339	147	752
487	205915	419	325	649
488	206353	439	187	758
489	206812	219	353	617
490	207051	239	352	613
491	207570	120	311	647
492	207908	279	156	717
493	208267	219	192	758
494	208507	219	362	710
495	208806	977	433	704
496	210162	139	140	842
497	210401	140	428	752
498	210600	180	496	707
499	210799	279	494	699
500	211138	379	176	775
501	211537	319	211	812
502	212295	219	73	799
503	212574	140	178	775
504	212933	119	255	840
505	213072	199	280	816
506	213292	160	285	846
507	213790	359	238	819
508	214448	160	463	545
509	214627	239	439	555
510	215525	199	449	576
511	215884	120	440	572
512	216222	219	492	564
513	216522	120	456	540
514	216741	219	431	474
515	217538	100	460	563
516	218017	279	507	674
517	218316	179	512	674
518	218555	160	499	665
519	219014	518	468	716
520	219552	758	477	711
521	220350	479	481	707
522	220948	399	476	709
523	221426	120	514	317
524	222583	279	473	711
525	223121	159	542	205
526	223400	140	539	190
527	223559	120	557	182
528	223998	140	598	212
529	224616	139	631	204
530	225214	120	293	210
531	225553	140	248	215
532	226052	140	465	695
533	226251	100	492	704
534	226411	339	505	679
535	227367	120	381	537
536	227746	140	44	521
537	228245	199	23	521
538	228464	379	90	632
539	228863	120	91	645
540	229002	658	69	800
541	229700	239	189	795
542	230258	319	12	522
543	230597	279	2	512
544	230896	239	8	508
545	231235	698	98	838
546	232531	100	199	786
547	232651	140	152	848
548	233030	120	165	681
549	233169	319	152	708
550	233528	698	27	527
551	234246	439	13	522
552	234744	239	8	520
553	235004	219	18	526
554	235303	479	45	671
555	235801	239	69	796
556	236060	419	134	759
557	236559	120	185	762
558	236698	299	225	789
559	237037	140	341	707
560	237197	179	377	683
561	237396	140	404	658
562	237556	219	427	639
563	237894	120	431	659
564	238214	219	421	655
565	238772	259	94	742
566	239091	279	56	810
567	239410	219	170	643
568	239988	120	117	606
569	240207	458	113	604
570	240706	259	120	604
571	240985	379	93	767
572	241403	120	347	722
573	241643	159	284	806
574	241822	399	226	801
575	242241	179	267	795
576	242440	419	315	798
577	242879	140	321	797
578	243078	279	257	800
579	243377	219	164	738
580	243617	179	90	714
581	243816	299	56	767
582	244135	179	43	722
583	244334	319	42	721
584	244713	100	70	709
585	244833	219	95	708
586	245172	120	58	503
587	245311	259	69	511
588	245590	319	15	519
589	245989	459	22	519
590	246487	299	32	521
591	246806	100	64	534
592	247245	140	146	755
593	247405	140	121	807
594	247784	120	137	865
595	247943	120	134	878
596	248162	120	117	877
597	248382	299	60	825
598	248701	219	50	813
599	248940	359	47	813
600	249319	279	36	820
601	253765	359	178	750
602	254144	179	245	747
603	254502	439	198	749
604	254961	140	189	759
605	255180	538	177	753
606	255738	259	177	758
607	256038	379	186	759
608	256436	339	185	757
609	256795	160	196	768
610	257054	499	159	769
611	257573	738	144	773
612	258410	1256	149	826
613	259726	459	149	825
614	260224	160	157	802
615	260444	100	165	797
616	260603	499	160	784
617	261122	259	150	769
618	261401	319	163	791
619	261740	140	161	759
620	261899	100	155	754
621	262517	179	100	719
622	262717	299	147	714
623	263115	299	161	744
624	264172	140	157	861
625	265508	180	145	718
626	265727	239	141	723
627	265986	678	120	719
628	266744	120	204	184
629	267522	180	127	707
630	267721	140	126	724
631	267881	419	133	714
632	268319	259	251	686
633	268678	279	129	720
634	268977	179	214	683
635	269176	120	222	670
636	269316	239	253	669
637	269575	299	230	646
638	269934	179	181	604
639	270133	259	221	601
640	270432	359	207	582
641	270831	279	80	597
642	271170	299	140	735
643	271489	100	146	733
644	271609	239	169	726
645	271908	100	167	727
646	272028	179	257	695
647	272267	120	143	725
648	272426	419	146	734
649	272865	499	312	723
650	273383	160	293	704
651	273563	139	431	695
652	274061	179	283	721
653	274360	199	301	736
654	274580	159	174	684
655	274759	119	153	714
656	274898	379	62	622
657	275297	179	66	608
658	275517	459	67	611
659	275995	399	140	751
660	276454	299	148	739
661	276773	100	249	684
662	276912	518	249	679
663	277450	299	261	688
664	277769	419	140	734
665	278208	219	279	676
666	278447	140	431	663
667	278607	120	463	660
668	279484	140	482	644
669	279883	139	473	715
670	281079	359	399	662
671	281458	199	364	654
672	281777	259	440	658
673	282056	100	499	652
674	282176	100	504	658
675	282455	179	479	665
676	282654	100	474	629
677	283053	239	469	580
678	283392	140	463	601
679	283850	180	478	618
680	284568	100	442	587
681	284748	279	493	596
682	285047	180	492	599
683	285246	718	459	740
684	285984	179	517	706
685	286841	219	392	669
686	287439	160	400	672
687	287918	140	394	657
688	288177	179	393	626
689	288616	100	374	597
690	288755	140	415	666
691	288934	199	411	666
692	289154	359	385	692
693	289533	199	365	684
694	289772	160	369	681
695	290051	159	373	689
696	290310	618	386	718
697	291666	199	356	760
698	291925	179	350	758
699	293042	319	268	597
700	293460	538	313	605
701	294019	299	312	597
702	294338	160	298	601
703	294517	140	355	627
704	294676	259	363	629
705	295055	180	311	579
706	295255	100	347	587
707	295514	179	353	632
708	295933	259	387	644
709	296371	100	405	621
710	296810	140	531	653
711	299800	179	565	593
712	300000	120	560	607
713	300139	219	597	604
714	300598	179	595	606
715	300957	120	563	603
716	301196	120	569	608
717	301555	120	564	607
718	301894	140	597	751
719	302233	179	575	742
720	302432	299	561	741
721	302771	140	571	743
722	303329	120	574	600
723	304326	100	586	601
724	305921	120	829	361
725	306420	139	1007	650
726	306679	219	1014	675
727	306918	379	1000	755
728	307736	160	932	656
729	308453	140	1106	628
730	308932	279	528	622
731	309231	219	557	634
732	309510	120	944	635
733	309650	100	964	615
734	309869	319	1013	698
735	310208	120	1034	738
736	310347	140	964	753
737	310507	239	913	729
738	310806	100	908	665
739	310925	1057	896	717
740	312042	159	838	751
741	312222	199	829	738
742	312441	578	888	722
743	313039	160	866	748
744	313218	478	809	764
745	313717	758	785	760
746	314554	140	802	829
747	315013	140	788	704
748	315172	219	832	721
749	315412	179	824	723
750	315631	200	829	715
751	315910	179	769	768
752	316129	100	799	741
753	316269	120	856	824
754	316408	120	884	724
755	316548	678	867	734
756	317246	199	998	683
757	317465	160	1001	683
758	317644	179	995	686
759	317844	140	995	682
760	318023	120	841	737
761	318163	120	834	731
762	318402	478	741	706
763	318921	419	805	717
764	319359	159	860	705
765	319598	179	789	709
766	319798	279	763	704
767	320097	179	725	698
768	320296	618	764	701
769	320934	180	828	736
770	321133	359	829	753
771	321512	279	864	765
772	321811	120	818	820
773	322051	120	723	785
774	322190	379	816	828
775	322589	439	853	821
776	323048	379	744	842
777	323446	578	833	804
778	324044	179	774	743
779	324244	139	821	738
780	324403	259	734	787
781	324702	160	396	644
782	324882	120	469	658
783	325021	239	529	659
784	325440	120	464	281
785	326078	160	858	751
786	326796	359	813	753
787	327553	399	817	884
788	328012	239	883	881
789	328431	160	802	882
790	328670	239	826	891
791	328929	1356	794	880
792	330305	239	841	836
793	330604	279	884	622
794	330903	279	789	614
795	331262	179	871	752
796	331501	100	833	752
797	331621	160	879	726
798	331800	379	801	718
799	332199	120	797	828
800	332338	458	796	892
801	332837	259	800	698
802	333375	160	792	800
803	333575	459	795	885
804	334053	100	793	831
805	334173	259	799	815
806	334452	678	880	833
807	335150	319	913	846
808	335488	100	918	837
809	335608	239	896	848
810	336127	120	979	834
811	336266	180	915	789
812	336466	279	931	780
813	336765	279	913	743
814	337084	199	931	716
815	337383	100	747	711
816	337562	219	794	768
817	337901	698	779	789
818	338619	120	771	747
819	338758	179	812	737
820	338978	279	1002	793
821	339277	120	994	796
822	339456	518	840	727
823	340074	259	1078	806
824	340353	159	1008	841
825	340892	140	886	714
826	341769	100	532	634
827	342507	279	550	700
828	342905	399	883	719
829	343324	179	852	710
830	343683	279	1089	769
831	343982	199	1069	778
832	344241	199	1144	799
833	344680	160	1138	712
834	344979	259	1099	705
835	345457	180	756	669
836	345657	120	734	591
837	345796	140	724	777
838	345956	140	728	774
839	346115	160	754	774
840	346454	120	760	669
841	346773	100	750	671
842	346992	140	747	571
843	347152	279	714	570
844	347810	100	534	581
845	348069	120	308	588
846	348627	120	389	724
847	348906	140	399	688
848	349245	140	346	754
849	349465	179	378	741
850	350182	140	381	742
851	350741	100	374	745
852	350960	139	370	739
853	351379	140	392	711
854	351777	319	717	750
855	352276	120	398	701
856	352475	279	413	705
857	352774	100	417	729
858	353153	100	809	665
859	353652	100	893	708
860	354110	100	1047	797
861	354230	359	1017	841
862	354908	379	380	720
863	355725	140	725	665
864	356403	219	741	759
865	356682	100	675	744
866	356921	339	680	756
867	357280	199	680	759
868	357579	100	749	757
869	357699	100	742	763
870	358118	179	820	770
871	358437	359	831	788
872	358895	1176	884	827
873	360091	159	893	746
874	360311	159	884	724
875	360510	140	887	711
876	360670	299	885	725
877	361068	199	814	813
878	361567	100	748	864
879	361766	538	747	861
880	362324	120	756	814
881	362624	219	784	772
882	362922	120	972	799
883	363062	319	961	812
884	363401	140	987	817
885	363560	120	980	798
886	363959	100	963	778
887	364079	259	978	780
888	364478	180	766	836
889	364677	120	855	789
890	364817	239	842	793
891	365116	179	835	795
892	365395	179	829	792
893	365794	100	904	796
894	367668	100	202	792
895	368046	120	361	607
896	369223	120	289	563
897	369821	179	99	607
898	370020	179	76	610
899	370638	100	1058	535
900	371556	339	744	682
901	372034	179	870	584
902	372313	100	876	593
903	372572	219	766	675
904	372871	179	739	680
905	373150	239	742	685
906	373470	618	838	727
907	374127	160	1037	622
908	374347	140	1043	595
909	375204	179	1029	560
910	375762	100	1121	539
911	376301	199	752	675
912	376520	279	746	675
913	377298	100	1062	555
914	377656	179	1079	613
915	377856	120	1143	636
916	378035	140	1140	618
917	378314	159	1134	581
918	378833	100	1037	549
919	379052	140	1031	533
920	379291	179	1053	491
921	380308	478	1069	605
922	381165	199	1039	643
923	381385	100	992	733
924	381504	140	982	727
925	381763	160	987	727
926	381963	160	988	729
927	382262	319	987	713
928	382601	179	986	714
929	382860	159	1074	578
930	383239	618	1014	668
931	383897	518	919	704
932	384814	120	132	754
933	384953	160	157	742
934	385811	159	275	699
935	386010	199	276	690
936	386289	100	260	704
937	386469	119	174	716
938	386947	120	158	739
939	387186	279	201	704
940	387506	797	263	692
941	388622	439	171	754
942	389081	139	164	765
943	389240	139	159	760
944	389479	100	387	623
945	389719	140	437	577
946	389878	120	436	581
947	390795	100	202	675
948	391094	199	209	675
949	391314	100	209	688
950	391493	239	189	676
951	391852	120	303	689
952	392091	239	378	660
953	392490	179	325	678
954	392988	140	398	701
955	393188	100	389	694
956	393347	140	355	677
957	393527	100	365	664
958	394204	140	410	662
959	394503	199	444	682
960	394922	239	337	726
961	395221	180	332	582
962	395421	120	335	567
963	395560	100	344	581
964	395879	160	215	650
965	396677	179	962	663
966	396876	179	959	647
967	398272	120	428	742
968	398411	299	417	721
969	398910	160	481	710
970	399089	180	465	708
971	400086	140	345	734
972	400245	219	408	768
973	400704	120	281	718
974	400943	199	277	722
975	401442	100	279	679
976	401701	219	324	757
977	402040	120	314	670
978	402339	180	342	792
979	402638	100	342	781
980	402778	180	233	684
981	403037	100	301	657
982	403196	180	314	671
983	403435	439	319	685
984	404073	239	293	632
985	404333	139	304	623
986	404492	140	311	639
987	404672	439	373	823
988	405130	379	346	859
989	405768	140	941	711
990	406067	100	995	732
991	406386	120	1006	739
992	406725	219	343	854
993	407124	219	990	703
994	407483	100	938	724
995	408201	120	313	588
996	409796	120	289	594
997	410135	159	326	580
998	410513	100	327	603
999	411171	100	448	584
1000	411710	180	401	607
1001	411969	179	402	606
1002	412168	219	424	627
1003	412447	199	291	604
1004	412667	179	321	604
1005	413006	179	388	584
1006	413763	199	939	645
1007	413982	120	905	740
1008	414122	180	928	711
1009	414361	199	330	595
1010	415298	100	333	518
1011	415657	100	342	536
1012	416275	160	397	654
1013	417212	140	347	556
1014	417551	538	912	716
1015	418109	319	907	711
1016	418548	479	908	716
1017	419066	120	906	717
1018	419206	219	906	708
1019	419545	100	877	715
1020	419665	100	900	671
1021	419784	239	881	662
1022	420801	120	889	635
1023	421718	139	915	647
1024	422177	140	919	679
1025	422476	100	861	683
1026	424490	160	902	717
1027	424689	100	910	721
1028	424828	120	888	718
1029	424988	160	887	736
1030	425267	180	915	720
1031	425666	179	885	717
1032	425985	160	896	716
1033	426184	100	886	716
1034	426304	239	883	715
1035	426563	219	891	716
1036	426862	100	859	689
1037	426982	219	853	683
1038	427321	120	823	740
1039	427460	179	793	729
1040	427699	658	804	729
1041	428377	359	804	804
1042	428756	199	833	743
1043	429075	120	830	721
1044	429215	219	843	716
1045	430072	219	778	785
1046	431248	120	816	789
1047	431408	199	779	782
1048	431886	120	936	1066
1049	432205	160	410	1109
1050	432484	139	370	1108
1051	432644	917	365	1097
1052	433641	159	979	1084
1053	433840	179	913	1073
1054	434119	339	615	1092
1055	434478	817	362	1084
1056	435575	120	741	757
1057	435714	160	794	757
1058	435993	199	830	813
1059	436213	259	845	802
1060	436592	399	754	811
1061	437010	199	783	751
1062	437229	120	843	750
1063	438625	120	318	516
1064	439124	219	812	792
1065	439642	120	803	772
1066	439782	100	837	766
1067	440360	180	846	779
1068	440978	279	365	678
1069	441277	259	330	671
1070	441656	140	333	672
1071	441975	100	405	695
1072	442114	319	334	682
1073	442513	179	331	684
1074	442752	279	337	686
1075	443171	120	437	709
1076	443350	100	311	598
1077	443470	160	313	611
1078	443649	120	280	626
1079	443809	179	283	616
1080	444028	299	385	637
1081	444666	180	927	667
1082	445105	120	407	645
1083	445504	120	319	603
1084	446142	100	387	578
1085	446600	279	414	630
1086	446999	279	473	625
1087	448335	279	433	706
1088	448833	319	465	706
1089	449232	299	413	738
1090	449671	139	391	741
1091	449850	259	421	717
1092	450129	319	412	703
1093	450568	100	330	681
1094	450727	299	313	675
1095	451086	120	311	682
1096	451285	120	304	631
1097	451864	239	346	852
1098	452322	120	363	855
1099	452462	339	334	872
1100	452860	100	386	856
1101	452980	179	377	862
1102	454157	100	260	190
1103	455173	219	122	238
1104	455512	100	284	243
1105	457067	239	781	790
1106	457705	219	867	804
1107	458304	179	761	799
1108	458702	179	819	788
1109	458902	140	952	707
1110	459161	179	777	760
1111	459360	140	774	754
1112	459520	199	781	752
1113	459739	140	746	757
1114	459898	180	843	794
1115	460138	140	804	796
1116	460297	319	807	800
1117	460836	180	958	676
1118	461095	179	936	670
1119	461314	778	809	792
1120	462112	359	816	795
1121	462490	379	806	801
1122	463248	399	816	783
1123	463826	239	809	787
1124	464305	179	822	793
1125	465302	120	106	264
1126	465541	140	34	272
1127	466019	100	256	295
1128	466199	219	32	301
1129	467116	299	969	691
1130	467734	100	1003	596
1131	467854	159	1028	614
1132	468093	199	884	684
1133	468332	199	855	636
1134	468551	140	897	634
1135	468731	299	914	632
1136	469189	120	943	559
1137	469329	100	952	572
1138	469528	100	906	545
1139	469847	219	996	554
1140	470286	100	1027	553
1141	471183	100	944	561
1142	471602	120	942	583
1143	471901	179	944	539
1144	472120	100	928	486
1145	472280	199	922	479
1146	472499	179	921	452
1147	472977	120	935	451
1148	473177	279	1005	440
1149	473675	139	887	493
1150	473915	279	881	479
1151	474991	119	310	719
1152	475430	179	296	591
1153	475689	100	367	909
1154	475809	459	370	870
1155	476287	678	339	858
1156	476985	239	336	852
1157	477284	239	448	887
1158	477743	718	398	760
1159	478480	199	418	780
1160	478779	120	904	525
1161	479876	120	1018	464
1162	480275	139	1056	458
1163	480773	100	883	470
1164	481192	199	440	777
1165	481411	159	392	766
1166	481630	120	360	747
1167	482009	100	405	750
1168	482268	199	411	750
1169	482847	120	407	764
1170	483484	339	889	490
1171	483863	120	1009	555
1172	484023	159	987	555
1173	484641	120	933	517
1174	485199	259	991	547
1175	485478	100	960	535
1176	486296	160	321	334
1177	486914	199	404	708
1178	487293	100	304	676
1179	487771	120	195	678
1180	488369	120	216	682
1181	488848	120	186	691
1182	489007	120	188	686
1183	489346	100	175	683
1184	489466	259	189	690
1185	489745	199	200	666
1186	489984	179	185	679
1187	490184	179	203	628
1188	490383	578	273	653
1189	490981	339	279	664
1190	491440	219	246	725
1191	491739	100	250	595
1192	492297	319	261	636
1193	492636	319	198	675
1194	492975	199	247	641
1195	493334	339	272	797
1196	493692	140	270	834
1197	493932	140	906	645
1198	494231	100	865	643
1199	494430	100	922	647
1200	494889	140	1019	606
1201	496324	120	1020	620
1202	496464	140	978	675
1203	496643	100	1009	621
1204	497142	199	995	709
1205	497441	100	1009	626
1206	497580	120	1009	607
1207	497840	120	1135	507
1208	497979	140	1136	528
1209	498139	179	1113	542
1210	498338	219	1109	542
1211	498577	259	1117	546
1212	499036	100	1114	551
1213	499155	140	1113	552
1214	499335	758	1115	546
1215	500112	179	1034	541
1216	500312	199	1035	544
1217	500531	219	1061	635
1218	500770	478	1051	682
1219	501329	199	977	672
1220	501548	140	970	675
1221	501708	379	957	666
1222	502106	140	1102	659
1223	502266	120	1080	633
1224	502465	120	1071	633
1225	502624	120	1055	621
1226	502804	100	1053	615
1227	502944	100	1049	612
1228	503960	120	1048	610
1229	504140	159	1044	602
1230	504319	379	1046	612
1231	505137	339	1012	590
1232	505496	179	1009	600
1233	505695	199	1011	592
1234	505914	120	957	629
1235	506094	518	921	645
1236	506632	279	1001	651
1237	506931	140	995	658
1238	507330	140	977	638
1239	507629	100	927	635
1240	507788	578	926	631
1241	508386	180	1002	631
1242	508785	598	902	650
1243	509483	140	872	611
1244	509643	120	878	604
1245	509782	100	863	602
1246	510021	100	923	579
1247	510360	219	380	755
1248	510739	199	317	858
1249	511058	259	325	854
1250	511497	419	291	865
1251	511955	100	282	866
1252	512075	100	314	835
1253	512354	100	306	834
1254	513829	100	897	698
1255	513949	179	901	698
1256	514447	100	306	873
1257	514667	100	297	872
1258	514826	120	308	872
1259	515046	199	309	837
1260	515624	219	309	831
1261	515903	139	308	822
1262	516461	140	302	830
1263	517717	140	302	840
1264	519452	140	330	825
1265	519651	139	195	740
1266	519811	120	198	693
1267	520807	140	859	585
1268	520967	159	869	593
1269	521705	120	910	700
1270	521904	140	330	864
1271	522742	100	44	289
1272	523260	199	257	274
1273	523539	100	267	287
1274	523998	219	239	234
1275	524237	199	251	215
1276	525114	140	266	255
1277	525373	100	329	252
1278	526091	140	238	207
1279	526629	140	47	226
1280	526789	100	58	231
1281	527447	120	254	229
1282	528743	219	272	259
1283	529281	180	318	245
1284	529640	179	248	273
1285	530158	100	255	284
1286	530398	100	72	267
1287	530557	100	34	254
1288	530876	219	68	283
1289	531315	219	420	274
1290	531753	100	252	272
1291	532072	120	32	268
1292	532252	139	51	293
1293	532890	179	229	279
1294	533229	140	235	284
1295	533468	140	343	253
1296	533627	140	414	283
1297	533986	120	148	287
1298	534146	179	53	284
1299	534485	140	234	287
1300	535382	160	232	284
1301	535860	259	350	772
1302	536598	179	188	683
1303	536997	199	184	689
1304	537216	100	162	672
1305	537356	140	168	687
1306	537615	399	166	689
1307	538034	140	168	685
1308	538193	100	182	691
1309	538412	179	954	660
1310	538731	100	1023	641
1311	538851	140	1041	575
1312	539708	100	1047	493
1313	540107	100	1041	576
1314	540346	140	1017	587
1315	541024	259	1020	574
1316	541303	100	1049	554
1317	541443	120	1025	523
1318	541881	199	1003	540
1319	542101	100	1009	537
1320	542340	140	1010	536
1321	542739	140	923	574
1322	543237	120	948	651
1323	543377	179	911	623
1324	543815	180	884	684
1325	544872	140	895	688
1326	545510	140	1039	659
1327	546367	279	51	262
1328	547285	120	298	575
1329	547564	120	318	485
1330	548082	100	401	687
1331	549518	219	167	668
1332	549797	120	172	666
1333	549936	259	153	659
1334	550235	159	156	659
1335	550614	259	219	663
1336	550993	219	217	653
1337	551392	219	272	589
1338	551631	179	263	557
1339	552090	100	297	677
1340	552648	120	367	513
1341	553106	100	289	609
1342	553445	359	297	608
1343	553824	339	301	609
1344	554283	239	319	611
1345	554602	120	372	687
1346	554821	100	425	723
1347	554940	120	429	731
1348	555080	179	441	737
1349	555479	219	455	851
1350	555718	459	452	759
1351	556296	179	418	762
1352	556735	120	881	621
1353	556894	100	866	637
1354	557233	179	878	641
1355	557612	120	905	669
1356	557851	180	905	680
1357	558111	219	925	691
1358	558350	120	924	687
1359	558689	379	940	706
1360	559088	478	983	720
1361	559666	698	953	715
1362	560403	957	974	729
1363	561640	120	889	695
1364	561779	558	915	709
1365	562716	399	447	862
1366	563753	239	49	276
1367	564152	199	50	261
1368	564411	140	54	270
1369	564650	140	51	245
1370	564909	139	39	228
1371	565069	140	47	241
1372	565228	199	46	239
1373	565527	100	67	301
1374	565647	239	41	308
1375	565906	339	40	276
1376	566265	319	50	240
1377	566624	100	270	231
1378	567023	100	77	224
1379	567681	120	899	665
1380	567820	219	892	641
1381	568757	339	434	755
1382	569196	140	243	693
1383	569355	140	302	686
1384	569515	359	305	652
1385	569993	100	307	663
1386	570113	339	294	657
1387	570572	159	353	690
1388	570751	100	368	681
1389	570890	239	436	740
1390	571250	119	977	720
1391	571449	140	912	695
1392	571648	140	902	659
1393	571848	199	903	605
1394	572545	120	991	656
1395	572685	140	993	638
1396	572964	219	1036	601
1397	573203	140	1019	544
1398	573462	180	1019	534
1399	573742	219	958	486
1400	574240	139	1005	460
1401	574499	239	980	456
1402	576054	120	999	478
1403	576194	120	987	480
1404	576433	299	981	467
1405	576952	259	974	468
1406	577470	140	951	563
1407	578267	120	303	637
1408	578686	160	289	652
1409	578905	100	189	663
1410	579125	120	175	669
1411	580700	100	1016	495
1412	580819	140	1028	483
1413	581039	179	1051	492
1414	581398	160	884	489
1415	581876	120	267	650
1416	584787	219	919	512
1417	585266	120	1029	483
1418	586242	160	971	451
1419	586840	120	284	655
1420	587080	100	301	651
1421	587219	100	296	643
1422	587598	120	459	772
1423	588475	279	41	240
1424	588874	100	255	240
1425	589014	100	255	234
1426	589412	159	48	257
1427	589652	100	249	248
1428	589811	100	258	271
1429	590469	100	50	274
1430	590908	100	50	249
1431	591267	179	209	261
1432	591566	140	259	266
1433	591805	100	243	257
1434	591924	120	258	251
1435	592264	219	242	247
1436	592802	140	198	592
1437	592981	299	167	662
1438	593300	279	155	654
1439	593599	339	161	662
1440	593958	179	152	654
1441	594178	199	217	579
1442	594397	199	201	578
1443	594616	259	193	591
1444	594975	100	187	587
1445	595294	140	242	604
1446	595613	159	194	593
1447	596032	160	209	591
1448	596211	239	199	583
1449	597009	140	972	570
1450	597288	160	1029	589
1451	597766	100	1173	488
1452	597906	160	1139	522
1453	598424	120	1132	720
1454	598604	239	1203	747
1455	598863	179	1205	907
1456	599381	419	1119	956
1457	599820	319	1111	960
1458	600278	359	1126	961
1459	600677	259	1213	659
1460	600976	160	1208	664
1461	601215	359	1139	669
1462	601674	199	1120	582
1463	601973	159	1005	649
1464	602152	578	959	692
1465	602751	478	949	702
1466	603249	379	920	691
1467	603648	120	937	657
1468	603787	299	1022	642
1469	604106	319	882	668
1470	604445	179	888	657
1471	604645	179	968	685
1472	604864	120	961	682
1473	605063	160	972	688
1474	605243	279	952	708
1475	605542	738	955	710
1476	606300	718	943	732
1477	607077	279	856	734
1478	607376	100	844	727
1479	607496	120	774	719
1480	607655	100	792	696
1481	607775	140	818	655
1482	608054	160	828	645
1483	608592	120	818	634
1484	609450	140	966	694
1485	609908	100	210	669
1486	610247	100	205	575
1487	610825	140	850	672
1488	611364	120	817	707
1489	611922	419	803	751
1490	612420	140	839	797
1491	612998	140	783	738
1492	613298	379	950	719
1493	613716	120	922	790
1494	613955	100	923	837
1495	614075	159	958	840
1496	614394	239	957	913
1497	614653	120	988	908
1498	614833	120	857	884
1499	615112	120	912	879
1500	615251	100	941	772
1501	615411	120	936	763
1502	615550	219	910	747
1503	615850	100	898	742
1504	616508	120	997	810
1505	616846	339	977	698
1506	617205	379	951	703
1507	617624	100	852	721
1508	618122	239	830	660
1509	618501	100	926	683
1510	618641	120	909	688
1511	618780	140	959	695
1512	619299	100	951	871
1513	619658	160	989	905
1514	619877	120	981	892
1515	620535	120	971	905
1516	620774	139	935	897
1517	621213	479	881	883
1518	622070	100	812	765
1519	622309	738	798	793
1520	623067	399	764	759
1521	623486	160	884	733
1522	624323	139	803	678
1523	624961	120	1299	305
1524	625200	140	1312	235
1525	625360	139	1315	207
1526	626835	100	593	291
1527	626975	100	595	292
1528	627194	100	253	283
1529	627314	180	252	290
1530	627752	100	640	277
1531	627952	279	769	277
1532	628251	120	773	298
1533	628550	120	770	295
1534	628749	120	718	285
1535	629268	219	221	258
1536	629566	279	255	307
1537	630145	498	4	279
1538	630982	239	1295	298
1539	631700	120	221	292
1540	631899	120	226	290
1541	632099	159	64	259
1542	632737	100	179	221
1543	632936	199	274	232
1544	633494	179	282	229
1545	634232	120	290	315
1546	634451	100	279	292
1547	634810	120	350	228
1548	635029	120	420	245
1549	635428	160	40	267
1550	635947	159	897	678
1551	636166	100	901	690
1552	636285	160	919	667
1553	636624	339	800	751
1554	636983	120	783	733
1555	637123	319	782	739
1556	637482	159	762	732
1557	637661	140	759	742
1558	637860	140	761	745
1559	638020	100	766	734
1560	638160	100	749	739
1561	638279	120	760	747
1562	638439	179	751	737
1563	638678	160	763	706
1564	638957	100	737	740
1565	639077	120	734	761
1566	639256	140	700	782
1567	639416	179	697	782
1568	639854	160	717	800
1569	640133	100	151	702
1570	640253	160	194	699
1571	640433	179	164	658
1572	641389	120	207	586
1573	641868	199	188	584
1574	642326	140	258	593
1575	642626	239	354	629
1576	642885	179	405	607
1577	643184	120	316	617
1578	643423	179	338	575
1579	643742	100	307	568
1580	644021	299	425	513
1581	645178	120	308	614
1582	645377	120	412	621
1583	645756	160	418	627
1584	646234	180	387	654
1585	646454	100	389	644
1586	646613	379	422	648
1587	647012	120	337	601
1588	647231	119	352	604
1589	647510	140	406	623
1590	647929	160	394	686
1591	648108	140	419	659
1592	648268	140	421	658
1593	648966	159	742	733
1594	649444	159	688	717
1595	649624	100	686	683
1596	650860	199	319	582
1597	651079	100	310	584
1598	651398	140	297	618
1599	651697	140	300	615
1600	651897	140	371	603
1601	652056	140	371	614
1602	652415	140	371	707
1603	652574	180	362	705
1604	652794	140	367	704
1605	653173	199	337	734
1606	653551	120	350	708
1607	653691	139	386	695
1608	654150	239	384	767
1609	654409	279	389	766
1610	654768	100	398	765
1611	654907	419	393	766
1612	655406	120	358	743
1613	655545	179	368	745
1614	655804	160	395	738
1615	656143	179	396	752
1616	656343	299	361	722
1617	656662	160	364	724
1618	656841	379	397	724
1619	657240	199	346	705
1620	657459	259	329	691
1621	657738	100	335	703
1622	657858	180	306	696
1623	658336	319	367	705
1624	658735	120	339	730
1625	658934	120	343	704
1626	659074	239	339	721
1627	659333	279	388	709
1628	659772	100	362	690
1629	659891	120	374	687
1630	660051	100	445	663
1631	660250	100	390	702
1632	660390	120	382	707
1633	660709	120	483	624
1634	661068	160	526	645
1635	661307	159	509	639
1636	662125	100	529	640
1637	662463	100	781	724
1638	662643	120	707	663
1639	662782	140	712	659
1640	662942	120	773	664
1641	663640	100	731	730
1642	663819	120	682	740
1643	664517	180	705	733
1644	664716	259	683	730
1645	664995	478	692	734
1646	665514	558	685	734
1647	666092	100	689	684
1648	666252	179	730	670
1649	666511	120	786	672
1650	666830	159	437	730
1651	667009	159	423	741
1652	667328	100	495	750
1653	667448	439	440	791
1654	667906	219	338	812
1655	668146	119	325	810
1656	668285	239	393	803
1657	669442	219	718	672
1658	669780	179	728	777
1659	670080	100	723	776
1660	670239	120	758	685
1661	670379	140	746	639
1662	670678	100	796	625
1663	671116	140	779	622
1664	671615	140	415	656
1665	672233	120	329	716
1666	672691	299	464	649
1667	673210	160	416	716
1668	673489	100	468	662
1669	673688	120	476	644
1670	674605	259	409	732
1671	675223	140	461	742
1672	676180	160	500	720
1673	676480	459	430	744
1674	676958	140	487	749
1675	677197	299	443	747
1676	678413	120	254	748
1677	678772	160	327	808
1678	678972	120	392	806
1679	679968	100	266	550
1680	681165	120	352	546
1681	681384	140	308	538
1682	681623	120	379	572
1683	682042	120	216	825
1684	682740	140	132	892
1685	682899	140	112	890
1686	683059	100	111	886
1687	683238	498	145	901
1688	683757	219	213	876
1689	683996	538	231	809
1690	684554	299	227	794
1691	684913	199	771	736
1692	685132	179	738	723
1693	685332	119	763	762
1694	685491	120	700	747
1695	685950	120	904	745
1696	686089	140	952	744
1697	686249	160	975	691
1698	686588	140	951	679
1699	686847	100	940	683
1700	687146	100	894	660
1701	687445	159	978	707
1702	687624	100	967	702
1703	687924	140	952	639
1704	688163	159	979	590
1705	688721	179	962	567
1706	689459	100	985	484
1707	689957	100	939	487
1708	690814	100	992	658
1709	691692	120	244	833
1710	691931	100	221	792
1711	692150	140	247	850
1712	692310	120	243	830
1713	692589	399	230	831
1714	693227	199	220	814
1715	693486	100	208	794
1716	693626	199	214	794
1717	693905	359	213	796
1718	694284	419	219	806
1719	694722	2831	226	814
1720	697573	498	209	817
1721	698451	219	234	828
1722	698770	259	210	815
1723	699168	100	214	808
1724	699288	100	202	801
1725	699408	618	233	843
1726	700145	179	220	819
1727	700365	259	212	814
1728	700664	359	222	818
1729	701042	279	234	825
1730	701342	479	218	816
1731	703794	120	94	530
1732	703993	279	72	514
1733	704930	100	94	720
1734	705050	100	81	714
1735	705170	837	57	727
1736	706027	120	90	722
1737	706226	538	203	603
1738	706784	139	187	599
1739	707044	100	188	598
1740	707223	299	192	594
1741	707562	140	171	693
1742	707861	199	842	669
1743	708080	419	951	682
1744	708519	419	974	703
1745	708958	140	983	685
1746	709117	518	992	685
1747	709735	159	1096	599
1748	709955	140	1081	572
1749	710134	259	916	680
1750	710413	180	963	692
1751	711031	120	71	539
1752	711171	219	73	528
1753	711550	139	79	520
1754	711809	120	75	530
1755	712008	179	173	539
1756	712506	199	186	510
1757	712925	100	209	515
1758	713045	140	215	522
1759	713683	100	95	483
1760	714540	100	204	528
1761	714959	199	995	687
1762	715358	100	918	653
1763	716335	219	967	565
1764	716574	160	962	555
1765	716793	159	965	560
1766	717531	100	971	563
1767	717750	319	925	539
1768	718089	259	938	559
1769	718548	120	908	594
1770	718946	100	968	578
1771	719146	159	972	588
1772	719684	140	990	559
1773	719923	120	981	569
1774	720063	239	1025	574
1775	720382	120	1078	570
1776	720661	100	1087	571
1777	721060	100	976	544
1778	721658	100	912	473
1779	722455	239	825	470
1780	725904	100	812	655
1781	726104	239	834	660
1782	726642	159	194	498
1783	727500	140	229	553
1784	727659	219	206	542
1785	728237	100	220	549
1786	728457	179	206	555
1787	728795	618	789	669
1788	729533	199	773	653
1789	729812	259	783	656
1790	730111	179	296	279
1791	730530	140	406	334
1792	730889	100	320	312
1793	731308	199	269	278
1794	731607	100	129	262
1795	731826	100	185	267
1796	733202	438	61	253
1797	733800	379	227	565
1798	734358	160	210	561
1799	734617	279	256	564
1800	735255	139	85	241
1801	735494	100	86	238
1802	735714	120	85	238
1803	735853	120	88	234
1804	736531	159	105	241
1805	736770	120	123	243
1806	737109	219	249	232
1807	737548	100	898	627
1808	737708	179	809	602
1809	737907	179	758	628
1810	738704	179	842	485
1811	738964	140	778	594
1812	739123	100	751	610
1813	739642	139	925	517
1814	740000	817	790	656
1815	740957	339	802	637
1816	741396	379	810	639
1817	742353	120	241	255
1818	743051	239	775	635
1819	743330	359	773	638
1820	743808	120	770	618
1821	743948	279	763	637
1822	744387	199	715	707
1823	744646	199	764	708
1824	744865	518	753	632
1825	745403	160	695	670
1826	745603	120	708	693
1827	745742	180	764	710
1828	745942	778	814	735
1829	746739	199	853	749
1830	747397	120	169	588
1831	747955	100	213	487
1832	748075	199	201	473
1833	749271	359	752	559
1834	749650	120	763	555
1835	750089	120	201	510
1836	750288	100	198	542
1837	751444	160	797	478
1838	752023	179	936	497
1839	752521	120	911	495
1840	752980	159	952	512
1841	753179	140	960	509
1842	753638	100	1050	521
1843	753917	100	1054	516
1844	754375	140	1059	484
1845	754535	219	1053	503
1846	754814	100	1052	495
1847	754934	120	953	584
1848	755392	159	993	601
1849	755910	180	1017	513
1850	757525	100	229	595
1851	757944	120	198	526
1852	758163	159	187	481
1853	759220	100	898	668
1854	759420	120	820	544
1855	759718	100	724	510
1856	760656	100	785	492
1857	761134	100	688	574
1858	761413	120	675	588
1859	761971	120	656	562
1860	762131	120	852	639
1861	762510	100	659	567
1862	762629	219	643	572
1863	763925	159	664	604
1864	764244	120	658	593
1865	764404	199	641	610
1866	766298	319	675	630
1867	766756	479	674	637
1868	767355	160	704	716
1869	767534	140	683	704
1870	767694	239	751	712
1871	767953	259	723	708
1872	768351	120	668	680
1873	768870	160	191	514
1874	769189	100	178	478
1875	770086	100	863	527
1876	770265	100	843	502
1877	770943	159	763	555
1878	771222	120	755	507
1879	771601	100	772	538
1880	772558	120	214	561
1881	773116	100	852	747
1882	774034	120	829	526
1883	774373	120	949	580
1884	775509	120	865	534
1885	775948	100	954	599
1886	776227	100	949	610
1887	776346	100	952	595
1888	777124	100	854	548
1889	777742	140	929	538
1890	777902	180	774	506
1891	778799	100	771	454
1892	779337	160	773	448
1893	779516	299	768	456
1894	779835	100	770	451
1895	780394	100	750	460
1896	780852	180	729	459
1897	781072	100	682	465
1898	782806	219	737	491
1899	783843	100	723	575
1900	784182	160	698	551
1901	784820	180	707	558
1902	785219	120	296	306
1903	786375	120	242	219
1904	786534	160	254	221
1905	787312	120	462	223
1906	787631	100	130	208
1907	787930	160	36	228
1908	788110	100	36	201
1909	788608	100	257	213
1910	788807	199	281	219
1911	789027	120	285	207
1912	789226	120	230	207
1913	789525	180	31	195
1914	789824	100	152	204
1915	790024	180	32	237
1916	790522	100	450	202
1917	790781	219	240	192
1918	791040	100	226	221
1919	791180	140	103	284
1920	791399	179	43	291
1921	791738	180	64	261
1922	791938	179	53	252
1923	792536	140	86	295
1924	792914	180	246	265
1925	793393	419	61	276
1926	793832	299	56	269
1927	794151	139	40	253
1928	794609	160	110	277
1929	794928	239	35	246
1930	795247	279	29	293
1931	796404	140	199	502
1932	796702	100	200	532
1933	796822	179	194	501
1934	797859	140	202	534
1935	799633	100	681	536
1936	800291	140	729	541
1937	800511	100	724	541
1938	800650	180	734	535
1939	801089	100	747	561
1940	801488	100	723	548
1941	802524	120	713	475
1942	802664	219	756	489
1943	802903	100	720	487
1944	804000	120	721	616
1945	804259	120	760	588
1946	804797	100	761	616
1947	805615	120	210	523
1948	806970	239	207	516
1949	807329	100	150	289
1950	807708	199	115	243
1951	807947	140	115	241
1952	808127	199	136	237
1953	808426	120	130	236
1954	808645	578	49	246
1955	809522	379	226	539
1956	809921	179	214	533
1957	810699	100	126	251
1958	810958	120	64	225
1959	811097	100	55	228
1960	811337	100	253	226
1961	811636	100	252	240
1962	812493	379	274	221
1963	813510	239	302	237
1964	813909	219	300	241
1965	814267	100	299	246
1966	814387	100	296	254
1967	814686	140	297	254
1968	814965	120	288	238
1969	816361	120	300	239
1970	818773	100	715	503
1971	819112	100	198	523
1972	820209	140	179	471
1973	821485	100	705	539
1974	822482	159	735	586
1975	823319	160	783	501
1976	823718	160	733	486
1977	824276	120	856	442
1978	825094	140	941	667
1979	825393	179	853	639
1980	825752	120	841	661
1981	826011	180	836	650
1982	826270	100	835	646
1983	826390	379	834	646
1984	826808	239	839	641
1985	827187	140	832	659
1986	827346	180	1004	745
1987	827546	140	1050	721
1988	827965	100	187	576
1989	828583	399	51	719
1990	829041	140	52	497
1991	829280	139	63	503
1992	829799	179	208	684
1993	829998	120	207	673
1994	830138	140	190	713
1995	830397	339	192	747
1996	830756	259	177	744
1997	831394	120	1046	819
1998	831932	160	1032	725
1999	832231	120	1067	808
2000	832450	518	1076	801
2001	833029	199	1072	811
2002	833886	120	177	787
2003	834544	379	1002	810
2004	834943	279	1046	805
2005	835242	120	1071	808
2006	835401	140	1061	800
2007	835581	139	1040	803
2008	835740	100	1048	795
2009	835959	100	1052	778
2010	836079	100	1042	762
2011	836777	100	951	839
2012	836897	279	956	836
2013	837235	239	1067	798
2014	837535	279	994	769
2015	837854	359	963	784
2016	838232	219	958	781
2017	838930	219	940	759
2018	839608	140	373	1107
2019	839867	120	363	1091
2020	840007	100	370	1099
2021	840166	140	343	1075
2022	840665	120	997	1118
2023	840804	279	951	1095
2024	841303	199	955	1093
2025	841682	259	347	1069
2026	841981	199	369	1077
2027	842320	199	1009	1090
2028	842638	578	870	735
2029	843296	319	963	1074
2030	843635	279	939	1080
2031	843934	259	946	1080
2032	844293	100	885	725
2033	844413	259	863	743
2034	845191	120	904	748
2035	845350	120	895	750
2036	845709	120	890	742
2037	845868	259	895	752
2038	846387	179	755	780
2039	846646	120	859	799
2040	846786	419	862	802
2041	847224	140	847	811
2042	847384	119	826	885
2043	847523	339	802	910
2044	847882	100	843	890
2045	848042	419	826	810
2046	848480	638	800	809
2047	849138	160	800	809
2048	849796	479	790	819
2049	850334	199	780	873
2050	850554	399	824	882
2051	851152	259	854	714
2052	851551	159	148	685
2053	851870	120	834	710
2054	852129	120	836	703
2055	852368	100	871	816
2056	852727	199	190	704
2057	853186	140	931	732
2058	853524	180	879	679
2059	853923	219	165	658
2060	854162	379	145	660
2061	854661	100	152	663
2062	854840	160	213	666
2063	855219	100	262	651
2064	855578	120	269	647
2065	855777	239	329	662
2066	856076	140	314	619
2067	856236	100	307	595
2068	857014	100	236	535
2069	857871	120	334	660
2070	858010	179	340	669
2071	858309	100	295	666
2072	859246	100	199	696
2073	860064	140	405	549
2074	860802	279	416	609
2075	861101	200	422	610
2076	861320	100	420	615
2077	861858	239	285	240
2078	862297	120	405	584
2079	863234	199	438	626
2080	863752	100	413	625
2081	864331	120	407	576
2082	864729	100	387	515
2083	864889	120	397	538
2084	865427	120	422	575
2085	865686	140	282	635
2086	865886	140	320	645
2087	866344	100	876	883
2088	866564	299	829	817
2089	866942	199	819	810
2090	867162	199	786	823
2091	867421	120	384	643
2092	867560	100	397	617
2093	867820	100	406	580
2094	868936	120	268	204
2095	869076	100	265	215
2096	869435	120	271	206
2097	870072	100	288	255
2098	870491	140	424	259
2099	871129	140	412	247
2100	871787	120	255	217
2101	872445	120	346	296
2102	872684	120	338	267
2103	872983	199	286	250
2104	873781	279	392	286
2105	874379	279	423	298
2106	875117	120	745	555
2107	875416	100	351	555
2108	875635	160	411	539
2109	876233	140	269	189
2110	876552	159	303	216
2111	876752	140	280	211
2112	876931	100	246	205
2113	877509	100	278	222
2114	877868	120	820	699
2115	878805	120	242	209
2116	880759	100	109	204
2117	881417	119	272	229
2118	881656	139	273	231
2119	882314	160	202	254
2120	882514	140	213	268
2121	882693	120	241	234
2122	882912	239	72	222
2123	883192	199	241	253
2124	883730	279	218	261
2125	884128	140	214	261
2126	884687	100	235	283
2127	884966	279	248	236
2128	886760	100	272	195
2129	886980	359	293	189
2130	888176	179	451	225
2131	888415	120	451	220
2132	889372	120	50	160
2133	889512	219	178	168
2134	889751	179	273	161
2135	890269	219	381	178
2136	890688	100	113	172
2137	890887	160	184	193
2138	891146	100	259	189
2139	891266	219	214	179
2140	891645	179	297	183
2141	891904	140	341	259
2142	892263	100	335	249
2143	892642	179	252	232
2144	893060	100	258	226
2145	893718	160	399	205
2146	893898	100	399	197
2147	894018	100	281	232
2148	894237	140	247	227
2149	894994	100	246	221
2150	895254	100	254	230
2151	895712	120	340	641
2152	895912	179	159	681
2153	896211	120	79	547
2154	896350	100	55	523
2155	896749	100	924	728
2156	897566	379	81	185
2157	898025	120	124	164
2158	898862	239	403	594
2159	899121	219	336	626
2160	899361	179	253	698
2161	899580	159	173	706
2162	899859	518	614	1050
2163	900397	658	701	1046
2164	901115	180	447	950
2165	901394	160	602	1047
2166	901853	120	242	0
2167	902052	299	230	10
2168	903049	100	405	279
2169	903169	140	284	235
2170	903368	140	318	557
2171	903568	239	601	1039
2172	903827	279	613	1045
2173	904525	319	192	678
2174	904923	120	187	699
2175	905063	299	176	697
2176	905382	279	156	685
2177	905741	100	183	661
2178	905920	120	626	841
2179	906060	598	691	1023
2180	906718	219	645	586
2181	907854	140	631	472
2182	908113	140	541	630
2183	908412	120	250	624
2184	908552	100	238	617
2185	908771	120	160	732
2186	909429	179	353	618
2187	909648	299	185	694
2188	910027	399	174	694
2189	910526	638	229	693
2190	911184	219	254	727
2191	911463	100	301	760
2192	911582	140	302	729
2193	911742	518	251	612
2194	912280	120	269	620
2195	912420	180	278	626
2196	912659	199	302	717
2197	912878	120	304	710
2198	913018	239	283	633
2199	913516	100	888	695
2200	913875	179	895	713
2201	914812	179	289	147
2202	915032	180	295	132
2203	915311	159	244	172
2204	915630	120	238	186
2205	915769	319	255	189
2206	916348	100	1281	228
2207	916507	100	1299	227
2208	916766	120	1223	197
2209	917105	179	1074	716
2210	917304	239	901	718
2211	917604	279	290	747
2212	917902	180	264	683
2213	918820	159	938	787
2214	919099	180	841	769
2215	919358	219	801	709
2216	919597	199	785	667
2217	919836	180	871	634
2218	920116	100	861	646
2219	920893	120	262	323
2220	921053	160	202	188
2221	921312	100	95	160
2222	921531	140	65	161
2223	921830	140	155	202
2224	921990	179	264	224
2225	922209	159	264	226
2226	922389	100	259	214
2227	922608	100	627	660
2228	922887	219	750	715
2229	923126	160	706	709
2230	923405	120	117	277
2231	923645	140	150	236
2232	923824	698	78	237
2233	924582	100	78	248
2234	924701	319	79	252
2235	925040	219	81	254
2236	925299	219	113	251
2237	925539	120	108	247
2238	925698	159	253	245
2239	925878	299	181	251
2240	926197	259	182	251
2241	926775	259	82	254
2242	928071	239	70	253
2243	928430	120	52	211
2244	929287	279	772	637
2245	929686	140	768	649
2246	929885	499	317	639
2247	930403	180	319	646
2248	930882	100	220	674
2249	931022	199	186	717
2250	931241	140	208	704
2251	931400	259	174	765
2252	931899	180	802	804
2253	933254	100	135	241
2254	933773	140	256	217
2255	934690	259	181	230
2256	935228	100	279	243
2257	935388	120	249	239
2258	935846	199	236	258
2259	936305	319	735	677
2260	936763	159	663	458
2261	937401	219	286	689
2262	937641	319	285	694
2263	938039	279	747	796
2264	938338	140	831	835
2265	939575	159	44	225
2266	939854	180	729	797
2267	940153	120	856	801
2268	940691	140	859	579
2269	940870	120	858	547
2270	941289	160	857	575
2271	941469	100	844	566
2272	941608	180	858	590
2273	942007	279	763	652
2274	942565	120	729	696
2275	942844	100	745	739
2276	942984	399	768	784
2277	943502	120	881	564
2278	944080	180	850	555
2279	945277	100	835	560
2280	945596	120	815	503
2281	945735	100	802	514
2282	946234	100	696	470
2283	946433	100	757	582
2284	946692	219	747	575
2285	947151	120	850	537
2286	949942	120	291	201
2287	950181	139	290	202
2288	950461	100	287	201
2289	950660	199	287	213
2290	951258	160	284	206
2291	951637	120	310	226
2292	951916	159	295	223
2293	952115	100	279	219
2294	953052	180	286	228
2295	954488	100	305	219
2296	954887	139	129	344
2297	955106	140	298	234
2298	955704	120	291	217
2299	956402	119	306	223
2300	956541	100	283	228
2301	956741	120	285	224
2302	957738	319	222	241
2303	959054	159	230	252
2304	959731	100	245	270
2305	959911	100	262	282
2306	960130	120	847	569
2307	960409	279	752	588
2308	960708	279	991	693
2309	961466	120	250	232
2310	961606	140	50	235
2311	962443	199	328	213
2312	962862	140	405	213
2313	963340	160	652	243
2314	964058	100	473	281
2315	964835	120	357	236
2316	966949	160	162	77
2317	968404	100	1121	693
2318	969102	100	715	438
2319	969920	140	1182	290
2320	970338	100	264	207
2321	970458	159	231	174
2322	970657	179	87	183
2323	970857	179	88	191
2324	971176	140	200	225
2325	971514	299	224	256
2326	971874	140	255	274
2327	972252	199	248	261
2328	972571	179	245	269
2329	972771	140	229	258
2330	973130	159	228	265
2331	973309	239	231	268
2332	973708	120	237	287
2333	973947	279	231	279
