1	113	239	667	262
2	731	159	259	163
3	1030	139	452	787
4	1189	120	480	843
5	1349	120	361	352
6	1588	179	207	334
7	2386	239	604	485
8	2665	578	474	864
9	3263	259	421	866
10	3881	120	325	352
11	4479	160	372	622
12	4659	379	386	702
13	5376	279	621	439
14	5875	179	431	820
15	6074	120	467	842
16	6274	120	577	493
17	6792	100	613	445
18	7171	100	604	431
19	7370	120	595	413
20	7669	179	479	643
21	7888	160	239	854
22	8068	179	349	959
23	8467	140	416	704
24	8806	518	331	967
25	9364	159	315	429
26	9543	120	190	280
27	9763	100	320	1028
28	9882	658	325	992
29	10560	299	525	944
30	10939	199	456	686
31	11158	159	436	679
32	11477	100	874	731
33	11597	219	1070	836
34	12095	100	749	310
35	12614	140	1201	503
36	13690	120	1222	519
37	13890	837	1243	474
38	14886	100	1064	460
39	15026	239	1081	492
40	15285	120	1066	469
41	15425	339	1079	496
42	15784	179	1214	500
43	15983	399	1174	579
44	16481	877	1094	794
45	17379	239	1049	778
46	17638	179	1050	713
47	17837	120	1067	634
48	17977	379	1059	639
49	18376	139	1140	647
50	18595	140	1141	705
51	18914	219	1127	734
52	19213	199	943	975
53	19452	239	703	961
54	19731	538	945	940
55	20290	877	951	957
56	21187	798	1001	742
57	22024	140	1047	670
58	22203	120	873	561
59	22383	140	623	332
60	23001	120	287	202
61	23141	159	268	194
62	23400	120	268	145
63	23819	100	476	154
64	24596	219	643	162
65	24835	139	564	242
66	26091	100	181	314
67	26231	100	156	311
68	26450	100	195	331
69	27208	179	318	245
70	28005	120	367	568
71	28584	100	121	277
72	29481	120	329	562
73	29620	199	365	567
74	29860	140	387	578
75	30059	299	441	609
76	30378	219	445	661
77	30617	139	359	564
78	30777	179	359	574
79	30976	219	292	609
80	31435	140	356	673
81	31754	439	982	708
82	32212	299	965	689
83	32790	100	371	599
84	32910	160	408	594
85	33189	279	448	632
86	33508	100	396	546
87	33628	100	401	541
88	33887	100	397	557
89	34405	359	410	747
90	34864	100	287	500
91	35283	239	346	565
92	35582	100	360	508
93	35781	100	394	496
94	35980	179	434	591
95	36399	239	436	600
96	36658	120	436	626
97	36957	199	415	610
98	37177	478	438	697
99	37675	140	416	639
100	37894	159	412	642
101	38333	180	426	656
102	38772	359	432	652
103	39150	120	429	648
104	39310	100	425	644
105	39429	279	497	633
106	39788	120	528	615
107	40506	259	406	640
108	40905	160	384	659
109	41184	120	444	658
110	41344	239	429	645
111	41683	319	367	597
112	42400	179	407	573
113	42600	160	402	559
114	43038	140	383	660
115	43218	120	432	649
116	43517	100	500	407
117	43676	100	933	671
118	43975	100	934	656
119	44294	179	713	273
120	44533	100	655	275
121	44872	120	979	664
122	45012	359	1030	645
123	45391	239	1017	645
124	45750	219	1098	705
125	46149	279	1028	797
126	46448	100	996	801
127	46567	259	937	793
128	46846	219	980	721
129	47086	259	910	719
130	47385	837	917	788
131	48242	698	950	783
132	48980	439	894	729
133	49438	339	965	727
134	49956	1037	886	724
135	51013	618	884	718
136	51651	199	814	711
137	51871	219	844	700
138	52150	379	933	634
139	52548	299	1006	727
140	53067	778	950	794
141	53864	439	883	735
142	54323	179	973	752
143	54622	219	919	784
144	54921	279	835	790
145	55220	319	882	816
146	55679	120	854	815
147	55938	498	859	813
148	56456	199	913	720
149	56675	837	869	724
150	57533	1495	854	732
151	59048	778	785	770
152	59846	857	805	780
153	60723	120	872	725
154	61042	179	860	728
155	61241	140	861	727
156	61401	439	857	780
157	61859	1256	867	726
158	63175	100	870	724
159	63295	159	927	695
160	63534	1495	975	673
161	65149	160	965	734
162	65328	419	935	779
163	65907	120	950	786
164	66046	1376	910	793
165	67462	359	1004	720
166	67860	159	1091	685
167	68199	239	1084	641
168	68458	359	1084	643
169	68837	379	1108	634
170	69535	439	1113	636
171	69994	797	1126	591
172	70811	160	1122	591
173	70991	219	1078	616
174	71349	179	851	752
175	71549	180	888	760
176	71968	140	864	817
177	72127	219	865	842
178	72566	120	889	812
179	72705	299	819	883
180	73024	140	813	884
181	73184	2652	799	875
182	75855	179	812	842
183	76055	140	842	776
184	76374	180	844	502
185	76573	120	833	439
186	77171	139	1233	405
187	77929	100	1205	925
188	78048	100	1226	978
189	78208	120	1118	974
190	78368	199	769	957
191	78647	120	820	794
192	78786	160	836	750
193	78986	239	947	554
194	79245	140	812	701
195	79544	1097	744	799
196	80680	658	796	688
197	81358	239	799	677
198	81777	100	892	615
199	81896	538	1030	607
200	82554	140	804	662
201	82853	180	750	711
202	83053	319	796	810
203	83392	997	780	877
204	84409	120	771	884
205	84568	259	777	641
206	84847	279	825	660
207	85146	578	790	806
208	85924	279	804	813
209	86223	160	893	770
210	86502	239	931	828
211	86761	2911	906	860
212	89911	678	900	864
213	90609	598	908	866
214	91227	179	864	777
215	91606	140	851	611
216	91805	139	1096	569
217	92184	140	1118	608
218	92344	120	1106	624
219	92483	179	840	592
220	92982	279	864	620
221	93380	339	1082	619
222	93839	140	838	584
223	94018	239	773	596
224	94317	180	865	658
225	94676	120	759	431
226	95155	179	775	589
227	95354	419	851	660
228	95793	179	813	561
229	96251	140	740	699
230	96590	239	879	829
231	96849	120	787	820
232	97189	179	1086	615
233	97388	180	1098	617
234	97587	379	1068	585
235	98245	140	351	671
236	98564	100	796	639
237	98803	139	799	604
238	99003	140	843	515
239	99441	199	1148	561
240	99661	120	1142	523
241	99800	120	1117	542
242	100139	339	1086	589
243	100498	399	1116	610
244	101016	179	1035	572
245	101515	160	751	589
246	101993	279	1100	613
247	102332	180	800	585
248	102532	160	761	595
249	102731	180	845	598
250	103210	140	1057	594
251	103529	319	1063	564
252	103868	379	1121	695
253	104266	180	1043	579
254	104466	180	1090	609
255	104685	199	814	594
256	104924	120	781	592
257	105064	279	857	626
258	105363	718	762	602
259	106519	140	751	585
260	106699	319	755	596
261	107277	140	759	599
262	107496	139	753	604
263	107656	279	813	606
264	108134	379	799	825
265	108533	718	797	829
266	109350	419	914	866
267	109789	518	797	840
268	110347	120	770	712
269	110487	120	775	640
270	110646	419	1118	614
271	111384	100	327	604
272	111683	100	380	679
273	111882	179	436	692
274	112082	120	425	727
275	112221	199	445	656
276	113019	100	137	367
277	114016	279	302	620
278	114315	140	334	580
279	114614	140	375	560
280	114833	359	434	594
281	115212	180	445	628
282	115411	478	452	676
283	115910	279	424	735
284	116807	319	335	501
285	117305	179	418	597
286	117505	439	398	599
287	118183	319	401	597
288	118621	299	402	610
289	119080	120	443	479
290	119219	239	472	504
291	119738	160	387	610
292	120017	120	342	673
293	120216	100	279	267
294	120535	259	178	256
295	120994	120	407	599
296	121273	100	388	591
297	121432	518	401	600
298	122110	159	319	427
299	122389	140	296	418
300	122768	140	243	442
301	123087	140	297	543
302	124024	120	153	413
303	124244	100	208	426
304	124423	100	151	407
305	124762	139	202	450
306	124922	120	141	410
307	125061	140	193	445
308	125639	100	280	468
309	125938	179	232	562
310	126138	219	198	545
311	126397	279	239	498
312	127234	120	241	464
313	127374	140	308	476
314	127852	159	367	639
315	128032	279	435	670
316	128331	219	406	688
317	128749	199	386	668
318	128969	160	392	664
319	129148	1077	434	668
320	130464	100	223	423
321	130584	120	282	461
322	131002	239	108	490
323	131262	140	190	544
324	132079	140	432	609
325	132239	160	441	565
326	132478	120	441	604
327	132837	120	390	343
328	133076	120	473	612
329	133275	139	453	630
330	133435	140	440	645
331	133634	140	195	533
332	134153	120	231	404
333	134352	120	224	395
334	134811	518	422	653
335	136027	120	203	536
336	136286	100	189	522
337	136944	100	442	483
338	137741	140	114	493
339	137901	219	222	541
340	138260	120	204	545
341	139416	179	269	194
342	140014	120	197	385
343	140234	159	204	411
344	140413	140	189	477
345	140572	120	188	403
346	140752	439	416	662
347	141310	180	164	388
348	141629	479	207	454
349	142407	299	189	520
350	142825	279	416	639
351	143124	279	414	667
352	143503	100	181	387
353	143822	120	408	596
354	143962	100	424	628
355	144121	120	134	375
356	144261	239	194	406
357	144520	100	131	398
358	144819	100	189	398
359	145417	199	149	519
360	145637	140	152	524
361	145896	160	900	639
362	146075	139	849	627
363	146275	100	767	600
364	146394	120	774	587
365	146534	180	1056	605
366	146972	100	1097	600
367	147491	120	788	514
368	147889	120	782	595
369	148049	160	778	586
370	148288	179	870	625
371	148508	498	800	796
372	149046	219	882	764
373	149385	179	771	614
374	149963	140	885	816
375	150202	538	817	827
376	150761	877	930	847
377	151658	778	829	823
378	152694	120	324	102
379	152914	140	449	144
380	153213	658	509	175
381	153891	120	517	128
382	154030	100	590	224
383	154150	299	532	132
384	154509	100	537	166
385	154788	100	543	188
386	155087	100	547	194
387	155207	100	486	193
388	155346	578	491	205
389	156024	120	445	190
390	156702	339	495	194
391	157300	100	315	160
392	157420	199	284	169
393	158078	160	1180	1006
394	158257	558	1211	1000
395	159354	219	417	165
396	159653	160	443	197
397	160311	179	413	147
398	160630	100	257	209
399	161447	120	230	200
400	161686	120	306	178
401	162444	279	256	204
402	162843	120	246	178
403	163640	120	129	190
404	164637	100	101	198
405	164757	140	155	168
406	165036	120	233	373
407	165474	179	170	473
408	165853	160	144	371
409	166232	239	435	608
410	166511	160	182	519
411	166731	159	129	371
412	167189	120	92	371
413	167388	120	92	376
414	167588	120	102	386
415	168106	140	414	652
416	168325	319	414	658
417	168724	120	459	636
418	168864	319	460	618
419	169203	339	453	633
420	169661	638	440	651
421	170698	618	434	589
422	171396	140	100	427
423	172014	139	96	466
424	172173	120	92	361
425	172433	120	97	365
426	172672	399	407	664
427	173090	897	461	699
428	174008	279	469	701
429	174426	299	437	644
430	174745	139	434	641
431	175104	299	434	621
432	175583	120	451	524
433	176300	140	427	601
434	176480	160	437	605
435	176659	100	438	635
436	177317	139	863	606
437	177497	140	1072	613
438	177676	160	1118	600
439	177895	239	797	783
440	178175	299	760	623
441	178653	199	822	818
442	178872	1116	783	824
443	180148	219	1074	605
444	180587	120	793	821
445	180866	219	821	835
446	181105	439	926	869
447	181564	279	902	889
448	181863	379	907	785
449	182262	179	870	767
450	182461	219	852	930
451	182700	200	785	913
452	182920	319	779	815
453	183438	159	768	640
454	183617	140	770	652
455	183777	219	759	660
456	184036	359	812	814
457	184415	279	767	656
458	184714	140	764	704
459	184913	319	821	703
460	185312	140	860	593
461	185631	159	816	396
462	185930	160	763	497
463	186269	399	794	702
464	186688	100	828	700
465	186867	180	784	710
466	187067	678	787	834
467	187784	279	768	660
468	188263	498	723	635
469	189080	100	1023	604
470	189200	279	1107	627
471	189499	120	1035	638
472	189698	259	1087	701
473	189978	180	1140	715
474	190177	479	1176	689
475	190815	140	881	619
476	190994	119	750	506
477	191632	179	730	542
478	191991	159	730	518
479	192290	159	727	503
480	192510	259	982	633
481	193128	479	1041	610
482	193626	179	1078	682
483	193825	140	1093	673
484	193985	279	1129	708
485	194324	339	1084	708
486	194723	120	512	681
487	195082	120	426	569
488	195381	339	513	736
489	195740	120	540	764
490	195979	180	1137	613
491	196278	100	1103	625
492	196477	179	454	666
493	196696	160	499	707
494	197155	219	422	155
495	197913	120	579	198
496	198212	100	544	186
497	198431	100	550	210
498	198551	179	555	203
499	198770	120	450	218
500	199029	100	485	210
501	199189	140	487	224
502	199528	179	441	207
503	199926	100	501	210
504	200126	100	505	226
505	202339	139	273	249
506	202558	100	287	190
507	202777	139	164	148
508	202957	259	113	230
509	203236	100	191	217
510	203375	259	287	191
511	203694	140	297	204
512	204053	120	198	218
513	204372	199	428	682
514	204592	259	436	652
515	204871	319	430	644
516	205210	658	425	650
517	205888	638	426	653
518	206546	459	427	659
519	207044	140	423	655
520	207204	219	417	668
521	207562	279	358	661
522	208001	140	353	659
523	208160	200	319	665
524	208679	359	351	641
525	209157	219	155	597
526	210713	179	752	549
527	210972	180	738	548
528	211171	160	736	569
529	211351	239	740	592
530	211630	140	1005	616
531	211809	100	1013	618
532	211929	279	1099	612
533	212228	219	1051	670
534	212507	179	1067	696
535	212706	299	1070	614
536	213185	459	1032	703
537	213663	798	1028	719
538	214521	120	896	697
539	214899	180	685	398
540	215099	439	685	405
541	215777	179	682	553
542	215976	299	685	553
543	216754	100	674	399
544	216873	319	858	568
545	217372	139	803	559
546	217571	199	833	570
547	217810	339	793	670
548	218588	139	230	573
549	218747	120	169	596
550	218887	538	275	598
551	219445	379	283	659
552	220043	279	814	600
553	220442	100	719	392
554	220582	239	1077	598
555	220940	120	365	633
556	221259	100	277	651
557	221558	100	801	596
558	221778	399	818	665
559	222436	179	436	177
560	222854	120	517	210
561	223134	937	556	210
562	224230	100	557	194
563	224749	140	481	229
564	225207	159	422	189
565	225626	658	495	213
566	227081	160	397	622
567	227281	160	280	642
568	227620	319	275	620
569	227958	100	270	647
570	228078	359	270	648
571	228836	319	205	590
572	229274	299	287	646
573	229593	180	320	667
574	229853	100	206	530
575	230431	120	754	644
576	230570	179	806	657
577	231527	180	446	244
578	231806	279	283	208
579	232285	100	148	199
580	233003	159	279	616
581	233182	100	271	618
582	233302	160	269	642
583	233481	279	443	663
584	233820	140	483	590
585	234139	160	477	713
586	234398	120	432	724
587	234598	199	548	762
588	234837	139	428	666
589	234996	239	425	657
590	235295	179	260	586
591	235495	179	163	593
592	235694	638	139	614
593	236352	140	255	612
594	236611	179	281	615
595	237309	159	279	375
596	237848	139	274	647
597	238186	319	290	654
598	238525	219	235	657
599	238765	439	237	657
600	239223	120	232	659
601	239363	518	239	662
602	239921	179	295	665
603	240320	259	347	731
604	240599	598	235	671
605	241217	259	173	650
606	241835	140	316	715
607	241994	160	345	723
608	242174	339	266	689
609	242533	518	261	692
610	243171	100	263	689
611	243310	239	175	800
612	243570	140	211	745
613	243869	299	429	661
614	244188	120	366	672
615	244706	199	822	614
616	244945	160	1033	631
617	245125	199	1079	620
618	245483	120	790	499
619	245643	120	825	530
620	246201	179	716	542
621	246401	160	795	657
622	246600	239	811	630
623	246899	160	824	607
624	247079	259	805	596
625	247437	479	784	640
626	247976	379	758	656
627	248434	479	762	665
628	248933	399	799	663
629	249431	120	868	669
630	249591	339	878	702
631	249950	219	850	739
632	250189	259	822	764
633	250667	219	765	646
634	250946	179	793	674
635	251744	120	302	711
636	251943	479	746	708
637	252442	279	750	707
638	252741	199	744	709
639	252960	459	742	750
640	253439	179	746	757
641	253638	139	735	766
642	253837	199	270	779
643	254635	100	1075	604
644	255093	259	791	728
645	255472	119	707	561
646	255612	180	714	562
647	256190	239	169	589
648	256489	140	284	617
649	256668	299	256	611
650	257326	219	260	586
651	257765	239	213	778
652	258024	219	221	748
653	258283	678	160	832
654	259141	100	781	798
655	259340	219	786	851
656	259579	479	827	798
657	260078	279	806	727
658	260377	538	760	780
659	260975	319	817	807
660	261314	160	795	852
661	261573	219	191	803
662	261812	459	229	774
663	262371	179	753	818
664	262670	100	773	690
665	263367	279	430	181
666	263946	419	560	216
667	264384	419	559	218
668	264823	140	453	223
669	265122	100	489	250
670	265860	140	488	244
671	266119	180	505	245
672	266956	160	444	196
673	267973	179	256	184
674	269050	120	283	193
675	269448	120	284	120
676	269648	179	306	236
677	269847	100	309	157
678	270027	139	163	277
679	270366	199	168	549
680	270764	160	174	822
681	270944	419	234	771
682	271402	1176	112	815
683	272638	199	155	644
684	272938	279	141	831
685	273416	139	154	624
686	273576	100	147	591
687	273715	798	120	818
688	274533	857	142	638
689	275569	160	765	686
690	275789	140	768	732
691	275948	219	725	768
692	276187	698	708	776
693	277005	180	727	527
694	277344	319	699	763
695	277942	180	823	561
696	278341	100	707	525
697	278819	399	1036	648
698	279238	120	1073	697
699	279517	538	702	423
700	280215	319	707	424
701	280554	299	708	422
702	281172	100	215	557
703	281291	199	160	581
704	281590	817	150	594
705	282428	199	137	598
706	282886	160	439	675
707	283225	160	787	562
708	283464	139	1083	587
709	283624	160	1106	602
710	283803	160	1030	632
711	284202	100	1081	509
712	284501	120	1172	552
713	284661	578	1071	712
714	285418	339	705	531
715	286156	798	705	412
716	287133	179	929	453
717	287691	120	1009	511
718	287910	100	1063	458
719	288568	379	1104	710
720	288967	977	1081	713
721	289964	2014	1085	718
722	292058	239	1013	728
723	292317	319	1063	775
724	292656	339	1077	811
725	293015	179	1062	812
726	293373	279	962	693
727	293712	200	799	707
728	293932	259	808	764
729	294330	678	770	786
730	295028	160	858	799
731	295208	459	869	802
732	295686	219	840	724
733	295925	120	796	679
734	296504	259	158	601
735	296803	179	137	599
736	297002	120	146	616
737	297301	259	142	609
738	297580	120	141	609
739	297780	120	382	641
740	297939	219	418	666
741	298178	120	410	689
742	298318	339	414	715
743	298677	279	471	719
744	299056	179	464	572
745	299494	239	434	578
746	299753	120	437	610
747	299953	120	450	610
748	300092	160	413	613
749	300511	159	422	623
750	300690	160	416	615
751	300890	239	419	614
752	301548	578	372	403
753	303163	100	427	528
754	303502	239	419	588
755	303781	140	280	556
756	304279	180	87	538
757	304499	339	361	621
758	304857	299	229	612
759	305356	120	192	628
760	305495	239	193	625
761	305755	299	153	643
762	306074	120	157	661
763	306492	100	143	652
764	306672	239	143	658
765	306931	239	162	658
766	307290	160	385	652
767	307489	259	844	711
768	307768	279	1050	617
769	308087	160	867	786
770	308267	219	872	796
771	308506	299	834	850
772	308825	319	768	773
773	309981	379	835	830
774	310440	140	400	197
775	312194	100	532	194
776	312354	678	565	156
777	313052	100	554	208
778	313450	140	508	209
779	313610	319	510	211
780	314188	120	463	144
781	314387	140	501	167
782	314946	100	412	188
783	315085	100	224	195
784	315783	179	244	227
785	316082	179	376	210
786	316561	219	84	305
787	316880	120	89	313
788	317159	957	252	232
789	318176	199	339	224
790	318395	199	279	221
791	318614	160	239	232
792	318794	120	254	211
793	318933	279	274	228
794	319252	199	349	211
795	319631	179	100	265
796	319870	180	255	222
797	320389	120	197	523
798	320568	259	77	547
799	320887	219	65	534
800	321126	120	85	480
801	321266	160	86	462
802	321824	199	429	660
803	322482	159	754	767
804	322662	160	727	768
805	322861	1057	732	774
806	323938	618	727	780
807	324855	638	75	538
808	325513	180	90	472
809	325891	160	380	637
810	326151	120	417	676
811	326290	140	377	674
812	326450	678	387	708
813	327148	239	741	766
814	327666	140	1076	658
815	327865	179	746	763
816	328065	598	728	781
817	328762	339	983	628
818	329121	459	993	560
819	329879	279	429	614
820	330178	239	416	678
821	330557	100	394	184
822	331494	120	222	184
823	332790	100	496	705
824	333408	180	442	758
825	334146	140	407	609
826	335182	100	406	607
827	335501	120	413	552
828	335661	159	441	498
829	337156	160	443	754
830	337714	120	416	750
831	337874	319	417	748
832	338312	140	421	760
833	338492	658	415	752
834	339190	120	414	745
835	341841	100	257	429
836	342360	199	189	346
837	342679	139	177	319
838	342918	140	185	315
839	343397	120	275	411
840	343915	140	309	325
841	344134	140	324	401
842	345012	140	205	370
843	345929	259	278	589
844	346407	120	140	760
845	346547	199	169	778
846	346945	419	981	637
847	347384	160	1003	608
848	347564	459	988	603
849	348082	578	976	564
850	348680	199	962	516
851	349079	219	837	459
852	349717	120	937	513
853	349856	439	884	491
854	350315	319	882	485
855	350833	219	978	598
856	351092	239	971	552
857	351372	199	961	517
858	351910	140	952	498
859	352628	120	767	382
860	352827	100	776	391
861	353226	279	793	516
862	353525	419	830	463
863	353963	140	771	502
864	354123	120	841	435
865	354263	139	770	503
866	354422	100	844	437
867	354562	339	774	504
868	354920	140	835	442
869	355279	299	824	536
870	355638	498	825	434
871	356336	120	776	561
872	356575	140	397	684
873	356735	140	876	681
874	356894	219	873	693
875	357154	259	801	774
876	357472	199	231	715
877	359048	159	832	578
878	359227	179	864	575
879	359646	180	864	777
880	359905	598	884	804
881	360523	100	944	755
882	360702	179	190	788
883	360902	279	173	750
884	361201	219	103	823
885	361460	179	174	736
886	361659	120	173	739
887	362018	140	315	215
888	362955	140	197	628
889	363553	100	837	534
890	364471	179	918	757
891	364670	259	855	767
892	364949	140	785	782
893	365148	180	144	771
894	365348	279	172	767
895	365647	459	159	711
896	366285	160	728	759
897	366544	219	474	593
898	366783	120	454	612
899	367202	100	863	514
900	367441	120	1066	587
901	367880	120	326	174
902	368338	319	449	177
903	368777	100	448	188
904	368936	100	440	206
905	369375	100	569	220
906	369574	100	581	229
907	369694	160	584	212
908	369973	100	577	237
909	370173	100	567	224
910	370372	120	567	225
911	370571	120	566	227
912	370731	140	571	225
913	370970	120	572	229
914	371269	439	507	232
915	371967	120	429	212
916	372166	219	454	199
917	373323	100	423	174
918	373562	100	405	119
919	373682	120	419	151
920	374220	120	344	181
921	374718	120	299	190
922	374858	120	293	180
923	375715	100	225	542
924	375994	179	243	365
925	376493	1037	61	802
926	377609	100	138	507
927	377928	598	57	809
928	379085	100	82	484
929	379404	140	202	492
930	379563	139	224	533
931	379723	120	196	532
932	379862	139	228	452
933	380082	319	252	376
934	380420	120	211	362
935	381059	120	206	360
936	381258	120	212	362
937	381477	279	309	404
938	381856	120	279	382
939	382195	160	255	393
940	382673	100	209	487
941	382953	100	223	380
942	383451	100	170	386
943	383650	100	165	390
944	383790	339	125	667
945	385206	140	865	570
946	385385	518	777	783
947	385923	419	751	803
948	386362	140	750	800
949	386521	439	749	803
950	387060	279	780	404
951	387458	120	785	407
952	387757	100	881	474
953	387877	259	787	523
954	388156	678	853	470
955	388874	160	858	455
956	389213	140	853	465
957	389572	219	834	597
958	389811	139	829	489
959	390429	160	782	447
960	390609	159	787	456
961	390808	419	737	714
962	391247	239	781	726
963	391506	479	793	817
964	392004	279	851	831
965	392303	499	797	806
966	392981	459	852	852
967	393460	239	759	874
968	393739	179	831	915
969	393938	459	756	879
970	394417	179	804	878
971	394616	319	832	915
972	395394	160	314	202
973	396071	100	297	155
974	396191	120	353	185
975	396969	100	319	147
976	397447	459	826	790
977	397926	199	840	847
978	398145	339	760	860
979	398504	219	841	914
980	398743	419	796	806
981	399182	140	823	870
982	399341	1057	810	904
983	400557	1675	826	906
984	402252	558	925	838
985	402830	678	996	851
986	403528	239	1067	773
987	403787	199	1063	812
988	404007	279	948	828
989	404525	160	1124	828
990	404744	100	1177	805
991	405163	160	1017	801
992	405342	239	997	674
993	405701	200	399	675
994	406060	120	176	785
995	406200	199	190	784
996	406419	160	144	832
997	406598	239	219	806
998	406858	180	140	840
999	407057	618	117	850
1000	407695	180	193	669
1001	408074	120	844	791
1002	408413	179	441	148
1003	409130	140	526	136
1004	409290	140	566	144
1005	409489	239	603	136
1006	410147	179	557	158
1007	410406	120	548	155
1008	410706	219	553	164
1009	411244	239	485	175
1010	411603	259	546	155
1011	412659	120	496	701
1012	412859	120	416	650
1013	413078	179	426	635
1014	413756	159	427	152
1015	414314	140	646	208
1016	414833	100	431	160
1017	415172	100	422	195
1018	415451	100	410	134
1019	415570	159	436	162
1020	415889	160	433	124
1021	416109	140	309	128
1022	416547	140	422	167
1023	417245	100	148	336
1024	417524	100	252	116
1025	417664	100	271	211
1026	418302	120	167	519
1027	418541	160	96	594
1028	418960	239	126	817
1029	419219	1575	75	840
1030	421851	100	75	541
1031	422070	100	96	385
1032	422548	100	94	376
1033	422768	100	95	365
1034	423964	239	391	694
1035	424263	419	323	689
1036	424702	678	397	710
1037	425399	180	389	723
1038	425778	219	427	718
1039	426277	160	793	444
1040	426476	120	1054	507
1041	426676	100	1042	522
1042	427194	259	1011	853
1043	427473	279	1049	871
1044	427772	120	1036	839
1045	428091	1874	1049	867
1046	430184	379	865	840
1047	430603	738	1050	868
1048	431381	718	824	862
1049	432118	239	751	867
1050	432378	1715	721	873
1051	434810	339	748	407
1052	435169	219	759	411
1053	435408	199	807	438
1054	435807	100	782	378
1055	436066	139	1001	585
1056	436485	339	762	388
1057	436923	319	762	380
1058	437322	100	770	384
1059	437522	120	766	382
1060	437721	219	768	385
1061	438219	120	986	459
1062	438618	120	992	494
1063	438817	120	1039	580
1064	439396	120	1135	572
1065	439535	179	1094	554
1066	439735	279	1101	614
1067	440173	100	1167	517
1068	440392	140	1039	485
1069	440632	100	1147	484
1070	440831	239	1130	569
1071	441090	120	1115	523
1072	442047	159	1012	455
1073	442326	120	1055	440
1074	442526	140	1030	440
1075	443403	219	1060	696
1076	443642	339	1117	717
1077	444061	159	1023	485
1078	444320	120	1036	448
1079	444739	100	1029	437
1080	444938	140	1030	467
1081	445217	100	981	423
1082	446035	120	1028	559
1083	446234	120	1029	567
1084	446633	100	962	445
1085	447251	219	1057	573
1086	447570	399	859	398
1087	448048	120	929	418
1088	448288	299	786	409
1089	448746	100	838	419
1090	448946	299	865	459
1091	449265	219	856	502
1092	449664	259	764	671
1093	450022	100	814	395
1094	450142	179	855	399
1095	450441	100	862	416
1096	450580	140	804	493
1097	451019	159	866	587
1098	451219	160	934	592
1099	451458	299	825	473
1100	451777	817	822	437
1101	452634	499	837	430
1102	453152	160	888	412
1103	453412	160	893	415
1104	454089	140	877	581
1105	454249	219	904	658
1106	454488	139	900	636
1107	454688	120	835	412
1108	454987	120	753	659
1109	455126	379	747	657
1110	455545	139	740	652
1111	455705	160	742	679
1112	455904	219	752	673
1113	456303	618	759	668
1114	456941	578	796	665
1115	457539	179	860	751
1116	457738	279	881	747
1117	458037	179	874	699
1118	458237	120	887	471
1119	458655	259	770	783
1120	458934	379	707	757
1121	459493	179	790	471
1122	459692	578	801	358
1123	460410	458	855	482
1124	461008	159	806	359
1125	461247	319	799	363
1126	461925	359	802	459
1127	462304	239	823	477
1128	462683	458	797	349
1129	463261	379	809	358
1130	463939	319	816	466
1131	464756	119	795	640
1132	465035	119	741	625
1133	465593	199	814	377
1134	466471	239	824	544
1135	467009	279	788	360
1136	467368	180	792	365
1137	467707	100	819	371
1138	467906	339	829	377
1139	468664	120	898	421
1140	468863	120	912	374
1141	469102	120	957	385
1142	469302	159	956	363
1143	469501	179	785	598
1144	470099	100	842	602
1145	470219	100	876	494
1146	470678	319	997	642
1147	471016	339	1101	701
1148	471375	179	1172	700
1149	471575	259	1197	549
1150	471894	140	1028	565
1151	472213	219	1117	586
1152	472452	339	1193	533
1153	473429	160	992	517
1154	473608	219	978	560
1155	473907	498	1148	717
1156	474446	1057	1123	700
1157	475722	499	1139	703
1158	476240	259	1102	691
1159	476539	259	1092	816
1160	477217	478	964	501
1161	477815	120	961	495
1162	478014	100	969	512
1163	478334	279	947	674
1164	478672	279	965	701
1165	478972	399	976	741
1166	479430	219	1071	739
1167	479709	259	1094	658
1168	480068	140	994	451
1169	480527	120	985	463
1170	480905	219	777	472
1171	481623	100	853	534
1172	482182	139	842	582
1173	482341	179	839	580
1174	482600	100	829	455
1175	482859	678	842	460
1176	483637	120	842	459
1177	484036	120	835	465
1178	484335	120	832	450
1179	484534	140	839	462
1180	484933	140	877	712
1181	485092	160	915	704
1182	485431	120	815	597
1183	485631	100	783	619
1184	485770	140	778	606
1185	485930	179	758	597
1186	486189	179	763	597
1187	486528	100	750	664
1188	487046	299	791	693
1189	487365	479	837	728
1190	487864	279	810	769
1191	488163	200	746	780
1192	488382	159	714	756
1193	488641	319	852	458
1194	489040	120	824	391
1195	489239	100	822	386
1196	489439	180	824	379
1197	489658	100	832	398
1198	489778	100	770	426
1199	489897	139	843	388
1200	490436	140	797	358
1201	490695	379	797	352
1202	491313	239	837	482
1203	491612	319	811	364
1204	491951	140	890	361
1205	492190	219	902	376
1206	492429	100	882	364
1207	492609	100	888	341
1208	492748	120	950	343
1209	493446	379	424	615
1210	493925	100	399	534
1211	494064	419	400	470
1212	495181	120	395	693
1213	495320	160	395	697
1214	495699	299	431	624
1215	496098	140	438	483
1216	496776	179	762	543
1217	497553	179	981	483
1218	497912	120	851	415
1219	498072	259	853	436
1220	498849	100	981	503
1221	498989	139	1096	696
1222	499208	140	834	490
1223	499547	179	783	600
1224	499986	180	752	530
1225	500464	219	832	395
1226	500783	259	826	362
1227	501301	100	1108	599
1228	502298	179	999	644
1229	502518	558	1152	707
1230	503375	299	770	598
1231	503714	339	837	480
1232	504073	180	855	447
1233	504292	159	856	423
1234	505050	120	735	663
1235	505189	379	747	667
1236	505768	100	755	442
1237	505887	160	764	438
1238	506206	100	779	597
1239	506326	279	776	602
1240	506625	140	783	607
1241	506884	379	821	600
1242	507283	219	857	723
1243	507522	179	841	753
1244	507721	638	811	782
1245	508379	180	720	755
1246	508738	179	842	522
1247	509057	100	804	378
1248	509177	239	827	387
1249	509456	419	847	443
1250	510333	100	749	573
1251	510532	140	756	584
1252	510832	120	758	589
1253	510991	279	759	597
1254	511410	140	458	604
1255	512028	179	444	590
1256	512586	339	729	432
1257	513085	239	742	430
1258	513404	219	740	419
1259	513922	140	1001	481
1260	514141	140	1006	463
1261	514380	120	998	471
1262	515696	140	1024	628
1263	516055	120	437	157
1264	516314	100	1120	479
1265	516494	140	1106	473
1266	516773	120	1056	479
1267	517690	159	320	187
1268	518209	100	537	175
1269	518468	180	568	178
1270	519006	120	585	176
1271	519205	120	580	190
1272	519604	100	294	176
1273	519724	159	306	190
1274	520003	180	196	265
1275	520661	179	317	211
1276	520880	100	300	191
1277	521339	100	169	264
1278	521777	159	424	610
1279	522435	100	1122	523
1280	522615	219	402	665
1281	523013	239	424	551
1282	523432	100	420	547
1283	524728	179	979	460
1284	525147	160	1167	649
1285	525326	100	1150	687
1286	525446	160	1060	677
1287	525904	120	558	133
1288	526164	100	464	176
1289	526303	160	491	157
1290	526582	179	506	230
1291	527101	100	318	220
1292	527579	199	515	158
1293	528676	120	444	171
1294	528875	100	274	172
1295	529134	100	143	142
1296	530231	120	285	206
1297	530430	120	275	196
1298	531547	120	297	166
1299	531746	219	255	215
1300	532045	100	198	258
1301	532245	179	194	220
1302	532703	100	58	221
1303	533202	140	104	233
1304	533800	100	287	160
1305	534298	100	331	141
1306	536092	279	1206	540
1307	536392	100	1192	533
1308	536770	120	1038	475
1309	537169	120	1008	491
1310	537588	160	991	523
1311	537767	179	1116	704
1312	537967	299	1156	704
1313	538326	160	1073	699
1314	538684	339	975	640
1315	539143	120	974	564
1316	539282	179	967	513
1317	539801	219	793	624
1318	540080	120	960	533
1319	540618	120	944	676
1320	540758	279	927	695
1321	541057	1416	972	731
1322	542492	219	914	704
1323	542831	140	897	657
1324	542991	179	948	658
1325	543190	498	891	729
1326	543848	299	890	710
1327	544167	778	987	719
1328	544965	638	920	692
1329	546001	319	882	496
1330	546400	180	957	763
1331	546759	100	866	816
1332	546879	359	914	815
1333	547258	179	958	822
1334	547477	419	826	778
1335	547915	359	895	827
1336	548294	239	915	830
1337	548872	120	917	605
1338	549052	120	927	489
1339	549291	339	842	543
1340	549790	658	890	727
1341	550467	499	888	721
1342	551265	319	914	713
1343	551604	738	885	712
1344	552362	179	878	715
1345	552581	1416	867	734
1346	554096	778	887	740
1347	554953	179	953	725
1348	555153	120	962	714
1349	555472	359	877	668
1350	556030	120	936	601
1351	556190	359	876	583
1352	556568	379	872	584
1353	556987	160	825	704
1354	557166	179	838	742
1355	557366	179	811	747
1356	557685	359	804	755
1357	558064	598	806	759
1358	558682	518	848	785
1359	559220	319	783	727
1360	559738	299	919	827
1361	560057	339	852	835
1362	560416	479	812	836
1363	561353	339	861	735
1364	561712	738	804	749
1365	562470	379	887	634
1366	562968	219	892	510
1367	563267	120	880	613
1368	563407	279	871	633
1369	563706	199	863	635
1370	564005	120	872	621
1371	564483	179	930	587
1372	564842	160	984	516
1373	565082	120	986	504
1374	565420	100	1000	461
1375	566796	120	1019	460
1376	566956	100	1028	416
1377	567594	120	1125	492
1378	567893	319	1160	670
1379	568232	160	1174	707
1380	568491	120	1046	434
1381	568890	120	1114	488
1382	570205	100	935	451
1383	570405	120	908	506
1384	570624	259	943	725
1385	570903	180	967	743
1386	571182	159	409	690
1387	572259	120	1080	530
1388	572518	100	1175	475
1389	572897	100	1176	627
1390	573017	279	1180	668
1391	573316	199	1166	690
1392	573615	100	1126	492
1393	574612	279	1216	541
1394	575150	100	1045	486
1395	575429	179	926	453
1396	575648	100	1038	422
1397	576027	120	958	536
1398	576266	199	969	544
1399	576546	139	952	519
1400	576924	100	948	545
1401	578300	279	1115	605
1402	578599	219	1050	683
1403	578978	140	1173	708
1404	579138	160	1180	699
1405	579397	119	991	486
1406	579596	120	995	472
1407	580194	120	428	603
1408	581012	160	1013	459
1409	581410	100	421	174
1410	582009	299	334	185
1411	582627	179	334	186
1412	583045	100	414	181
1413	583165	199	437	181
1414	583464	219	450	185
1415	583743	100	448	200
1416	583962	100	247	107
1417	584501	100	336	155
1418	584620	139	411	167
1419	585298	100	448	184
1420	585498	100	241	128
1421	586056	120	136	241
1422	586215	100	148	221
1423	586833	259	433	201
1424	587611	139	190	255
1425	587890	100	274	179
1426	588807	199	405	705
1427	589086	139	481	473
1428	589724	159	385	707
1429	589904	140	388	671
1430	590063	139	384	733
1431	590223	598	366	736
1432	591020	120	505	749
1433	591160	399	542	756
1434	591598	219	364	760
1435	591838	718	367	744
1436	592575	219	512	758
1437	593034	120	1071	658
1438	593373	120	998	490
1439	593652	120	979	542
1440	594370	120	1006	474
1441	594589	100	1054	410
1442	595167	120	1030	403
1443	595367	120	1023	399
1444	595586	160	1024	408
1445	595825	120	1037	394
1446	596264	120	1033	408
1447	596862	140	957	432
1448	597320	120	1026	402
1449	597520	120	1020	415
1450	597719	180	1024	410
1451	598038	498	947	395
1452	598716	120	948	414
1453	598916	120	954	419
1454	599055	140	817	455
1455	599215	100	822	404
1456	599414	180	834	404
1457	600072	140	456	128
1458	600351	120	544	202
1459	600690	120	572	191
1460	600929	199	569	210
1461	601148	538	508	224
1462	601886	199	459	169
1463	602125	678	517	213
1464	603142	120	211	268
1465	603402	179	338	190
1466	604299	140	92	260
1467	604957	160	424	665
1468	605276	479	398	728
1469	605814	200	529	764
1470	606073	618	377	744
1471	606851	140	479	465
1472	607170	140	376	747
1473	607429	120	328	732
1474	607828	239	335	695
1475	608127	140	294	691
1476	608286	718	277	689
1477	609024	419	280	692
1478	609522	120	282	557
1479	609921	299	351	772
1480	610260	1256	277	702
1481	611536	499	279	701
1482	612054	140	333	714
1483	612214	100	334	707
1484	612573	140	348	728
1485	612732	837	367	738
1486	613689	120	355	702
1487	613829	718	352	700
1488	615025	239	357	702
1489	615284	199	295	705
1490	615523	439	294	701
1491	616281	140	258	689
1492	616441	140	264	704
1493	616680	120	297	710
1494	616819	199	293	704
1495	617178	179	261	720
1496	617398	159	253	701
1497	617677	558	188	738
1498	618414	219	251	680
1499	618693	239	155	742
1500	618953	419	141	734
1501	619631	199	150	478
1502	619850	139	267	664
1503	620069	478	271	691
1504	621146	179	263	691
1505	621345	120	272	697
1506	622820	180	918	502
1507	623020	219	972	509
1508	623498	100	819	533
1509	623618	219	829	426
1510	624096	319	808	484
1511	624894	160	1150	687
1512	625153	100	1062	497
1513	625392	100	1010	456
1514	625592	120	993	489
1515	625791	120	974	490
1516	625991	120	965	479
1517	626210	100	961	475
1518	626449	120	814	393
1519	626688	100	792	398
1520	626888	100	790	388
1521	627107	279	793	403
1522	627406	259	790	398
1523	627745	259	791	403
1524	628323	100	977	642
1525	628702	140	943	532
1526	628921	299	949	498
1527	629300	120	945	490
1528	629659	180	806	613
1529	630018	120	779	684
1530	630157	818	786	672
1531	630995	120	813	647
1532	631134	139	798	678
1533	631673	140	840	699
1534	631832	120	810	700
1535	631972	120	796	637
1536	632251	399	869	468
1537	632889	379	782	398
1538	633407	100	786	401
1539	633686	100	989	435
1540	633866	120	993	423
1541	634105	120	1020	436
1542	634564	140	897	598
1543	634723	100	854	522
1544	635162	239	845	487
1545	635421	219	913	434
1546	635680	159	899	550
1547	636258	100	811	695
1548	636657	120	842	466
1549	637634	140	372	679
1550	637794	180	188	664
1551	638013	160	189	679
1552	638611	100	817	509
1553	639189	100	1018	470
1554	639389	100	873	512
1555	639628	120	237	335
1556	639847	120	292	361
1557	639987	120	347	294
1558	640525	180	545	209
1559	640724	100	576	223
1560	640904	578	576	220
1561	641502	100	479	202
1562	641781	319	505	228
1563	642379	100	458	212
1564	642579	179	497	227
1565	642778	399	508	231
1566	644094	100	490	215
1567	644732	159	521	242
1568	645071	140	410	201
1569	645529	139	297	182
1570	646307	140	455	238
1571	647204	179	262	197
1572	648380	140	207	240
1573	648540	219	269	222
1574	648839	139	256	215
1575	649836	100	244	412
1576	650055	100	254	411
1577	650175	239	303	435
1578	650534	100	275	439
1579	650653	100	225	415
1580	650833	140	268	431
1581	651132	100	281	441
1582	652129	100	214	388
1583	652886	100	214	393
1584	653006	179	288	461
1585	653205	100	221	411
1586	653405	120	244	398
1587	653544	140	298	428
1588	654262	100	397	632
1589	654920	100	296	222
1590	655139	179	947	651
1591	655538	140	875	731
1592	655737	120	816	765
1593	655977	159	798	694
1594	656754	159	870	444
1595	657133	140	863	544
1596	657332	379	862	452
1597	657771	160	913	732
1598	658030	100	892	736
1599	658449	120	1075	698
1600	658668	100	1033	524
1601	658947	179	836	447
1602	659147	379	841	459
1603	659705	120	918	424
1604	659944	120	933	454
1605	660144	120	947	482
1606	660762	120	952	429
1607	661260	100	824	379
1608	661938	199	777	594
1609	662676	199	930	669
1610	662895	319	931	670
1611	663274	179	891	684
1612	664071	100	941	456
1613	664271	100	942	462
1614	664470	120	926	410
1615	664869	100	847	407
1616	665068	379	850	391
1617	665566	100	832	361
1618	665686	259	851	358
1619	666125	279	870	372
1620	667421	179	314	226
1621	668039	179	202	238
1622	669634	100	835	378
1623	669793	179	854	397
1624	670092	120	883	405
1625	670591	159	962	539
1626	671009	120	800	374
1627	671149	160	804	386
1628	671408	120	802	387
1629	671628	219	809	393
1630	672006	120	808	383
1631	672266	120	843	384
1632	672465	140	868	372
1633	672704	120	898	380
1634	672844	100	839	408
1635	673203	279	810	377
1636	673900	100	864	349
1637	674100	120	866	354
1638	674299	219	866	337
1639	674997	100	870	360
1640	676552	219	821	370
1641	676811	159	834	446
1642	677449	140	947	494
1643	677649	180	828	585
1644	677848	100	804	562
1645	677968	159	839	467
1646	678267	100	962	483
1647	678486	279	800	600
1648	678845	100	810	588
1649	679064	159	808	592
1650	679383	179	813	579
1651	679642	140	940	486
1652	679942	119	939	484
1653	680141	100	938	503
1654	680699	100	883	553
1655	680958	100	883	543
1656	681277	199	845	432
1657	681556	100	952	481
1658	682374	100	161	384
1659	682912	140	234	370
1660	683092	139	289	387
1661	683969	120	241	400
1662	684128	160	296	413
1663	684308	100	231	419
1664	684427	100	145	392
1665	684707	120	395	446
1666	685165	120	445	210
1667	685384	359	561	229
1668	685823	299	564	237
1669	686142	479	566	233
1670	686640	259	565	240
1671	686920	758	515	246
1672	687717	120	462	215
1673	687996	100	455	222
1674	688534	219	498	244
1675	688834	239	501	243
1676	689252	120	438	178
1677	689511	120	448	211
1678	689711	100	440	194
1679	689910	120	438	185
1680	691106	120	258	157
1681	692123	100	238	434
1682	693240	100	932	501
1683	693419	100	1028	461
1684	693599	160	1037	419
1685	694296	199	1134	644
1686	695493	100	441	145
1687	695752	100	429	175
1688	696051	139	298	194
1689	696410	359	551	162
1690	696809	2014	565	175
1691	698842	179	560	190
1692	699042	279	494	184
1693	699341	419	443	166
1694	699799	618	508	182
1695	702471	120	218	345
1696	703069	120	166	680
1697	703567	180	440	610
1698	703767	299	421	658
1699	704086	100	422	649
1700	704863	180	532	741
1701	705462	100	256	312
1702	706219	100	112	349
1703	706558	120	120	386
1704	706757	100	117	348
1705	708113	100	109	360
1706	708751	200	421	477
1707	708970	120	407	607
1708	709290	179	409	595
1709	710366	100	825	420
1710	710685	120	968	453
1711	710904	100	940	448
1712	711204	120	869	843
1713	711383	239	801	840
1714	711861	100	842	840
1715	711981	698	785	827
1716	712758	180	893	836
1717	713297	100	834	651
1718	713417	120	832	625
1719	713576	119	1002	532
1720	713815	100	1021	566
1721	714054	120	1040	538
1722	714613	578	774	834
1723	715211	100	775	840
1724	715410	100	976	521
1725	715650	100	1008	496
1726	716008	120	1017	469
1727	716547	159	1092	572
1728	717723	199	499	687
1729	717942	160	406	700
1730	718162	459	460	472
1731	718640	119	354	611
1732	719119	120	369	722
1733	719258	439	363	706
1734	719717	279	360	711
1735	720016	100	362	713
1736	720136	100	361	707
1737	720634	299	334	691
1738	720973	219	347	596
1739	721212	100	345	609
1740	721411	299	490	505
1741	721830	379	309	699
1742	722448	159	494	500
1743	722986	100	416	627
1744	723465	219	304	588
1745	723704	180	306	554
1746	723963	120	301	554
1747	724781	160	300	606
1748	725000	160	301	621
1749	725200	120	328	355
1750	725479	100	344	450
1751	725678	120	336	506
1752	726157	179	308	465
1753	726356	100	348	650
1754	726795	160	389	615
1755	727054	199	377	702
1756	727313	179	377	699
1757	727532	997	373	708
1758	728828	219	278	688
1759	729107	339	286	682
1760	729626	179	274	765
1761	730104	100	339	496
1762	730224	239	472	516
1763	730702	120	1049	579
1764	730902	100	1123	608
1765	731181	120	1043	490
1766	731380	219	1005	475
1767	731679	120	1011	466
1768	731879	119	996	445
1769	732078	120	994	435
1770	732218	160	979	544
1771	732397	100	990	445
1772	732517	140	975	544
1773	732676	120	988	440
1774	733394	160	979	595
1775	734470	140	942	509
1776	734630	120	938	512
1777	734849	160	841	542
1778	735148	100	920	475
1779	735268	160	835	526
1780	735447	100	932	463
1781	735567	738	825	533
1782	736684	120	934	522
1783	736923	120	889	508
1784	737421	120	951	536
1785	737760	120	807	558
1786	738079	140	909	597
1787	738318	977	839	503
1788	739315	139	929	468
1789	739973	100	921	468
1790	740093	259	817	544
1791	740492	160	997	459
1792	740751	100	980	502
1793	740990	179	870	453
1794	741469	140	294	720
1795	742126	140	935	516
1796	742585	160	973	495
1797	743084	100	1010	586
1798	743283	379	989	617
1799	743781	179	877	679
1800	743981	977	820	784
1801	745755	159	416	638
1802	746214	100	692	435
1803	746333	139	792	385
1804	746553	120	908	532
1805	746732	140	997	459
1806	746971	120	989	466
1807	747211	139	982	456
1808	747430	140	994	449
1809	747669	179	991	462
1810	747968	100	890	482
1811	748088	120	786	543
1812	748606	140	862	688
1813	748905	160	873	597
1814	749384	120	849	607
1815	749623	160	796	654
1816	750879	120	870	800
1817	751019	140	901	822
1818	751178	419	800	828
1819	751617	219	890	815
1820	752115	100	889	797
1821	752235	299	795	814
1822	753611	120	867	423
1823	753750	140	787	462
1824	754348	139	825	461
1825	754867	120	202	558
1826	755046	140	279	792
1827	755245	299	190	847
1828	755604	179	794	820
1829	755804	179	902	827
1830	756242	100	237	605
1831	756442	100	746	807
1832	756621	478	853	822
1833	757139	199	837	759
1834	757478	120	926	613
1835	757718	120	997	501
1836	757917	219	792	796
1837	758276	219	838	473
1838	758615	140	250	561
1839	759053	239	282	560
1840	759313	219	287	560
1841	759911	199	278	528
1842	760429	120	266	560
1843	761127	120	440	165
1844	761346	100	556	165
1845	761466	399	575	180
1846	761944	120	580	181
1847	762423	100	511	203
1848	762642	219	438	176
1849	762881	100	477	205
1850	763519	100	473	199
1851	763918	139	197	179
1852	765055	379	289	187
1853	765453	140	305	184
1854	766071	100	289	460
1855	766291	100	216	433
1856	766909	140	150	569
1857	767148	299	151	554
1858	767627	219	149	565
1859	768025	100	193	825
1860	768225	239	168	551
1861	768823	180	149	542
1862	769022	120	161	573
1863	769162	199	152	556
1864	769381	379	158	564
1865	769919	1416	138	851
1866	771534	100	406	699
1867	772312	179	421	677
1868	772511	100	418	635
1869	772631	199	358	621
1870	772850	160	365	601
1871	773129	339	325	597
1872	773588	120	327	602
1873	773867	159	539	739
1874	774046	120	549	751
1875	774645	199	292	611
1876	775083	100	325	372
1877	775243	139	370	411
1878	777077	140	320	630
1879	777336	100	310	626
1880	777476	100	307	595
1881	777695	160	452	620
1882	778094	140	454	635
1883	778951	120	893	669
1884	779270	100	767	411
1885	779410	120	777	399
1886	779589	179	775	385
1887	779888	279	777	381
1888	780247	339	780	383
1889	780606	160	778	385
1890	780885	279	785	393
1891	781443	160	749	511
1892	781802	199	759	390
1893	782121	180	771	755
1894	782321	259	785	814
1895	782659	219	874	801
1896	782899	120	922	807
1897	783098	1475	753	813
1898	784773	139	758	802
1899	785411	120	981	518
1900	785610	140	972	482
1901	785830	159	966	498
1902	786069	120	965	491
1903	786408	100	962	500
1904	786527	120	883	577
1905	786667	120	966	502
1906	786906	179	875	574
1907	787365	120	950	663
1908	787604	199	964	672
1909	787823	339	899	735
1910	788182	219	936	742
1911	788661	179	906	739
1912	788860	618	881	742
1913	789558	119	954	509
1914	789757	120	946	495
1915	789956	120	982	497
1916	790355	120	966	486
1917	790555	120	981	494
1918	791272	120	777	527
1919	791711	180	753	365
1920	792030	259	746	365
1921	792329	100	833	384
1922	792927	179	769	479
1923	793326	219	760	584
1924	793924	179	813	418
1925	794223	239	751	363
1926	794821	100	853	409
1927	795220	100	812	449
1928	795340	100	824	451
1929	795938	159	951	710
1930	796317	219	1023	743
1931	796795	279	891	735
1932	797094	578	888	748
1933	797852	120	816	480
1934	798071	159	778	447
1935	798270	160	749	749
1936	798570	798	715	790
1937	799686	957	812	752
1938	800663	399	839	792
1939	801082	219	859	786
1940	801321	219	947	841
1941	801560	698	856	835
1942	802278	379	792	871
1943	802697	179	934	870
1944	802896	299	986	856
1945	803694	1176	806	830
1946	804910	279	935	876
1947	805209	279	964	899
1948	805508	219	917	893
1949	805926	718	897	890
1950	806664	459	905	890
1951	807202	239	813	842
1952	807502	200	868	865
1953	807721	1017	804	836
1954	809296	100	462	664
1955	809874	120	252	391
1956	810073	100	263	376
1957	810293	100	261	370
1958	810412	140	322	389
1959	810971	179	291	374
1960	811170	100	224	361
1961	811290	239	287	378
1962	811968	100	148	358
1963	812426	179	372	661
1964	812626	299	424	700
1965	813343	100	149	344
1966	813682	160	299	390
1967	814141	140	851	597
1968	814639	140	747	481
1969	814898	199	826	338
1970	815197	120	1055	578
1971	815397	279	1105	606
1972	815815	259	797	397
1973	816095	219	748	358
1974	816713	100	1089	576
1975	816952	100	759	382
1976	817111	120	726	358
1977	817251	140	730	364
1978	817410	180	831	371
1979	817670	120	835	364
1980	817909	100	835	392
1981	818108	100	834	380
1982	818228	359	818	320
1983	818607	179	757	325
1984	818826	199	844	376
1985	819364	179	867	460
1986	819683	160	887	386
1987	819903	219	789	320
1988	820142	219	805	322
1989	820401	100	812	405
1990	820521	339	827	397
1991	820880	259	750	372
1992	821179	120	1018	475
1993	821458	100	1042	519
1994	821578	160	1079	598
1995	821837	100	1025	630
1996	821976	359	1194	661
1997	822475	159	1121	590
1998	822674	339	1158	706
1999	823332	179	1027	677
2000	823551	179	771	719
2001	823751	359	830	724
2002	824129	299	712	714
2003	824448	160	781	730
2004	824628	140	760	716
2005	824827	778	852	786
2006	825625	498	893	811
2007	826303	219	843	841
2008	826562	259	998	842
2009	826841	199	879	862
2010	827060	359	825	860
2011	827439	219	733	870
2012	827678	339	785	879
2013	828037	219	791	727
2014	828276	199	741	724
2015	828675	140	725	796
2016	828835	698	719	793
2017	829552	179	716	798
2018	829752	100	845	800
2019	829911	199	849	794
2020	830350	319	788	801
2021	830689	658	851	814
2022	831367	179	834	821
2023	831566	199	889	807
2024	831785	419	856	771
2025	832224	299	835	740
2026	832762	359	740	790
2027	833141	139	842	815
2028	833321	359	833	819
2029	833699	319	745	802
2030	834038	698	826	811
2031	834995	259	833	814
2032	835274	120	813	812
2033	835414	2472	815	823
2034	837906	239	899	813
2035	838166	199	859	817
2036	838604	219	830	807
2037	838883	140	927	832
2038	839043	139	951	845
2039	839202	518	877	819
2040	839780	239	1007	849
2041	840040	1017	809	833
2042	841076	299	804	831
2043	841415	140	915	882
2044	841575	219	945	890
2045	841814	140	987	888
2046	842153	319	765	886
2047	842492	219	817	832
2048	842731	1356	850	811
2049	844107	219	892	815
2050	844386	279	1015	847
2051	844685	299	873	819
2052	845323	917	836	770
2053	846260	239	762	716
2054	846519	179	822	720
2055	846719	219	783	873
2056	846958	239	820	868
2057	847217	259	781	873
2058	847496	339	870	861
2059	847855	279	822	888
2060	848433	199	939	861
2061	848712	100	1080	702
2062	848852	120	1022	699
2063	848992	120	1149	711
2064	849131	199	1173	701
2065	849370	139	1195	651
2066	849669	100	1100	577
2067	850686	160	483	184
2068	851065	120	307	208
2069	851205	100	281	188
2070	851404	159	97	255
2071	851683	100	267	197
2072	851902	120	567	163
2073	852301	319	561	171
2074	853059	120	508	100
2075	853458	120	485	196
2076	853697	100	492	185
2077	853896	120	448	181
2078	854115	140	446	130
2079	854414	140	492	123
2080	855112	120	213	299
2081	855451	120	302	178
2082	855591	120	142	177
2083	856508	100	224	560
2084	856628	259	217	561
2085	856907	458	223	591
2086	857405	319	213	591
2087	857744	439	221	592
2088	858542	100	819	758
2089	858781	160	728	716
2090	859040	259	801	795
2091	859319	100	828	823
2092	859439	120	834	819
2093	859578	160	819	867
2094	859758	140	737	878
2095	859997	299	840	528
2096	860316	180	835	341
2097	860515	179	803	287
2098	861114	120	726	315
2099	861432	100	762	749
2100	861572	299	737	770
2101	862051	239	718	781
2102	862310	219	713	798
2103	862549	160	709	790
2104	862748	1057	704	791
2105	863885	140	746	673
2106	864124	299	790	785
2107	864483	279	738	619
2108	864822	160	721	579
2109	865181	179	839	503
2110	865540	239	729	330
2111	866158	219	116	539
2112	866616	120	239	557
2113	866756	199	227	548
2114	867035	139	227	523
2115	867394	140	218	569
2116	867693	179	195	575
2117	867912	160	124	563
2118	868530	199	826	362
2119	868989	219	824	579
2120	869408	120	867	423
2121	870245	159	422	102
2122	870703	100	426	101
2123	871222	419	548	172
2124	871660	459	549	172
2125	872438	120	495	199
2126	873236	359	474	131
2127	874512	100	281	167
2128	875309	120	132	470
2129	875548	120	219	551
2130	875887	120	447	633
2131	876027	100	426	656
2132	876146	159	415	683
2133	876346	139	478	695
2134	876585	140	399	768
2135	876784	120	541	775
2136	877542	1256	91	572
2137	878858	100	349	607
2138	879177	279	395	673
2139	879496	538	393	694
2140	880054	439	408	722
2141	880692	798	392	788
2142	881510	937	391	796
2143	882466	319	195	831
2144	882965	379	348	734
2145	883703	180	754	634
2146	883902	199	770	619
2147	884181	1336	722	354
2148	885537	259	718	351
2149	885816	259	723	352
2150	886235	140	1044	585
2151	886434	219	1045	583
2152	886673	199	1113	605
2153	886893	259	1062	712
2154	887172	160	1021	707
2155	887511	159	970	654
2156	887690	1336	997	689
2157	889046	479	996	695
2158	889544	179	949	689
2159	889744	339	981	705
2160	890103	179	965	776
2161	890402	319	990	702
2162	890960	279	241	802
2163	891618	120	867	745
2164	891757	798	863	754
2165	892575	159	835	820
2166	892754	738	897	821
2167	893512	219	856	768
2168	893751	897	823	767
2169	894908	538	866	724
2170	895466	239	930	770
2171	895725	120	931	739
2172	895904	299	823	753
2173	896303	199	896	745
2174	896522	199	835	761
2175	896742	698	828	763
2176	897499	179	753	571
2177	897699	139	750	489
2178	897898	139	752	479
2179	898875	279	409	727
2180	899453	100	809	672
2181	899852	100	427	175
2182	900590	179	548	196
2183	900789	259	546	193
2184	901088	100	477	196
2185	901347	100	481	194
2186	902245	140	491	227
2187	903281	159	596	181
2188	903461	140	590	210
2189	904876	159	338	222
2190	905076	120	285	216
2191	905574	219	321	224
2192	905813	120	386	208
2193	906013	140	289	211
2194	906272	239	282	196
2195	906651	199	329	155
2196	906910	100	333	281
2197	907309	120	211	211
2198	908286	179	288	197
2199	908585	199	315	183
2200	908983	100	323	251
2201	909103	159	316	178
2202	909761	140	468	140
2203	910040	199	431	134
2204	910598	778	433	150
2205	912333	100	436	136
2206	913410	120	296	758
2207	913549	140	397	687
2208	913709	219	466	702
2209	914008	199	178	817
2210	914227	977	104	876
2211	915224	160	95	883
2212	915702	140	420	726
2213	915882	259	116	855
2214	916201	518	421	741
2215	916918	140	849	780
2216	917277	120	716	466
2217	917437	259	702	451
2218	917816	120	704	456
2219	918035	160	711	467
2220	918434	100	710	523
2221	918673	140	712	511
2222	918912	279	793	734
2223	919231	359	718	532
2224	919630	199	714	528
2225	920069	140	716	531
2226	920228	319	712	545
2227	920627	140	762	536
2228	920826	379	787	837
2229	921225	379	779	838
2230	921624	937	775	845
2231	922621	100	986	726
2232	922900	100	915	601
2233	923039	140	656	577
2234	924256	100	743	503
