1	1	-1280	-1024	-1.000	-1.000	-1.000	-1.000	4	-1280	-1024	-1.000	-1.000	-1.000	-1.000	4
21	2	-1280	-1024	0.716	0.363	-1.000	-1.000	4	-1280	-1024	0.468	0.391	-1.000	-1.000	4
41	3	-1280	-1024	-1.000	-1.000	-1.000	-1.000	4	-1280	-1024	-1.000	-1.000	-1.000	-1.000	4
61	4	-1280	-1024	0.717	0.363	-1.000	-1.000	4	-1280	-1024	0.468	0.391	-1.000	-1.000	4
81	5	815	375	0.717	0.363	789.451	5.215	0	884	419	0.469	0.391	794.054	5.350	0
101	6	807	381	0.717	0.363	789.451	5.211	0	895	404	0.469	0.391	794.054	5.391	0
121	7	822	388	0.718	0.363	789.451	5.241	0	879	405	0.469	0.391	794.054	5.370	0
141	8	823	377	0.718	0.363	789.451	5.204	0	868	420	0.469	0.391	794.054	5.413	0
161	9	826	381	0.718	0.363	789.695	5.213	0	869	410	0.470	0.391	795.848	5.425	0
180	10	820	393	0.718	0.362	789.695	5.244	0	898	402	0.470	0.391	795.848	5.371	0
217	11	828	410	0.718	0.362	789.695	5.191	0	899	399	0.470	0.391	795.848	5.357	0
220	12	828	404	0.718	0.362	789.695	5.194	0	896	402	0.470	0.391	795.848	5.330	0
240	13	828	388	0.718	0.363	789.695	5.208	0	893	405	0.470	0.391	795.848	5.256	0
260	14	829	393	0.718	0.363	790.407	5.220	0	891	408	0.470	0.391	793.661	5.219	0
280	15	-1280	-1024	0.470	0.391	-1.000	-1.000	4	863	422	0.470	0.391	793.661	5.259	0
300	16	757	378	0.719	0.363	790.407	5.172	0	839	416	0.471	0.391	793.661	5.194	0
320	17	576	358	0.721	0.362	790.407	5.031	0	649	365	0.473	0.391	793.661	5.092	0
340	18	594	363	0.721	0.362	790.407	4.930	0	623	348	0.473	0.390	793.661	5.061	0
360	19	611	365	0.721	0.362	792.152	4.947	0	597	325	0.473	0.390	797.208	5.053	0
380	20	584	336	0.721	0.362	792.152	5.092	0	609	344	0.473	0.390	797.208	5.026	0
400	21	585	337	0.722	0.363	792.152	5.007	0	622	360	0.473	0.390	797.208	5.011	0
420	22	621	340	0.722	0.363	792.152	5.050	0	641	356	0.473	0.390	797.208	4.886	0
440	23	602	352	0.722	0.362	792.152	4.880	0	645	362	0.473	0.390	797.208	4.852	0
460	24	613	357	0.722	0.362	791.257	4.854	0	649	359	0.473	0.390	798.166	4.824	0
479	25	606	339	0.722	0.362	791.257	4.838	0	639	356	0.473	0.390	798.166	4.783	0
499	26	609	349	0.722	0.362	791.257	4.814	0	626	346	0.473	0.390	798.166	4.774	0
519	27	602	350	0.722	0.362	791.257	4.701	0	634	343	0.473	0.390	798.166	4.707	0
539	28	606	361	0.722	0.362	791.257	4.683	0	600	350	0.473	0.390	798.166	4.732	0
559	29	606	364	0.722	0.362	792.023	4.669	0	594	352	0.473	0.390	796.955	4.700	0
579	30	530	418	0.722	0.363	792.023	4.831	0	539	475	0.474	0.391	796.955	4.744	0
599	31	414	589	0.722	0.365	792.023	4.649	0	429	600	0.475	0.392	796.955	4.691	0
619	32	409	609	0.723	0.365	792.023	4.567	0	399	607	0.475	0.393	796.955	4.657	0
639	33	415	621	0.723	0.364	792.023	4.552	0	401	606	0.475	0.392	796.955	4.586	0
659	34	419	640	0.723	0.364	785.859	4.503	0	404	610	0.475	0.392	792.729	4.516	0
679	35	434	632	0.723	0.364	785.859	4.533	0	403	636	0.475	0.392	792.729	4.543	0
699	36	420	627	0.723	0.364	785.859	4.494	0	416	621	0.475	0.392	792.729	4.474	0
719	37	424	631	0.724	0.364	785.859	4.471	0	427	642	0.476	0.392	792.729	4.523	0
739	38	422	630	0.724	0.364	785.859	4.425	0	394	631	0.476	0.392	792.729	4.522	0
759	39	424	630	0.724	0.364	786.333	4.396	0	403	628	0.476	0.392	792.394	4.519	0
779	40	409	611	0.725	0.364	786.333	4.528	0	425	616	0.476	0.392	792.394	4.448	0
798	41	335	640	0.726	0.365	786.333	4.450	0	343	634	0.477	0.392	792.394	4.453	0
818	42	337	628	0.726	0.365	786.333	4.439	0	-1280	-1024	0.726	0.365	-1.000	-1.000	4
838	43	338	641	0.726	0.365	786.333	4.437	0	301	644	0.478	0.392	792.394	4.456	0
858	44	343	642	0.727	0.365	783.151	4.417	0	302	646	0.478	0.392	790.422	4.445	0
878	45	341	634	0.727	0.365	783.151	4.423	0	303	643	0.478	0.392	790.422	4.433	0
898	46	335	637	0.727	0.365	783.151	4.383	0	304	639	0.479	0.392	790.422	4.413	0
918	47	321	640	0.727	0.365	783.151	4.379	0	322	635	0.479	0.392	790.422	4.351	0
938	48	336	631	0.728	0.365	783.151	4.338	0	297	641	0.479	0.391	790.422	4.424	0
958	49	335	636	0.728	0.365	781.195	4.311	0	302	639	0.479	0.391	789.708	4.394	0
978	50	345	646	0.728	0.365	781.195	4.378	0	314	650	0.480	0.391	789.708	4.379	0
998	51	350	646	0.728	0.365	781.195	4.441	0	332	659	0.480	0.391	789.708	4.395	0
1018	52	424	640	0.728	0.365	781.195	4.413	0	441	654	0.480	0.391	789.708	4.372	0
1038	53	460	662	0.728	0.364	781.195	4.390	0	417	628	0.480	0.391	789.708	4.434	0
1058	54	490	656	0.729	0.364	787.048	4.449	0	391	626	0.480	0.391	791.389	4.450	0
1078	55	445	630	0.729	0.364	787.048	4.471	0	421	647	0.481	0.391	791.389	4.462	0
1098	56	443	625	0.729	0.365	787.048	4.467	0	431	629	0.481	0.391	791.389	4.461	0
1117	57	436	634	0.730	0.365	787.048	4.452	0	426	645	0.481	0.391	791.389	4.454	0
1137	58	442	638	0.730	0.365	787.048	4.493	0	420	643	0.481	0.391	791.389	4.407	0
1157	59	443	642	0.730	0.365	783.376	4.469	0	423	637	0.481	0.391	791.274	4.399	0
1177	60	377	600	0.731	0.364	783.376	4.488	0	381	600	0.482	0.390	791.274	4.417	0
1197	61	184	337	0.732	0.362	783.376	4.539	0	206	357	0.484	0.387	791.274	4.447	0
1217	62	141	135	0.732	0.361	783.376	4.490	0	159	140	0.485	0.386	791.274	4.332	0
1237	63	143	160	0.733	0.361	783.376	4.425	0	149	162	0.485	0.386	791.274	4.363	0
1257	64	160	197	0.733	0.361	777.366	4.399	0	144	188	0.485	0.386	789.801	4.337	0
1277	65	172	168	0.733	0.361	777.366	4.412	0	178	160	0.485	0.386	789.801	4.511	0
1297	66	167	167	0.733	0.361	777.366	4.391	0	172	171	0.485	0.386	789.801	4.416	0
1317	67	159	158	0.733	0.361	777.366	4.386	0	200	151	0.485	0.386	789.801	4.594	0
1337	68	148	147	0.733	0.361	777.366	4.414	0	174	140	0.485	0.386	789.801	4.443	0
1357	69	139	145	0.734	0.361	776.407	4.397	0	185	146	0.485	0.386	787.063	4.496	0
1377	70	177	185	0.734	0.361	776.407	4.357	0	192	150	0.485	0.386	787.063	4.444	0
1397	71	145	156	0.734	0.361	776.407	4.369	0	155	127	0.485	0.386	787.063	4.273	0
1416	72	154	152	0.733	0.361	776.407	4.355	0	150	165	0.485	0.386	787.063	4.340	0
1436	73	248	178	0.733	0.361	776.407	4.372	0	251	159	0.484	0.386	787.063	4.277	0
1456	74	231	161	0.733	0.361	777.357	4.373	0	227	144	0.484	0.386	793.014	4.333	0
1476	75	242	192	0.733	0.361	777.357	4.396	0	249	153	0.484	0.386	793.014	4.343	0
1496	76	268	179	0.733	0.361	777.357	4.531	0	263	116	0.484	0.386	793.014	4.596	0
1516	77	269	189	0.732	0.361	777.357	4.461	0	240	129	0.484	0.386	793.014	4.450	0
1536	78	259	167	0.732	0.361	777.357	4.432	0	260	158	0.483	0.386	793.014	4.369	0
1556	79	247	162	0.733	0.361	779.251	4.496	0	282	147	0.484	0.386	791.942	4.455	0
1576	80	245	172	0.733	0.361	779.251	4.370	0	266	136	0.484	0.386	791.942	4.532	0
1596	81	232	202	0.732	0.361	779.251	4.482	0	255	154	0.484	0.386	791.942	4.512	0
1616	82	261	119	0.733	0.361	779.251	4.518	0	281	98	0.484	0.386	791.942	4.393	0
1636	83	324	39	0.732	0.360	779.251	4.447	0	325	11	0.484	0.385	791.942	4.370	0
1656	84	308	28	0.732	0.360	776.684	4.433	0	306	9	0.484	0.385	786.302	4.316	0
1676	85	339	17	0.733	0.360	776.684	4.501	0	344	-33	0.485	0.385	786.302	4.688	0
1696	86	324	26	0.732	0.360	776.684	4.662	0	345	1	0.484	0.385	786.302	4.574	0
1716	87	322	51	0.732	0.360	776.684	4.726	0	376	-35	0.484	0.385	786.302	4.669	0
1736	88	368	41	0.733	0.360	776.684	4.746	0	355	-1	0.484	0.385	786.302	4.468	0
1755	89	310	50	0.733	0.360	777.880	4.773	0	369	-20	0.485	0.385	788.653	4.478	0
1775	90	314	0	0.733	0.360	777.880	4.740	0	333	-13	0.485	0.385	788.653	4.624	0
1795	91	333	32	0.733	0.360	777.880	4.744	0	332	6	0.484	0.385	788.653	4.715	0
1815	92	337	-2	0.733	0.360	777.880	4.858	0	358	-27	0.484	0.385	788.653	4.967	0
1835	93	411	47	0.733	0.360	777.880	4.792	0	411	-7	0.484	0.385	788.653	4.679	0
1855	94	378	40	0.733	0.360	777.966	4.827	0	369	-10	0.485	0.385	789.366	4.796	0
1875	95	395	15	0.734	0.360	777.966	4.742	0	406	7	0.485	0.385	789.366	4.562	0
1895	96	413	17	0.733	0.360	777.966	4.726	0	406	34	0.484	0.384	789.366	4.673	0
1915	97	412	15	0.734	0.360	777.966	4.801	0	419	18	0.485	0.384	789.366	4.505	0
1935	98	406	7	0.734	0.360	777.966	4.733	0	431	-5	0.485	0.384	789.366	4.535	0
1955	99	386	-4	0.734	0.360	782.137	4.768	0	410	3	0.485	0.384	789.333	4.546	0
1975	100	412	17	0.734	0.360	782.137	4.815	0	406	32	0.486	0.384	789.333	4.798	0
1995	101	393	13	0.734	0.360	782.137	4.916	0	418	61	0.485	0.385	789.333	4.966	0
2015	102	293	57	0.734	0.361	782.137	4.742	0	333	47	0.486	0.385	789.333	4.701	0
2035	103	315	11	0.735	0.361	782.137	4.699	0	352	24	0.486	0.385	789.333	4.753	0
2054	104	341	33	0.735	0.361	779.403	4.680	0	370	40	0.487	0.385	787.880	4.758	0
2074	105	296	49	0.736	0.361	779.403	4.632	0	329	28	0.487	0.385	787.880	4.514	0
2094	106	276	61	0.736	0.361	779.403	4.627	0	318	63	0.487	0.385	787.880	4.540	0
2114	107	296	68	0.736	0.361	779.403	4.676	0	304	38	0.487	0.385	787.880	4.507	0
2134	108	289	48	0.736	0.361	779.403	4.670	0	313	15	0.487	0.385	787.880	4.464	0
2154	109	298	59	0.736	0.361	778.081	4.656	0	305	27	0.487	0.385	787.297	4.461	0
2174	110	316	65	0.736	0.361	778.081	4.594	0	329	38	0.488	0.385	787.297	4.514	0
2194	111	293	62	0.736	0.361	778.081	4.682	0	330	36	0.488	0.385	787.297	4.471	0
2214	112	133	69	0.737	0.361	778.081	4.702	0	181	31	0.489	0.385	787.297	4.505	0
2234	113	139	48	0.737	0.361	778.081	4.632	0	176	55	0.489	0.385	787.297	4.452	0
2254	114	153	68	0.737	0.361	770.951	4.642	0	177	63	0.489	0.385	785.455	4.447	0
2274	115	130	75	0.737	0.361	770.951	4.580	0	163	41	0.489	0.385	785.455	4.441	0
2294	116	120	56	0.737	0.361	770.951	4.609	0	146	38	0.489	0.385	785.455	4.426	0
2314	117	142	82	0.737	0.361	770.951	4.572	0	161	12	0.489	0.385	785.455	4.442	0
2334	118	141	52	0.737	0.361	770.951	4.585	0	151	30	0.489	0.385	785.455	4.442	0
2354	119	139	54	0.737	0.361	772.667	4.601	0	151	23	0.489	0.385	784.925	4.435	0
2373	120	114	51	0.737	0.361	772.667	4.613	0	149	31	0.489	0.385	784.925	4.497	0
2393	121	124	54	0.737	0.361	772.667	4.629	0	121	36	0.489	0.385	784.925	4.492	0
2413	122	54	54	0.738	0.361	772.667	4.585	0	85	13	0.489	0.385	784.925	4.525	0
2433	123	61	66	0.738	0.361	772.667	4.646	0	68	35	0.489	0.385	784.925	4.498	0
2453	124	72	78	0.738	0.361	770.054	4.621	0	58	41	0.489	0.385	780.454	4.479	0
2473	125	52	67	0.738	0.361	770.054	4.639	0	77	46	0.489	0.385	780.454	4.522	0
2493	126	53	67	0.738	0.361	770.054	4.623	0	63	33	0.489	0.385	780.454	4.483	0
2513	127	49	79	0.738	0.361	770.054	4.620	0	57	45	0.489	0.385	780.454	4.457	0
2533	128	58	76	0.737	0.361	770.054	4.727	0	60	54	0.489	0.385	780.454	4.431	0
2553	129	60	88	0.737	0.361	766.893	4.707	0	60	50	0.488	0.385	781.046	4.408	0
2573	130	54	74	0.737	0.361	766.893	4.569	0	64	40	0.488	0.385	781.046	4.512	0
2593	131	46	86	0.737	0.361	766.893	4.597	0	89	29	0.488	0.385	781.046	4.476	0
2613	132	102	72	0.737	0.361	766.893	4.513	0	157	65	0.488	0.385	781.046	4.502	0
2633	133	264	95	0.735	0.360	766.893	4.557	0	305	45	0.486	0.385	781.046	4.483	0
2653	134	288	58	0.735	0.360	778.661	4.618	0	348	37	0.486	0.385	788.867	4.539	0
2673	135	284	81	0.734	0.360	778.661	4.647	0	334	14	0.486	0.385	788.867	4.472	0
2693	136	285	27	0.734	0.361	778.661	4.745	0	333	101	0.486	0.385	788.867	4.900	0
2712	137	289	57	0.734	0.361	778.661	4.721	0	340	25	0.485	0.385	788.867	4.692	0
2732	138	281	57	0.734	0.361	778.661	4.702	0	329	-10	0.484	0.385	788.867	4.635	0
2752	139	275	68	0.734	0.361	774.382	4.659	0	316	10	0.485	0.385	789.363	4.813	0
2772	140	299	85	0.734	0.360	774.382	4.727	0	322	-14	0.485	0.385	789.363	4.878	0
2792	141	315	60	0.733	0.360	774.382	4.695	0	354	30	0.484	0.385	789.363	4.664	0
2812	142	280	59	0.733	0.360	774.382	4.628	0	380	16	0.484	0.385	789.363	4.956	0
2832	143	281	69	0.733	0.360	774.382	4.604	0	330	25	0.484	0.385	789.363	4.693	0
2852	144	282	73	0.733	0.360	774.459	4.581	0	331	23	0.484	0.385	787.770	4.790	0
2872	145	299	55	0.733	0.360	774.459	4.793	0	348	44	0.484	0.385	787.770	4.596	0
2892	146	304	74	0.733	0.360	774.459	4.757	0	337	59	0.483	0.385	787.770	4.618	0
2912	147	302	68	0.733	0.360	774.459	4.784	0	340	14	0.483	0.386	787.770	4.590	0
2932	148	291	53	0.733	0.361	774.459	4.659	0	347	28	0.483	0.386	787.770	4.495	0
2952	149	287	65	0.734	0.361	772.734	4.626	0	350	31	0.484	0.386	785.051	4.475	0
2972	150	160	29	0.735	0.361	772.734	4.717	0	198	41	0.486	0.386	785.051	4.687	0
2992	151	163	37	0.734	0.361	772.734	4.690	0	178	28	0.485	0.386	785.051	4.678	0
3011	152	176	72	0.734	0.361	772.734	4.692	0	200	9	0.485	0.386	785.051	4.712	0
3031	153	161	71	0.734	0.361	772.734	4.764	0	196	2	0.485	0.386	785.051	4.770	0
3051	154	167	79	0.734	0.361	769.237	4.733	0	193	-6	0.485	0.386	785.279	4.783	0
3071	155	169	83	0.735	0.361	769.237	4.581	0	204	43	0.486	0.386	785.279	4.583	0
3091	156	152	92	0.734	0.361	769.237	4.755	0	216	75	0.485	0.386	785.279	4.722	0
3111	157	140	65	0.734	0.361	769.237	4.693	0	208	72	0.485	0.385	785.279	4.561	0
3131	158	158	96	0.734	0.361	769.237	4.649	0	179	47	0.485	0.385	785.279	4.585	0
3151	159	121	84	0.734	0.361	769.978	4.731	0	151	53	0.485	0.385	787.937	4.630	0
3171	160	162	105	0.734	0.361	769.978	4.750	0	187	76	0.485	0.385	787.937	5.193	0
3191	161	159	84	0.734	0.361	769.978	4.618	0	188	28	0.484	0.385	787.937	4.600	0
3211	162	162	70	0.734	0.361	769.978	4.639	0	181	40	0.484	0.385	787.937	4.677	0
3231	163	167	78	0.734	0.361	769.978	4.691	0	185	48	0.484	0.386	787.937	4.595	0
3251	164	168	60	0.734	0.361	773.996	4.649	0	183	65	0.485	0.386	783.888	4.596	0
3271	165	157	73	0.734	0.361	773.996	4.723	0	188	1	0.485	0.386	783.888	4.707	0
3291	166	146	73	0.734	0.361	773.996	4.657	0	198	40	0.485	0.386	783.888	4.570	0
3311	167	157	86	0.734	0.361	773.996	4.669	0	193	37	0.485	0.386	783.888	4.569	0
3330	168	263	84	0.733	0.361	773.996	4.715	0	318	74	0.484	0.386	783.888	4.601	0
3350	169	261	87	0.733	0.361	774.582	4.687	0	325	72	0.484	0.386	787.424	4.631	0
3370	170	327	42	0.733	0.361	774.582	4.714	0	350	78	0.484	0.385	787.424	4.546	0
3390	171	306	36	0.734	0.361	774.582	4.799	0	339	44	0.484	0.385	787.424	4.731	0
3410	172	314	64	0.733	0.361	774.582	4.719	0	358	19	0.484	0.385	787.424	4.826	0
3430	173	321	47	0.733	0.360	774.582	4.773	0	348	5	0.484	0.385	787.424	4.934	0
3450	174	329	55	0.734	0.361	772.822	4.727	0	337	-10	0.484	0.385	787.379	5.033	0
3470	175	314	66	0.734	0.360	772.822	4.778	0	347	22	0.484	0.385	787.379	4.808	0
3490	176	314	64	0.733	0.360	772.822	4.741	0	363	25	0.484	0.385	787.379	4.898	0
3510	177	309	83	0.734	0.360	772.822	4.714	0	345	30	0.485	0.385	787.379	4.593	0
3530	178	304	78	0.734	0.360	772.822	4.649	0	353	57	0.485	0.385	787.379	4.642	0
3550	179	299	71	0.734	0.360	777.499	4.640	0	330	58	0.485	0.385	788.752	4.700	0
3570	180	306	71	0.734	0.360	777.499	4.792	0	355	44	0.485	0.385	788.752	4.679	0
3590	181	293	77	0.734	0.360	777.499	4.749	0	358	45	0.485	0.385	788.752	4.653	0
3610	182	300	65	0.734	0.360	777.499	4.720	0	347	32	0.485	0.385	788.752	4.618	0
3630	183	310	62	0.734	0.360	777.499	4.698	0	340	4	0.485	0.385	788.752	4.620	0
3649	184	307	61	0.734	0.360	777.019	4.673	0	339	4	0.485	0.385	787.034	4.612	0
3670	185	320	47	0.734	0.360	777.019	4.798	0	350	33	0.485	0.385	787.034	4.614	0
3689	186	298	40	0.734	0.360	777.019	4.793	0	359	23	0.485	0.385	787.034	4.773	0
3709	187	315	52	0.734	0.360	777.019	4.846	0	351	45	0.485	0.385	787.034	4.724	0
3729	188	315	67	0.734	0.360	777.019	4.790	0	348	50	0.485	0.385	787.034	4.700	0
3749	189	309	74	0.734	0.361	774.625	4.793	0	346	51	0.484	0.385	788.470	4.685	0
3769	190	361	50	0.733	0.361	774.625	4.727	0	397	73	0.484	0.385	788.470	4.677	0
3789	191	353	38	0.733	0.361	774.625	4.758	0	380	46	0.484	0.386	788.470	4.722	0
3809	192	325	47	0.734	0.361	774.625	4.745	0	377	33	0.484	0.386	788.470	4.723	0
3829	193	146	84	0.735	0.361	774.625	4.865	0	202	57	0.486	0.386	788.470	4.768	0
3849	194	119	87	0.735	0.361	772.558	4.876	0	178	48	0.486	0.386	784.580	4.760	0
3869	195	134	139	0.735	0.361	772.558	4.868	0	189	59	0.486	0.385	784.580	4.956	0
3889	196	136	88	0.734	0.361	772.558	4.753	0	184	77	0.485	0.385	784.580	4.964	0
3909	197	131	101	0.734	0.361	772.558	4.849	0	168	121	0.485	0.385	784.580	4.888	0
3929	198	153	68	0.734	0.361	772.558	4.708	0	164	91	0.485	0.385	784.580	4.903	0
3949	199	160	75	0.734	0.361	768.880	4.703	0	158	106	0.485	0.385	786.840	4.931	0
3968	200	154	116	0.734	0.361	768.880	4.652	0	160	101	0.485	0.385	786.840	4.704	0
3989	201	142	106	0.734	0.361	768.880	4.634	0	174	87	0.485	0.385	786.840	4.754	0
4008	202	144	91	0.734	0.361	768.880	4.603	0	174	80	0.485	0.385	786.840	4.726	0
4028	203	165	112	0.734	0.361	768.880	4.688	0	212	104	0.485	0.386	786.840	4.664	0
4048	204	159	98	0.734	0.361	770.986	4.687	0	222	99	0.484	0.386	785.413	4.670	0
4068	205	191	66	0.734	0.361	770.986	4.717	0	207	44	0.485	0.386	785.413	5.489	0
4088	206	207	92	0.733	0.361	770.986	4.742	0	225	44	0.484	0.386	785.413	5.152	0
4108	207	192	107	0.733	0.361	770.986	4.714	0	257	43	0.484	0.386	785.413	4.909	0
4128	208	185	95	0.734	0.361	770.986	4.614	0	229	95	0.484	0.386	785.413	4.796	0
4148	209	177	100	0.734	0.361	771.587	4.615	0	241	94	0.485	0.385	787.331	4.843	0
4168	210	205	124	0.735	0.360	771.587	4.649	0	214	86	0.485	0.385	787.331	4.609	0
4188	211	189	107	0.735	0.360	771.587	4.643	0	213	102	0.486	0.385	787.331	4.667	0
4208	212	218	122	0.735	0.360	771.587	4.686	0	222	112	0.486	0.385	787.331	4.782	0
4228	213	194	112	0.736	0.360	771.587	4.681	0	232	73	0.486	0.385	787.331	4.697	0
4248	214	194	117	0.736	0.361	772.140	4.679	0	237	83	0.486	0.385	787.285	4.745	0
4268	215	212	104	0.736	0.360	772.140	4.647	0	228	77	0.487	0.385	787.285	4.718	0
4288	216	213	126	0.736	0.360	772.140	4.781	0	207	107	0.487	0.385	787.285	4.969	0
4307	217	200	105	0.736	0.360	772.140	4.736	0	225	71	0.486	0.385	787.285	4.837	0
4327	218	221	99	0.736	0.360	772.140	4.763	0	256	42	0.486	0.385	787.285	5.115	0
4347	219	197	95	0.736	0.360	775.887	4.765	0	228	44	0.487	0.385	786.673	5.116	0
4367	220	304	80	0.736	0.360	775.887	4.703	0	324	6	0.487	0.385	786.673	4.879	0
4387	221	284	82	0.736	0.360	775.887	4.890	0	335	38	0.486	0.385	786.673	4.792	0
4407	222	290	78	0.736	0.360	775.887	4.760	0	320	71	0.487	0.385	786.673	4.720	0
4427	223	265	77	0.736	0.360	775.887	4.732	0	314	76	0.487	0.384	786.673	4.841	0
4447	224	229	74	0.737	0.360	776.492	4.799	0	291	76	0.487	0.384	788.705	4.789	0
4467	225	290	61	0.737	0.360	776.492	4.680	0	311	90	0.487	0.384	788.705	4.738	0
4487	226	287	61	0.737	0.360	776.492	4.717	0	312	68	0.487	0.384	788.705	4.704	0
4507	227	272	63	0.737	0.360	776.492	4.722	0	312	95	0.487	0.384	788.705	4.706	0
4527	228	270	61	0.736	0.360	776.492	4.735	0	316	87	0.487	0.384	788.705	4.754	0
4547	229	272	65	0.736	0.361	775.238	4.735	0	318	82	0.487	0.385	788.729	4.739	0
4567	230	212	194	0.737	0.361	775.238	4.694	0	211	205	0.488	0.386	788.729	4.756	0
4587	231	209	202	0.737	0.361	775.238	4.708	0	215	187	0.488	0.386	788.729	4.731	0
4607	232	200	208	0.737	0.361	775.238	4.705	0	225	196	0.488	0.386	788.729	4.786	0
4626	233	188	187	0.737	0.362	775.238	4.639	0	229	195	0.488	0.386	788.729	4.775	0
4646	234	183	192	0.737	0.362	774.887	4.639	0	234	190	0.488	0.386	789.946	4.785	0
4666	235	207	183	0.737	0.362	774.887	4.750	0	239	201	0.488	0.386	789.946	4.813	0
4686	236	199	189	0.737	0.362	774.887	4.721	0	242	175	0.488	0.386	789.946	4.687	0
4706	237	204	196	0.737	0.361	774.887	4.685	0	237	197	0.487	0.386	789.946	4.682	0
4726	238	202	206	0.737	0.361	774.887	4.656	0	234	203	0.487	0.386	789.946	4.694	0
4746	239	201	209	0.737	0.361	776.754	4.639	0	233	194	0.487	0.386	790.051	4.695	0
4766	240	201	208	0.736	0.361	776.754	4.757	0	224	198	0.487	0.386	790.051	4.736	0
4786	241	227	215	0.736	0.361	776.754	4.770	0	240	195	0.487	0.386	790.051	4.659	0
4806	242	222	194	0.736	0.361	776.754	4.710	0	232	204	0.487	0.385	790.051	4.678	0
4826	243	226	209	0.736	0.361	776.754	4.709	0	215	220	0.486	0.385	790.051	4.720	0
4846	244	221	210	0.736	0.361	775.625	4.702	0	219	224	0.486	0.386	789.343	4.681	0
4866	245	142	191	0.736	0.361	775.625	4.808	0	174	192	0.487	0.386	789.343	4.751	0
4886	246	64	192	0.737	0.361	775.625	4.678	0	75	160	0.488	0.386	789.343	4.773	0
4906	247	57	185	0.737	0.361	775.625	4.708	0	95	174	0.488	0.386	789.343	4.666	0
4926	248	66	188	0.737	0.361	775.625	4.697	0	86	168	0.488	0.386	789.343	4.647	0
4946	249	70	198	0.737	0.361	771.736	4.690	0	97	182	0.488	0.386	785.672	4.607	0
4965	250	51	186	0.737	0.361	771.736	4.790	0	96	178	0.488	0.386	785.672	4.632	0
4985	251	63	205	0.737	0.361	771.736	4.626	0	82	173	0.488	0.386	785.672	4.645	0
5005	252	54	196	0.737	0.361	771.736	4.602	0	82	195	0.488	0.386	785.672	4.676	0
5025	253	56	194	0.737	0.361	771.736	4.713	0	109	195	0.488	0.386	785.672	4.678	0
5045	254	54	191	0.738	0.361	772.386	4.623	0	102	193	0.488	0.385	785.122	4.678	0
5065	255	48	200	0.738	0.361	772.386	4.733	0	69	188	0.489	0.385	785.122	4.675	0
5085	256	63	201	0.738	0.361	772.386	4.694	0	91	215	0.489	0.385	785.122	4.669	0
5105	257	77	222	0.738	0.361	772.386	4.659	0	104	222	0.489	0.385	785.122	4.713	0
5125	258	60	197	0.738	0.361	772.386	4.671	0	87	222	0.489	0.385	785.122	4.711	0
5145	259	66	202	0.739	0.361	772.264	4.651	0	100	229	0.489	0.385	782.630	4.693	0
5165	260	82	197	0.738	0.361	772.264	4.654	0	121	222	0.489	0.385	782.630	4.625	0
5185	261	209	173	0.737	0.361	772.264	4.770	0	242	183	0.488	0.385	782.630	4.654	0
5205	262	220	177	0.737	0.361	772.264	4.708	0	245	180	0.488	0.385	782.630	4.591	0
5225	263	230	176	0.737	0.361	772.264	4.670	0	234	192	0.488	0.385	782.630	4.622	0
5245	264	236	173	0.737	0.361	774.124	4.725	0	230	179	0.488	0.385	789.811	4.662	0
5264	265	226	168	0.737	0.361	774.124	4.705	0	225	171	0.488	0.385	789.811	4.644	0
5284	266	230	175	0.737	0.361	774.124	4.708	0	248	168	0.488	0.385	789.811	4.612	0
5304	267	231	174	0.737	0.361	774.124	4.686	0	250	184	0.488	0.385	789.811	4.639	0
5324	268	231	162	0.737	0.361	774.124	4.681	0	245	166	0.488	0.385	789.811	4.666	0
5344	269	227	159	0.737	0.361	776.053	4.688	0	244	173	0.488	0.385	788.828	4.653	0
5364	270	233	168	0.737	0.361	776.053	4.782	0	234	183	0.488	0.385	788.828	4.593	0
5384	271	170	163	0.738	0.361	776.053	4.719	0	202	173	0.488	0.385	788.828	4.573	0
5404	272	170	169	0.738	0.361	776.053	4.722	0	211	195	0.488	0.385	788.828	4.679	0
5424	273	160	169	0.738	0.361	776.053	4.672	0	193	164	0.489	0.385	788.828	4.568	0
5444	274	156	170	0.738	0.361	775.306	4.653	0	192	168	0.489	0.385	789.026	4.602	0
5464	275	197	205	0.738	0.361	775.306	4.637	0	174	172	0.489	0.385	789.026	4.523	0
5484	276	153	183	0.738	0.361	775.306	4.788	0	199	139	0.489	0.385	789.026	4.710	0
5504	277	194	182	0.738	0.361	775.306	4.634	0	203	181	0.488	0.385	789.026	4.636	0
5524	278	180	187	0.738	0.361	775.306	4.584	0	200	152	0.488	0.385	789.026	4.601	0
5544	279	165	185	0.738	0.361	775.824	4.620	0	195	173	0.489	0.385	787.899	4.675	0
5564	280	196	172	0.738	0.361	775.824	4.602	0	195	161	0.489	0.385	787.899	4.632	0
5583	281	166	158	0.737	0.361	775.824	4.689	0	217	149	0.488	0.385	787.899	4.772	0
5603	282	170	183	0.738	0.361	775.824	4.549	0	194	184	0.488	0.385	787.899	4.483	0
5623	283	83	168	0.738	0.362	775.824	4.591	0	119	173	0.489	0.386	787.899	4.533	0
5643	284	113	182	0.738	0.362	770.743	4.569	0	134	174	0.489	0.386	786.134	4.512	0
5663	285	105	222	0.738	0.361	770.743	4.554	0	120	193	0.489	0.385	786.134	4.466	0
5683	286	96	209	0.738	0.361	770.743	4.552	0	135	183	0.488	0.386	786.134	4.444	0
5703	287	116	211	0.737	0.361	770.743	4.566	0	140	186	0.488	0.386	786.134	4.479	0
5723	288	87	208	0.737	0.361	770.743	4.564	0	113	153	0.488	0.386	786.134	4.515	0
5743	289	83	208	0.737	0.362	770.576	4.560	0	118	147	0.488	0.386	785.201	4.511	0
5763	290	93	197	0.737	0.361	770.576	4.577	0	119	162	0.488	0.386	785.201	4.421	0
5783	291	212	213	0.736	0.361	770.576	4.480	0	260	167	0.487	0.386	785.201	4.459	0
5803	292	227	186	0.736	0.361	770.576	4.455	0	239	161	0.486	0.386	785.201	4.432	0
5823	293	233	192	0.736	0.361	770.576	4.498	0	264	193	0.486	0.386	785.201	4.411	0
5843	294	229	172	0.736	0.361	777.824	4.537	0	263	181	0.486	0.386	789.754	4.448	0
5863	295	249	185	0.736	0.361	777.824	4.496	0	254	167	0.486	0.386	789.754	4.609	0
5883	296	245	192	0.735	0.361	777.824	4.523	0	255	153	0.486	0.386	789.754	4.630	0
5902	297	242	183	0.736	0.361	777.824	4.440	0	239	147	0.486	0.386	789.754	4.718	0
5922	298	252	196	0.736	0.361	777.824	4.501	0	270	134	0.486	0.386	789.754	4.646	0
5942	299	254	197	0.736	0.361	776.312	4.486	0	269	130	0.487	0.386	787.727	4.668	0
5962	300	232	189	0.736	0.361	776.312	4.435	0	260	170	0.487	0.385	787.727	4.352	0
5982	301	236	187	0.736	0.361	776.312	4.366	0	256	167	0.487	0.385	787.727	4.328	0
6002	302	234	199	0.736	0.361	776.312	4.426	0	267	174	0.487	0.386	787.727	4.350	0
6022	303	226	184	0.736	0.361	776.312	4.436	0	264	194	0.487	0.386	787.727	4.420	0
6042	304	223	184	0.736	0.361	777.668	4.424	0	263	193	0.487	0.386	789.422	4.429	0
6062	305	230	335	0.736	0.363	777.668	4.435	0	229	353	0.487	0.387	789.422	4.732	0
6082	306	250	540	0.735	0.364	777.668	4.492	0	251	521	0.487	0.388	789.422	4.684	0
6102	307	293	562	0.736	0.364	777.668	4.418	0	279	495	0.487	0.388	789.422	4.777	0
6122	308	275	578	0.736	0.364	777.668	4.458	0	270	518	0.487	0.388	789.422	4.713	0
6142	309	298	595	0.736	0.364	777.543	4.469	0	264	508	0.487	0.388	788.762	4.706	0
6162	310	275	531	0.737	0.364	777.543	4.500	0	242	540	0.487	0.388	788.762	4.574	0
6182	311	271	558	0.737	0.364	777.543	4.418	0	261	534	0.487	0.388	788.762	4.500	0
6202	312	262	571	0.737	0.363	777.543	4.421	0	257	520	0.487	0.388	788.762	4.432	0
6221	313	316	593	0.736	0.364	777.543	4.376	0	297	571	0.487	0.388	788.762	4.460	0
6241	314	303	603	0.735	0.364	782.123	4.389	0	306	569	0.486	0.389	787.439	4.416	0
6261	315	393	664	0.735	0.364	782.123	4.440	0	382	658	0.486	0.389	787.439	4.493	0
6281	316	401	674	0.736	0.364	782.123	4.463	0	366	652	0.486	0.389	787.439	4.469	0
6301	317	382	649	0.736	0.365	782.123	4.424	0	357	678	0.486	0.389	787.439	4.464	0
6321	318	380	661	0.736	0.365	782.123	4.491	0	366	658	0.486	0.389	787.439	4.486	0
6341	319	377	660	0.735	0.365	782.187	4.487	0	361	661	0.486	0.389	788.485	4.477	0
6361	320	391	673	0.735	0.365	782.187	4.451	0	394	664	0.486	0.390	788.485	4.491	0
6381	321	388	673	0.735	0.365	782.187	4.462	0	376	665	0.486	0.389	788.485	4.505	0
6401	322	372	667	0.735	0.365	782.187	4.466	0	374	666	0.485	0.389	788.485	4.457	0
6421	323	385	665	0.735	0.365	782.187	4.481	0	361	658	0.485	0.389	788.485	4.454	0
6441	324	383	670	0.735	0.365	776.641	4.457	0	355	658	0.485	0.389	788.512	4.452	0
6461	325	414	666	0.734	0.364	776.641	4.426	0	417	646	0.485	0.389	788.512	4.505	0
6481	326	453	680	0.734	0.364	776.641	4.414	0	423	654	0.484	0.389	788.512	4.471	0
6501	327	431	668	0.734	0.364	776.641	4.437	0	436	648	0.484	0.389	788.512	4.440	0
6521	328	432	662	0.733	0.364	776.641	4.465	0	412	642	0.484	0.389	788.512	4.477	0
6540	329	427	656	0.733	0.364	785.679	4.519	0	416	646	0.484	0.389	787.997	4.466	0
6560	330	423	637	0.733	0.364	785.679	4.457	0	598	664	0.485	0.389	787.997	4.500	0
6580	331	417	642	0.733	0.364	785.679	4.506	0	427	648	0.483	0.389	787.997	4.452	0
6600	332	429	647	0.733	0.364	785.679	4.452	0	449	656	0.483	0.389	787.997	4.405	0
6620	333	418	665	0.733	0.364	785.679	4.465	0	428	651	0.483	0.389	787.997	4.428	0
6640	334	425	674	0.733	0.364	782.747	4.460	0	434	655	0.483	0.389	788.295	4.406	0
6660	335	299	638	0.734	0.364	782.747	4.471	0	313	663	0.484	0.389	788.295	4.448	0
6680	336	323	634	0.734	0.364	782.747	4.389	0	297	642	0.484	0.389	788.295	4.446	0
6700	337	328	628	0.734	0.364	782.747	4.363	0	299	630	0.484	0.389	788.295	4.391	0
6720	338	333	646	0.734	0.364	782.747	4.353	0	305	645	0.484	0.389	788.295	4.406	0
6740	339	340	647	0.734	0.363	778.992	4.322	0	299	643	0.485	0.389	787.004	4.380	0
6760	340	309	642	0.734	0.363	778.992	4.362	0	332	635	0.485	0.389	787.004	4.371	0
6780	341	323	654	0.734	0.363	778.992	4.325	0	317	631	0.485	0.389	787.004	4.436	0
6800	342	335	657	0.735	0.363	778.992	4.338	0	313	630	0.485	0.389	787.004	4.390	0
6820	343	346	649	0.735	0.363	778.992	4.308	0	299	622	0.485	0.389	787.004	4.327	0
6839	344	357	650	0.735	0.363	777.928	4.300	0	291	619	0.485	0.389	786.915	4.344	0
6859	345	377	659	0.734	0.363	777.928	4.270	0	374	639	0.485	0.389	786.915	4.338	0
6879	346	445	643	0.734	0.363	777.928	4.254	0	429	619	0.484	0.389	786.915	4.339	0
6899	347	453	653	0.734	0.363	777.928	4.244	0	422	625	0.484	0.389	786.915	4.274	0
6919	348	463	658	0.734	0.363	777.928	4.277	0	427	633	0.484	0.389	786.915	4.359	0
6939	349	466	645	0.734	0.363	785.629	4.309	0	424	624	0.484	0.389	787.143	4.346	0
6959	350	464	643	0.734	0.363	785.629	4.247	0	422	627	0.484	0.389	787.143	4.386	0
6979	351	445	650	0.734	0.363	785.629	4.309	0	434	641	0.484	0.389	787.143	4.367	0
6999	352	457	647	0.734	0.363	785.629	4.265	0	439	641	0.485	0.388	787.143	4.307	0
7019	353	446	657	0.734	0.363	785.629	4.284	0	415	643	0.485	0.388	787.143	4.309	0
7039	354	452	661	0.734	0.363	783.354	4.249	0	420	642	0.485	0.388	788.416	4.317	0
7059	355	452	658	0.734	0.363	783.354	4.298	0	444	654	0.485	0.388	788.416	4.363	0
7079	356	456	657	0.734	0.363	783.354	4.214	0	419	649	0.485	0.388	788.416	4.352	0
7099	357	449	648	0.734	0.363	783.354	4.298	0	421	630	0.484	0.388	788.416	4.292	0
7119	358	360	646	0.735	0.363	783.354	4.279	0	327	631	0.485	0.388	788.416	4.296	0
7139	359	355	650	0.735	0.363	779.603	4.236	0	305	634	0.486	0.388	787.027	4.292	0
7158	360	315	646	0.735	0.363	779.603	4.239	0	297	626	0.486	0.389	787.027	4.287	0
7178	361	310	631	0.735	0.364	779.603	4.208	0	300	610	0.486	0.389	787.027	4.216	0
7198	362	328	631	0.735	0.364	779.603	4.198	0	303	627	0.486	0.389	787.027	4.290	0
7218	363	320	635	0.735	0.364	779.603	4.223	0	313	618	0.486	0.389	787.027	4.231	0
7238	364	319	632	0.735	0.364	782.357	4.218	0	316	614	0.485	0.389	786.292	4.257	0
7258	365	315	620	0.735	0.364	782.357	4.196	0	311	620	0.486	0.389	786.292	4.221	0
7278	366	311	632	0.735	0.364	782.357	4.160	0	281	620	0.486	0.389	786.292	4.270	0
7298	367	333	640	0.735	0.364	782.357	4.170	0	285	634	0.486	0.389	786.292	4.240	0
7318	368	357	625	0.736	0.364	782.357	4.213	0	293	637	0.486	0.388	786.292	4.256	0
7338	369	369	639	0.736	0.364	777.177	4.172	0	297	639	0.486	0.388	787.704	4.249	0
7358	370	333	628	0.736	0.364	777.177	4.173	0	284	651	0.486	0.388	787.704	4.271	0
7378	371	306	629	0.736	0.364	777.177	4.192	0	297	643	0.486	0.388	787.704	4.224	0
7398	372	291	640	0.736	0.364	777.177	4.167	0	293	650	0.486	0.388	787.704	4.247	0
7418	373	293	635	0.736	0.364	777.177	4.089	0	291	655	0.486	0.388	787.704	4.242	0
7438	374	295	637	0.736	0.364	778.880	4.094	0	298	655	0.486	0.388	786.404	4.231	0
7458	375	382	647	0.735	0.364	778.880	4.110	0	388	650	0.485	0.388	786.404	4.306	0
7477	376	694	641	0.732	0.364	778.880	4.179	0	725	630	0.483	0.388	786.404	4.204	0
7497	377	1001	621	0.730	0.364	778.880	4.112	0	981	638	0.481	0.388	786.404	4.151	0
7517	378	1005	617	0.730	0.364	778.880	4.143	0	1008	642	0.481	0.388	786.404	4.174	0
7537	379	1011	611	0.730	0.364	780.889	4.174	0	1034	634	0.481	0.388	785.288	4.140	0
7557	380	1006	605	0.730	0.364	780.889	4.166	0	1003	623	0.481	0.388	785.288	4.171	0
7577	381	-1280	-1024	0.481	0.389	-1.000	-1.000	4	988	633	0.481	0.389	785.288	4.167	0
7597	382	997	605	0.730	0.364	780.889	4.188	0	991	634	0.481	0.389	785.288	4.145	0
7617	383	1015	621	0.730	0.364	780.889	4.201	0	964	636	0.481	0.388	785.288	4.185	0
7637	384	1015	621	0.731	0.364	780.956	4.201	0	957	638	0.481	0.388	784.869	4.176	0
7657	385	-1280	-1024	0.481	0.388	-1.000	-1.000	4	984	652	0.481	0.388	784.869	4.177	0
7677	386	1080	621	0.730	0.364	780.956	4.176	0	1080	632	0.481	0.389	784.869	4.203	0
7697	387	1111	632	0.730	0.364	780.956	4.117	0	1061	640	0.480	0.389	784.869	4.136	0
7717	388	1113	619	0.730	0.364	780.956	4.125	0	1049	649	0.480	0.389	784.869	4.165	0
7737	389	1120	619	0.730	0.364	784.557	4.151	0	1037	644	0.480	0.389	784.827	4.160	0
7757	390	1093	613	0.729	0.364	784.557	4.164	0	1078	639	0.480	0.389	784.827	4.268	0
7777	391	1087	598	0.729	0.364	784.557	4.201	0	1084	636	0.480	0.389	784.827	4.177	0
7796	392	1096	640	0.729	0.364	784.557	4.256	0	1080	624	0.480	0.389	784.827	4.302	0
7816	393	1105	624	0.729	0.364	784.557	4.201	0	1053	664	0.479	0.389	784.827	4.249	0
7836	394	1105	628	0.729	0.364	784.463	4.219	0	1053	663	0.479	0.389	784.121	4.229	0
7856	395	1084	627	0.729	0.364	784.463	4.333	0	1067	636	0.479	0.389	784.121	4.380	0
7876	396	1083	627	0.729	0.364	784.463	4.278	0	1084	650	0.479	0.389	784.121	4.318	0
7896	397	1086	625	0.728	0.364	784.463	4.262	0	1072	653	0.479	0.389	784.121	4.289	0
7916	398	1069	629	0.728	0.364	784.463	4.306	0	1085	657	0.479	0.389	784.121	4.313	0
7936	399	1065	633	0.729	0.364	780.361	4.250	0	1082	661	0.479	0.389	783.979	4.301	0
7956	400	830	628	0.730	0.364	780.361	4.354	0	857	645	0.481	0.389	783.979	4.306	0
7976	401	754	638	0.731	0.364	780.361	4.294	0	717	641	0.481	0.389	783.979	4.374	0
7996	402	745	629	0.731	0.364	780.361	4.317	0	733	628	0.481	0.389	783.979	4.351	0
8016	403	759	631	0.731	0.364	780.361	4.315	0	744	634	0.481	0.389	783.979	4.352	0
8036	404	759	626	0.731	0.364	786.160	4.345	0	757	625	0.481	0.389	786.757	4.367	0
8056	405	760	631	0.731	0.364	786.160	4.314	0	731	609	0.481	0.390	786.757	4.339	0
8076	406	756	631	0.731	0.364	786.160	4.247	0	730	620	0.481	0.390	786.757	4.376	0
8096	407	759	634	0.731	0.364	786.160	4.318	0	741	622	0.481	0.390	786.757	4.323	0
8115	408	737	623	0.731	0.364	786.160	4.320	0	734	625	0.481	0.390	786.757	4.333	0
8135	409	733	624	0.731	0.364	784.977	4.315	0	737	626	0.481	0.390	787.758	4.343	0
8155	410	752	628	0.731	0.364	784.977	4.295	0	736	618	0.481	0.390	787.758	4.345	0
8175	411	765	623	0.731	0.364	784.977	4.283	0	725	630	0.481	0.390	787.758	4.373	0
8195	412	782	626	0.731	0.364	784.977	4.229	0	715	619	0.481	0.389	787.758	4.346	0
8215	413	772	633	0.731	0.364	784.977	4.247	0	731	621	0.481	0.389	787.758	4.382	0
8235	414	780	634	0.731	0.364	783.211	4.214	0	723	624	0.482	0.389	788.686	4.381	0
8255	415	763	640	0.731	0.364	783.211	4.271	0	719	635	0.482	0.389	788.686	4.333	0
8275	416	-1280	-1024	0.482	0.389	-1.000	-1.000	4	715	638	0.482	0.389	788.686	4.341	0
8295	417	789	639	0.731	0.364	783.211	4.242	0	793	624	0.481	0.389	788.686	4.343	0
8315	418	947	617	0.729	0.364	783.211	4.225	0	990	628	0.480	0.389	788.686	4.346	0
8335	419	946	620	0.729	0.364	781.068	4.214	0	1030	628	0.479	0.389	786.462	4.336	0
8355	420	1009	614	0.729	0.364	781.068	4.330	0	1013	631	0.479	0.389	786.462	4.370	0
8375	421	1037	606	0.729	0.364	781.068	4.300	0	1008	631	0.479	0.389	786.462	4.306	0
8395	422	1034	597	0.729	0.364	781.068	4.244	0	1002	630	0.479	0.389	786.462	4.336	0
8414	423	1047	606	0.729	0.364	781.068	4.150	0	1008	630	0.479	0.389	786.462	4.301	0
8434	424	1050	602	0.729	0.364	781.945	4.112	0	1005	630	0.479	0.389	786.187	4.308	0
8454	425	1042	602	0.729	0.364	781.945	4.241	0	1012	641	0.479	0.389	786.187	4.265	0
8474	426	1043	606	0.729	0.364	781.945	4.176	0	1004	636	0.479	0.389	786.187	4.269	0
8494	427	1039	619	0.729	0.364	781.945	4.220	0	1027	622	0.479	0.389	786.187	4.288	0
8514	428	1063	609	0.729	0.364	781.945	4.153	0	1021	647	0.479	0.389	786.187	4.220	0
8534	429	1065	614	0.729	0.364	782.812	4.164	0	1024	643	0.479	0.389	785.139	4.217	0
8554	430	1080	608	0.729	0.364	782.812	4.129	0	1018	643	0.479	0.389	785.139	4.192	0
8574	431	1031	616	0.729	0.364	782.812	4.113	0	1032	614	0.479	0.389	785.139	4.134	0
8594	432	1025	603	0.729	0.364	782.812	4.184	0	1038	631	0.479	0.389	785.139	4.161	0
8614	433	1028	591	0.728	0.364	782.812	4.124	0	1026	626	0.479	0.389	785.139	4.169	0
8634	434	1024	591	0.728	0.364	780.815	4.123	0	1029	619	0.479	0.389	786.472	4.152	0
8654	435	1043	612	0.728	0.364	780.815	4.126	0	1010	639	0.478	0.389	786.472	4.189	0
8674	436	1044	602	0.728	0.364	780.815	4.109	0	1036	642	0.478	0.389	786.472	4.257	0
8694	437	1046	615	0.728	0.364	780.815	4.064	0	1040	640	0.478	0.389	786.472	4.194	0
8714	438	1036	609	0.728	0.364	780.815	4.060	0	1010	627	0.478	0.389	786.472	4.172	0
8734	439	1038	605	0.728	0.364	781.746	4.061	0	1026	627	0.478	0.389	786.416	4.189	0
8754	440	1042	580	0.728	0.364	781.746	4.085	0	996	648	0.478	0.389	786.416	4.233	0
8774	441	1027	596	0.728	0.364	781.746	4.128	0	1005	645	0.478	0.389	786.416	4.174	0
8793	442	1030	607	0.728	0.364	781.746	4.180	0	1011	639	0.478	0.389	786.416	4.225	0
8813	443	-1280	-1024	0.478	0.389	-1.000	-1.000	4	1013	629	0.478	0.389	786.416	4.225	0
8833	444	-1280	-1024	0.729	0.363	-1.000	-1.000	4	1015	625	0.479	0.389	786.670	4.227	0
8853	445	686	583	0.731	0.363	783.928	4.137	0	677	594	0.481	0.389	786.670	4.229	0
8873	446	706	605	0.731	0.363	783.928	4.130	0	669	587	0.481	0.389	786.670	4.322	0
8893	447	706	616	0.731	0.363	783.928	4.126	0	651	589	0.481	0.389	786.670	4.269	0
8913	448	696	601	0.731	0.363	783.928	4.148	0	676	595	0.481	0.389	786.670	4.260	0
8933	449	705	599	0.731	0.363	786.721	4.159	0	669	590	0.481	0.389	787.940	4.259	0
8953	450	706	586	0.731	0.364	786.721	4.187	0	687	593	0.481	0.389	787.940	4.335	0
8973	451	708	573	0.731	0.364	786.721	4.134	0	666	592	0.481	0.389	787.940	4.254	0
8993	452	703	580	0.731	0.364	786.721	4.205	0	671	583	0.481	0.389	787.940	4.330	0
9013	453	703	580	0.731	0.364	786.721	4.230	0	672	607	0.481	0.389	787.940	4.250	0
9033	454	704	582	0.731	0.364	784.723	4.214	0	675	602	0.481	0.389	790.805	4.289	0
9053	455	698	592	0.731	0.364	784.723	4.187	0	670	587	0.481	0.389	790.805	4.316	0
9073	456	693	594	0.731	0.364	784.723	4.206	0	659	586	0.481	0.389	790.805	4.265	0
9092	457	731	577	0.731	0.364	784.723	4.257	0	743	564	0.481	0.389	790.805	4.287	0
9112	458	918	460	0.728	0.362	784.723	4.269	0	943	435	0.479	0.387	790.805	4.230	0
9132	459	942	448	0.728	0.361	783.231	4.272	0	979	426	0.479	0.386	784.351	4.191	0
9152	460	1013	149	0.728	0.360	783.231	4.030	0	984	183	0.479	0.385	784.351	4.182	0
9172	461	1010	149	0.728	0.360	783.231	4.110	0	1015	188	0.478	0.385	784.351	4.161	0
9192	462	1021	137	0.728	0.360	783.231	4.115	0	999	171	0.478	0.386	784.351	4.163	0
9212	463	1012	125	0.728	0.360	783.231	4.054	0	1002	144	0.478	0.386	784.351	4.211	0
9232	464	1013	123	0.728	0.360	781.762	4.090	0	998	143	0.478	0.386	783.146	4.197	0
9252	465	1000	186	0.727	0.360	781.762	4.149	0	1003	171	0.478	0.386	783.146	4.187	0
9272	466	969	156	0.728	0.360	781.762	4.267	0	1008	166	0.478	0.386	783.146	4.312	0
9292	467	984	169	0.728	0.360	781.762	4.171	0	981	176	0.478	0.386	783.146	4.176	0
9312	468	977	121	0.728	0.360	781.762	4.339	0	988	173	0.478	0.386	783.146	4.227	0
9332	469	973	109	0.727	0.360	784.150	4.344	0	996	171	0.478	0.386	783.848	4.263	0
9352	470	960	120	0.727	0.360	784.150	4.935	0	991	168	0.478	0.386	783.848	4.165	0
9372	471	995	124	0.728	0.360	784.150	4.192	0	993	155	0.478	0.386	783.848	4.161	0
9392	472	998	160	0.728	0.360	784.150	4.199	0	1001	149	0.479	0.386	783.848	4.182	0
9412	473	1003	123	0.728	0.360	784.150	4.108	0	989	165	0.479	0.386	783.848	4.079	0
9431	474	1007	138	0.728	0.361	782.915	4.076	0	990	160	0.478	0.386	782.405	4.068	0
9451	475	842	111	0.729	0.360	782.915	4.351	0	873	151	0.479	0.386	782.405	4.279	0
9471	476	565	104	0.732	0.360	782.915	4.389	0	632	133	0.482	0.385	782.405	4.258	0
9491	477	468	103	0.733	0.360	782.915	4.148	0	478	109	0.484	0.385	782.405	4.156	0
9511	478	442	93	0.733	0.360	782.915	4.170	0	482	103	0.484	0.385	782.405	4.127	0
9531	479	420	94	0.733	0.360	780.627	4.179	0	482	83	0.483	0.385	788.463	4.129	0
9551	480	472	107	0.733	0.360	780.627	4.166	0	449	80	0.483	0.385	788.463	4.181	0
9571	481	448	89	0.733	0.360	780.627	4.170	0	436	94	0.484	0.385	788.463	4.157	0
9591	482	442	86	0.733	0.360	780.627	4.263	0	444	91	0.484	0.385	788.463	4.126	0
9611	483	436	70	0.732	0.360	780.627	4.280	0	452	90	0.482	0.385	788.463	4.186	0
9631	484	459	75	0.734	0.360	775.863	4.271	0	488	90	0.484	0.385	788.260	4.165	0
9651	485	138	112	0.735	0.360	775.863	4.153	0	197	71	0.486	0.385	788.260	4.329	0
9671	486	175	141	0.735	0.360	775.863	4.302	0	187	82	0.486	0.385	788.260	4.260	0
9691	487	142	128	0.735	0.360	775.863	4.196	0	150	85	0.486	0.385	788.260	4.145	0
9711	488	152	110	0.735	0.360	775.863	4.294	0	151	102	0.486	0.385	788.260	4.263	0
9730	489	136	125	0.736	0.360	773.563	4.243	0	154	124	0.486	0.385	783.178	4.199	0
9750	490	170	96	0.736	0.360	773.563	4.217	0	161	74	0.487	0.385	783.178	4.247	0
9770	491	150	124	0.736	0.360	773.563	4.210	0	167	88	0.486	0.385	783.178	4.199	0
9790	492	157	111	0.737	0.360	773.563	4.238	0	177	86	0.487	0.385	783.178	4.109	0
9810	493	168	127	0.737	0.360	773.563	4.173	0	164	92	0.487	0.385	783.178	4.159	0
9830	494	130	121	0.737	0.360	774.140	4.175	0	143	92	0.487	0.385	783.265	4.115	0
9850	495	248	30	0.737	0.360	774.140	4.183	0	259	55	0.487	0.385	783.265	4.145	0
9870	496	264	46	0.737	0.360	774.140	4.236	0	256	10	0.487	0.385	783.265	4.242	0
9890	497	255	44	0.737	0.360	774.140	4.250	0	253	38	0.487	0.385	783.265	4.214	0
9910	498	255	66	0.737	0.360	774.140	4.197	0	278	37	0.487	0.384	783.265	4.187	0
9930	499	267	76	0.737	0.360	772.469	4.219	0	275	33	0.488	0.385	782.919	4.230	0
9950	500	261	63	0.738	0.360	772.469	4.276	0	260	37	0.488	0.384	782.919	4.246	0
9970	501	256	65	0.738	0.360	772.469	4.232	0	264	33	0.488	0.384	782.919	4.243	0
9990	502	258	79	0.738	0.360	772.469	4.302	0	266	46	0.488	0.384	782.919	4.183	0
10010	503	186	61	0.738	0.360	772.469	4.268	0	193	12	0.489	0.384	782.919	4.302	0
10030	504	176	67	0.739	0.360	771.812	4.260	0	187	9	0.489	0.384	783.980	4.295	0
10049	505	192	47	0.738	0.360	771.812	4.377	0	195	22	0.489	0.384	783.980	4.285	0
10069	506	202	55	0.738	0.360	771.812	4.332	0	193	17	0.489	0.384	783.980	4.279	0
10089	507	200	48	0.738	0.360	771.812	4.421	0	199	8	0.489	0.384	783.980	4.294	0
10109	508	210	43	0.738	0.360	771.812	4.348	0	188	36	0.489	0.384	783.980	4.219	0
10129	509	211	38	0.738	0.360	774.360	4.397	0	190	38	0.489	0.384	781.844	4.203	0
10149	510	217	123	0.738	0.359	774.360	4.414	0	213	80	0.489	0.384	781.844	4.279	0
