1	1126	100	707	269
2	1544	120	744	258
3	1684	219	808	260
4	2980	120	718	283
5	3159	100	674	273
6	3319	120	680	283
7	3578	140	725	265
8	3738	100	723	266
9	3857	179	713	272
10	4176	120	727	282
11	4535	199	721	288
12	4934	199	738	284
13	5352	100	741	266
14	5831	100	301	200
15	6010	100	376	195
16	6808	439	522	196
17	7984	319	92	216
18	8323	120	130	181
19	8762	100	763	535
20	8981	199	726	518
21	9719	139	702	509
22	10197	140	172	394
23	10357	120	86	515
24	10516	140	112	514
25	10775	179	134	216
26	11074	179	99	226
27	11772	219	526	186
28	12331	140	323	220
29	12689	140	123	211
30	12949	179	98	236
31	14005	179	120	414
32	14304	100	210	164
33	14623	179	134	196
34	14903	100	104	235
35	15261	160	101	540
36	15521	100	109	542
37	15760	179	55	552
38	15999	120	61	548
39	16258	120	111	550
40	17435	140	99	579
41	18372	100	142	594
42	18790	140	145	566
43	19069	100	106	572
44	19368	180	135	588
45	20545	120	293	220
46	20864	499	281	213
47	21502	259	279	207
48	21781	538	295	210
49	23834	180	744	528
50	24592	120	700	545
51	24772	100	771	563
52	24891	120	746	544
53	25350	100	695	529
54	25489	180	708	559
55	25788	120	758	549
56	25928	180	768	581
57	26167	160	774	589
58	26885	140	765	593
59	28360	100	732	610
60	28639	120	736	608
61	28859	100	729	600
62	28978	120	745	613
63	30713	279	1124	735
64	31750	100	1080	838
65	32168	120	1153	736
66	32946	120	742	600
67	33385	140	757	586
68	33943	100	717	595
69	35079	120	751	604
70	36794	100	296	207
71	36993	100	540	179
72	37671	100	100	189
73	38189	100	282	218
74	38469	100	313	204
75	38668	180	88	216
76	39067	140	327	201
77	39326	538	516	190
78	39904	439	573	187
79	40363	279	566	199
80	40682	160	575	184
81	40881	160	513	202
82	41419	100	566	210
83	41738	140	593	181
84	42057	140	593	199
85	42895	120	588	204
86	43034	259	599	203
87	43333	140	718	220
88	43573	239	749	219
89	43991	160	809	216
90	44171	180	845	218
91	44390	120	696	238
92	44709	160	661	232
93	44889	279	735	243
94	45287	120	664	222
95	45507	100	669	234
96	45686	160	688	236
97	45865	179	722	229
98	46065	199	740	239
99	46404	100	575	171
100	46583	259	583	198
101	46902	100	681	214
102	47082	120	644	215
103	47261	140	125	212
104	47421	558	76	221
105	48158	140	295	196
106	48577	120	85	220
107	48876	160	308	211
108	49155	120	287	213
109	50331	179	130	558
110	52405	179	162	626
111	52624	120	142	607
112	52923	120	144	630
113	53701	140	730	537
114	53860	219	737	544
115	54478	140	760	533
116	55176	160	761	555
117	55435	259	787	542
118	55914	140	788	531
119	56512	179	790	603
120	57130	179	790	591
121	57928	100	758	620
122	58366	100	767	621
123	58546	179	741	591
124	59084	100	757	577
125	59802	119	557	175
126	59981	279	521	197
127	60978	120	610	208
128	61237	120	613	203
129	61676	140	296	231
130	62453	159	544	185
131	62693	100	514	198
132	62912	100	187	225
133	63111	259	87	225
134	63710	319	287	199
135	64686	140	307	224
136	64846	100	299	219
137	65783	180	765	605
138	66481	100	766	551
139	66640	100	107	536
140	67378	120	782	542
141	68275	199	584	192
142	68495	160	613	205
143	68734	180	661	215
144	69332	219	669	224
145	69671	160	657	218
146	70030	100	577	212
147	70149	219	566	243
148	70448	199	579	237
149	70747	120	568	244
150	71664	239	85	238
151	71924	339	117	234
152	72622	319	297	236
153	73579	179	100	266
154	73778	139	81	259
155	73937	140	136	267
156	74177	100	570	223
157	74496	160	558	239
158	74675	140	322	238
159	75632	160	812	599
160	76051	119	758	612
161	76629	239	568	204
162	76948	139	514	178
163	77108	199	567	238
164	77526	100	691	180
165	78025	140	312	193
166	78942	120	379	191
167	79380	140	525	171
168	80935	100	720	580
169	81454	100	136	577
170	82730	100	146	557
171	83009	160	143	569
172	85342	100	776	610
173	85461	120	770	589
174	85900	120	751	559
175	86418	159	733	537
176	86717	120	750	530
177	86917	160	778	562
178	87256	219	782	560
179	87495	100	751	571
180	87894	100	767	554
181	88392	100	761	569
182	89688	120	773	600
183	90027	100	784	588
184	90326	179	769	576
185	92838	160	145	579
186	93097	140	109	532
187	93277	120	120	517
188	94074	120	550	253
189	94513	279	102	228
190	94812	139	104	221
191	95011	120	323	216
192	95171	120	296	210
193	95809	219	576	228
194	96108	180	568	232
195	96307	120	315	208
196	97125	359	178	170
197	97504	199	320	174
198	98102	100	404	176
199	98520	160	545	187
200	98720	160	592	171
201	98919	159	673	189
202	99637	139	194	181
203	99796	179	270	165
204	100016	259	287	177
205	100554	120	319	214
206	102348	279	98	241
207	102647	159	126	245
208	102887	379	116	240
209	104163	120	99	245
210	104302	139	100	228
211	105020	120	106	239
212	105399	199	286	237
213	105957	139	303	230
214	106256	180	104	244
215	106555	379	116	237
216	108449	120	142	597
217	109247	120	161	572
218	109386	100	132	575
219	109865	120	112	548
220	110264	100	114	591
221	110702	120	125	585
222	111181	140	162	605
223	111340	120	167	596
224	112078	100	120	582
225	112736	120	98	587
226	114072	100	155	632
227	114490	100	109	612
228	114949	120	161	603
229	115726	159	173	628
230	116823	160	116	602
231	117780	179	162	620
232	118637	179	304	525
233	119375	219	73	262
234	119614	199	111	256
235	120093	140	76	223
236	120372	199	119	239
237	120611	180	266	215
238	120810	538	290	223
239	122007	100	751	577
240	122565	120	756	512
241	122764	120	716	526
242	123103	100	701	543
243	123263	100	714	572
244	123382	179	723	559
245	123622	160	720	547
246	124359	159	698	536
247	124758	180	704	551
248	125037	159	706	542
249	125954	140	698	535
250	126154	100	689	529
251	126413	219	687	543
252	126772	120	676	508
253	126951	139	659	509
254	128008	120	693	530
255	128167	459	687	518
256	129284	100	682	531
257	130101	140	711	542
258	130520	239	700	552
259	132235	120	719	546
260	132374	120	720	561
261	133172	219	727	607
262	133710	100	757	575
263	135305	179	788	600
264	136202	100	721	573
265	136760	100	767	588
266	136900	100	782	643
267	137458	100	737	627
268	137997	180	797	606
269	139253	100	819	666
270	140329	159	803	644
271	142343	100	815	708
272	142522	160	813	746
273	143320	259	726	553
274	143938	100	721	548
275	144237	100	707	569
276	144496	179	717	566
277	145593	100	770	628
278	145732	139	779	631
279	146251	219	782	600
280	146729	199	787	591
281	146949	179	760	587
282	148045	159	788	620
283	148264	120	768	608
284	149022	100	772	599
285	149481	160	735	603
286	150537	100	813	648
287	150856	120	793	638
288	152531	100	735	634
289	152870	120	714	584
290	153069	120	722	627
291	153209	100	722	648
292	153628	100	725	665
293	154046	140	758	654
294	155183	100	774	769
295	155302	140	779	758
296	155801	100	774	778
297	155920	179	787	777
298	158113	120	772	819
299	158253	100	781	850
300	158811	100	1111	788
301	160885	239	143	605
302	161343	279	307	205
303	162161	159	82	228
304	162460	100	77	234
305	162799	299	84	234
306	163198	100	139	245
307	163417	120	97	239
308	163995	299	110	243
309	164314	259	132	249
310	164693	219	289	224
311	166308	159	731	437
312	166547	199	694	457
313	167185	100	748	854
314	167305	219	776	845
315	167743	100	584	212
316	168441	100	199	514
317	168780	140	149	612
318	169777	160	149	606
319	170096	100	164	627
320	170654	299	175	605
321	171173	160	119	601
322	171571	160	104	608
323	171791	359	140	608
324	172409	139	174	648
325	173206	120	167	627
326	173346	140	162	632
327	173505	140	142	604
328	173744	100	112	621
329	173864	160	97	600
330	174243	379	105	254
331	174642	120	98	242
332	174781	279	109	249
333	175200	140	85	233
334	175519	140	118	244
335	176257	120	148	619
336	176755	100	165	629
337	176934	259	111	625
338	177254	100	108	630
339	178011	219	190	664
340	178490	100	153	644
341	179407	120	262	688
342	179606	120	176	690
343	179806	140	221	728
344	180244	100	171	716
345	181241	140	163	702
346	181400	140	202	728
347	182178	120	159	690
348	182577	179	162	701
349	183753	120	155	692
350	184391	100	177	639
351	186205	139	146	631
352	186963	180	87	604
353	188279	160	116	616
354	188777	100	116	593
355	189754	100	84	593
356	190253	120	140	594
357	190552	100	176	602
358	190751	199	147	607
359	191010	140	164	616
360	191409	239	143	614
361	192306	159	178	621
362	193004	120	166	655
363	193263	120	222	662
364	194141	139	150	655
365	194320	199	159	653
366	195078	100	146	647
367	195217	100	147	630
368	195417	160	185	693
369	195835	140	188	704
370	196373	120	176	700
371	196752	120	223	705
372	198646	100	150	618
373	199504	180	102	473
374	199942	140	201	627
375	203292	219	192	685
376	203711	199	208	656
377	203990	100	168	682
378	204149	139	150	638
379	204448	120	168	665
380	204707	120	159	658
381	205306	100	158	667
382	206402	160	177	689
383	207339	219	177	678
384	208236	120	226	694
385	208416	100	200	685
386	209253	100	208	712
387	210011	140	206	690
388	210868	140	215	726
389	211965	120	175	643
390	212583	219	169	657
391	212822	140	170	648
392	213699	100	221	695
393	214397	100	166	644
394	214636	120	151	668
395	219042	100	176	691
396	219182	199	182	693
397	220598	239	230	697
398	222193	140	503	738
399	222711	259	488	762
400	223309	219	494	788
401	223668	159	506	801
402	223847	100	534	779
403	224286	100	469	806
404	224505	179	515	798
405	224764	100	459	859
406	224884	100	463	863
407	225163	140	206	289
408	225383	100	105	257
409	225582	199	97	214
410	226399	518	100	229
411	227197	140	314	208
412	227376	120	308	208
413	227815	140	100	248
414	227994	120	71	257
415	228692	100	105	243
416	228852	239	114	245
417	229131	140	124	248
418	229390	120	98	269
419	229988	279	304	252
420	230606	179	139	259
421	230925	140	111	242
422	231404	100	91	508
423	231603	159	102	526
424	234434	120	229	716
425	235052	100	798	822
426	235750	140	514	206
427	236029	159	517	192
428	236308	119	170	214
429	236528	160	88	239
430	236926	259	192	176
431	237225	160	329	187
432	237405	100	321	185
433	237983	179	370	175
434	238362	100	422	168
435	238481	259	520	178
436	238960	100	254	224
437	239080	120	275	236
438	239399	259	103	241
439	240116	100	115	238
440	240236	459	81	242
441	241532	120	282	224
442	241691	159	806	230
443	241891	159	644	217
444	242070	179	664	220
445	242329	160	503	211
446	242589	100	288	210
447	242728	120	276	212
448	242868	179	313	244
449	243386	159	489	226
450	243566	120	487	243
451	243984	160	281	231
452	244762	180	285	226
453	245300	100	118	235
454	246217	100	86	241
455	246417	319	121	245
456	247513	100	627	229
457	247693	239	503	221
458	248151	100	655	245
459	248370	299	667	237
460	248690	239	678	238
461	249148	100	528	231
462	249347	140	574	265
463	250324	199	104	268
464	250544	219	101	265
465	251002	140	85	257
466	251261	319	91	259
467	251600	120	122	259
468	251919	359	129	248
469	252298	120	151	259
470	252458	160	113	270
471	252637	279	88	277
472	252936	140	103	261
473	253195	179	143	253
474	253395	100	127	265
475	253534	259	130	256
476	253993	518	134	253
477	254631	239	139	248
478	254910	179	136	241
479	255189	179	157	242
480	255807	120	228	692
481	256704	120	214	667
482	256844	100	208	669
483	257003	179	230	740
484	258160	100	173	684
485	258279	199	170	678
486	258499	219	175	693
487	259137	140	166	650
488	259436	140	200	655
489	259595	120	192	666
490	259954	100	207	684
491	260971	159	190	658
492	261888	199	261	723
493	262506	120	270	748
494	263284	120	226	689
495	264301	120	254	702
496	264719	100	196	668
497	265198	100	237	679
498	265457	120	176	650
499	266095	279	172	672
500	268627	179	139	599
501	269086	100	173	629
502	269544	239	174	668
503	270401	219	153	666
504	271398	120	122	663
505	271538	239	181	676
506	272734	140	132	683
507	272993	100	114	683
508	273193	100	169	695
509	273352	120	180	706
510	274489	299	123	250
511	274808	160	136	258
512	275007	478	109	258
513	275645	578	137	253
514	276582	100	187	714
515	276841	219	202	726
516	277778	100	191	730
517	278077	120	199	719
518	279034	100	216	707
519	279154	120	212	719
520	279333	100	220	700
521	279593	100	182	709
522	279812	120	181	722
523	280350	100	148	706
524	280729	159	177	745
525	281686	120	118	673
526	282284	100	133	706
527	282444	219	99	688
528	283600	120	169	709
529	284218	100	115	714
530	284517	219	169	707
531	287647	119	78	253
532	287787	180	95	265
533	288046	219	122	264
534	288305	100	263	803
535	288525	140	233	803
536	289402	100	253	761
537	289701	199	182	775
538	289940	140	170	790
539	290299	120	160	779
540	290518	100	194	772
541	291615	140	244	805
542	292811	100	244	830
543	294685	100	102	179
544	295084	359	127	237
545	296878	140	219	311
546	297257	299	300	270
547	298613	100	222	785
548	298872	100	216	794
549	299291	160	236	828
550	299550	100	222	816
551	300208	120	238	844
552	300766	160	175	768
553	301205	120	784	850
554	301464	160	769	829
555	302262	160	764	621
556	302900	140	247	487
557	304096	120	296	258
558	304375	339	276	224
559	305392	239	90	232
560	305651	199	106	245
561	305890	120	297	238
562	306169	140	285	225
563	306528	179	289	257
564	306767	199	286	240
565	307186	160	289	247
566	307485	160	289	264
567	307724	120	285	237
568	308402	100	320	261
569	308901	100	783	838
570	309359	120	774	826
571	309957	179	771	841
572	310217	179	757	828
573	310835	199	769	855
574	311054	140	760	875
575	311213	159	802	878
576	311433	199	788	905
577	311692	239	798	924
578	312290	120	837	881
579	312489	140	793	881
580	312769	120	794	864
581	313028	100	755	894
582	313267	359	744	871
583	313726	100	740	846
584	314104	100	791	865
585	314443	479	805	910
586	315101	977	811	913
587	316158	120	784	880
588	316417	100	807	899
589	316656	120	790	895
590	316816	299	811	903
591	317135	100	805	912
592	317613	120	776	884
593	318032	160	758	866
594	318232	160	752	861
595	319168	140	783	910
596	319348	239	794	903
597	319647	339	822	907
598	320106	180	829	901
599	320305	179	789	907
600	320803	179	804	875
601	321242	100	817	897
602	321541	139	816	909
603	321860	120	812	890
604	322817	160	812	875
605	323016	319	817	898
606	323435	140	803	903
607	323595	100	813	900
608	323714	120	792	894
609	324033	159	775	895
610	324233	139	754	876
611	324631	199	756	863
612	324851	159	763	913
613	325090	100	757	906
614	325210	100	756	880
615	325688	120	810	906
616	326047	120	799	914
617	326186	180	784	907
618	326486	199	823	923
619	326705	239	808	943
620	327044	319	865	939
621	327462	140	928	918
622	327762	379	782	934
623	328759	160	778	932
624	328938	479	789	936
625	329696	160	748	914
626	330054	279	772	930
627	330353	100	816	939
628	330653	120	789	937
629	330912	219	1002	908
630	331171	199	806	943
631	331390	179	820	937
632	331909	160	871	917
633	332188	259	920	1069
634	332586	778	812	905
635	334082	120	834	920
636	334221	279	809	936
637	335099	219	777	914
638	335457	419	751	907
639	336355	199	776	853
640	336674	239	750	907
641	337650	120	793	870
642	337810	120	793	855
643	338089	140	843	860
644	339345	100	785	849
645	339784	120	773	836
646	340063	100	790	829
647	340322	100	788	810
648	340661	140	785	694
649	341020	140	371	261
650	341219	120	143	270
651	341558	239	285	241
652	341838	518	280	249
653	343074	140	291	273
654	343632	120	317	273
655	343951	100	797	650
656	344130	100	794	735
657	345247	140	769	848
658	345426	100	770	853
659	345705	179	744	677
660	347799	199	718	574
661	348237	160	705	546
662	348895	319	696	540
663	349693	120	704	539
664	349892	199	709	550
665	350570	100	705	548
666	350690	140	707	549
667	351068	100	767	536
668	351547	239	721	581
669	352045	100	725	611
670	352504	140	721	615
671	352683	160	715	602
672	353062	120	769	622
673	353202	239	751	615
674	353481	199	754	622
675	353840	100	726	615
676	354039	120	728	598
677	355255	120	362	222
678	355415	120	296	263
679	356212	120	289	257
680	356511	120	310	272
681	356850	100	291	240
682	357090	100	257	216
683	357349	100	282	243
684	357508	120	283	243
685	357748	279	125	268
686	358146	179	297	263
687	358545	120	312	250
688	358705	219	313	253
689	359642	199	772	639
690	360399	140	763	573
691	361356	140	712	574
692	361655	179	722	558
693	361855	120	751	580
694	362313	100	793	642
695	362553	120	774	629
696	363490	140	755	613
697	364347	120	797	633
698	364586	100	732	617
699	364985	120	776	650
700	366201	100	800	618
701	366341	140	794	622
702	366999	100	816	622
703	367417	100	279	238
704	368374	119	300	240
705	368773	100	809	621
706	369032	120	814	628
707	369650	100	756	614
708	370368	100	782	691
709	370986	100	720	546
710	371106	100	719	559
711	371305	159	712	541
712	371764	140	748	595
713	372840	120	811	592
714	374336	140	799	698
715	375572	120	784	656
716	375851	239	741	617
717	376250	100	740	635
718	376369	160	777	670
719	377067	100	799	667
720	377745	199	765	682
721	378164	199	807	674
722	379539	120	801	665
723	380098	140	740	662
724	380556	100	775	630
725	381952	259	735	648
726	382809	160	720	635
727	383487	100	746	657
728	384125	140	791	707
729	384284	100	807	733
730	385202	139	778	729
731	385999	199	810	748
732	386438	159	742	726
733	386617	100	736	725
734	386856	140	747	718
735	387335	100	825	747
736	387813	100	786	754
737	388631	120	768	745
738	388930	120	796	747
739	389448	199	816	765
740	390226	120	813	801
741	390505	180	822	822
742	391123	120	767	761
743	391402	120	781	791
744	391801	199	779	824
745	392200	100	777	839
746	392997	199	833	814
747	393236	140	818	824
748	393416	160	889	823
749	394492	100	305	344
750	395270	179	84	264
751	395629	219	311	259
752	396466	199	270	243
753	398221	100	857	864
754	398480	100	812	817
755	399477	100	767	737
756	399895	219	769	737
757	400234	159	760	735
758	400872	100	760	737
759	401750	120	783	720
760	402726	219	797	709
761	403584	120	782	738
762	403843	100	781	696
763	404880	160	783	667
764	405857	159	742	658
765	406136	120	755	613
766	406694	120	845	686
767	406834	179	839	724
768	407551	100	765	673
769	409485	140	809	738
770	409685	120	828	737
771	409864	160	832	756
772	410243	219	831	736
773	411260	100	823	753
774	411559	100	801	716
775	412197	120	1109	755
776	412396	159	1085	836
777	412655	100	1085	864
778	413273	100	1066	888
779	413652	100	1079	839
780	413971	100	1118	718
781	414510	140	1095	848
782	414948	279	1078	885
783	415307	120	1084	886
784	415646	100	1069	923
785	415845	140	1102	870
786	416144	239	1102	871
787	416404	120	1114	862
788	416643	100	827	761
789	417141	120	1077	922
790	417939	219	1251	679
791	418178	538	1259	674
792	418796	139	899	687
793	419813	179	1118	749
794	420052	179	1102	738
795	420969	160	295	350
796	421348	140	110	277
797	421647	100	104	261
798	421767	758	100	261
799	422844	100	80	261
800	423003	479	91	260
801	423501	179	101	258
802	423701	319	142	252
803	424498	100	188	777
804	424897	100	237	779
805	425894	100	261	765
806	426751	119	173	799
807	426891	100	145	794
808	427090	140	155	803
809	428087	179	149	799
810	430280	100	148	761
811	430420	179	155	772
812	430699	179	215	777
813	431297	199	242	822
814	431656	299	227	804
815	432473	100	231	842
816	433311	199	221	788
817	433650	239	172	787
818	434467	120	169	769
819	434826	160	224	790
820	435225	100	284	781
821	436062	140	181	736
822	436521	120	220	758
823	437079	140	213	774
824	437238	160	199	776
825	437537	120	168	734
826	438375	140	202	780
827	438734	159	257	779
828	440069	299	136	254
829	440468	100	137	272
830	440767	100	304	275
831	442083	120	169	783
832	442542	219	206	771
833	443259	120	228	791
834	445054	100	238	808
835	445233	100	223	791
836	445353	100	207	819
837	445572	100	223	835
838	446071	160	166	825
839	448224	100	233	808
840	449679	100	186	812
841	450277	100	259	871
842	450577	179	254	858
843	451234	120	203	874
844	451813	179	158	770
845	453308	100	245	896
846	453428	120	228	886
847	453826	140	160	878
848	455681	139	141	586
849	456079	120	143	556
850	456319	100	136	533
851	456956	100	158	578
852	458153	299	164	621
853	458472	120	154	607
854	461143	100	122	557
855	461263	180	98	537
856	462021	100	190	284
857	462140	180	111	239
858	462679	179	192	892
859	462938	140	193	898
860	463137	100	201	881
861	463675	140	175	870
862	463975	140	179	898
863	464274	239	166	898
864	464971	140	240	908
865	465290	140	252	892
866	465510	100	182	884
867	465629	279	150	891
868	465988	120	148	891
869	466646	259	137	896
870	466925	120	149	904
871	467384	219	217	908
872	467663	140	341	928
873	468042	319	204	924
874	468560	139	260	931
875	469079	239	193	898
876	469358	120	186	894
877	470175	120	157	889
878	470354	259	142	886
879	471850	359	117	266
880	472229	239	118	269
881	472607	100	147	268
882	472727	239	128	257
883	473066	279	115	251
884	473465	678	123	264
885	474681	120	257	883
886	474860	199	233	901
887	475279	100	239	871
888	475897	160	204	742
889	476595	179	232	835
890	477273	120	218	889
891	477652	100	238	895
892	477871	100	154	887
893	478090	100	167	897
894	478708	180	208	883
895	478968	179	177	892
896	480602	100	275	891
897	483234	100	90	529
898	483374	140	88	521
899	483533	120	63	518
900	483852	538	84	527
901	484709	140	107	556
902	485048	179	71	533
903	485407	120	62	533
904	485846	140	112	560
905	486125	100	71	561
906	487541	139	125	586
907	488039	140	218	591
908	488218	120	225	594
909	488498	100	140	588
910	488637	179	134	603
911	489076	160	152	597
912	489514	120	182	603
913	489734	120	79	592
914	489913	120	116	603
915	490172	120	105	614
916	490412	239	101	597
917	490731	120	118	623
918	491010	140	143	612
919	492066	140	252	631
920	492366	100	195	609
921	493362	120	229	628
922	494280	100	132	614
923	494658	100	169	604
924	494798	100	103	581
925	495396	100	168	616
926	495914	100	131	601
927	496034	159	138	605
928	496213	140	121	662
929	496632	219	112	691
930	497569	120	118	683
931	497968	140	133	597
932	498367	159	129	615
933	499224	140	138	630
934	499583	120	163	669
935	499762	139	165	631
936	500081	219	164	644
937	500520	160	143	673
938	500959	140	175	683
939	501776	160	112	665
940	501995	140	96	660
941	502394	239	154	681
942	502892	259	272	680
943	503211	120	158	681
944	503411	120	129	683
945	503650	140	122	675
946	505504	180	225	756
947	505764	120	261	751
948	507398	379	125	254
949	507857	259	126	254
950	508136	140	118	262
951	508694	140	212	753
952	509033	180	229	739
953	510708	100	114	262
954	510848	100	104	272
955	511107	120	123	269
956	511286	179	156	278
957	511486	140	149	256
958	511665	160	146	271
959	511944	479	138	275
960	512443	179	120	267
961	512981	140	127	267
962	513659	159	269	751
963	514077	140	513	724
964	514875	160	234	748
965	515114	199	238	768
966	515413	140	229	784
967	516251	179	255	802
968	517168	100	285	760
969	517507	120	229	748
970	517666	399	135	251
971	518105	100	144	246
972	518344	598	121	243
973	519042	179	124	246
974	519261	140	123	238
975	519500	160	132	248
976	519680	259	145	244
977	519959	419	131	253
978	520398	638	129	252
979	521056	259	140	248
980	522172	159	229	767
981	523926	120	210	786
982	525860	100	219	743
983	526100	100	231	808
984	526618	239	215	738
985	527436	120	174	770
986	530107	120	297	774
987	530307	100	285	778
988	530685	100	257	772
989	530825	100	260	761
990	531044	180	232	770
991	531244	140	229	787
992	531622	199	238	799
993	531902	179	143	229
994	532101	379	89	240
995	532699	259	137	253
996	533138	120	294	765
997	533736	120	294	782
998	534673	100	223	793
999	535710	140	198	775
1000	536228	120	309	795
1001	536886	100	255	810
1002	537205	199	249	816
1003	538082	160	222	809
1004	538680	139	169	831
1005	539837	160	186	812
1006	540933	120	178	836
1007	541133	120	191	818
1008	541272	219	163	820
1009	541531	120	186	826
1010	542389	239	154	836
1011	542748	239	147	837
1012	543366	160	246	853
1013	543764	100	249	874
1014	544004	120	298	852
1015	544163	120	266	875
1016	544662	159	169	839
1017	545618	100	231	573
1018	546416	100	290	233
1019	546695	140	514	222
1020	546855	120	500	228
1021	547034	199	509	210
1022	547453	120	278	231
1023	547592	179	292	260
1024	547792	199	105	255
1025	548111	100	107	260
1026	548230	140	80	264
1027	548609	379	142	259
1028	549885	100	833	760
1029	550025	179	832	757
1030	550603	160	830	756
1031	550802	199	859	742
1032	551620	159	328	259
1033	551799	120	304	255
1034	551979	179	286	256
1035	552258	120	833	770
1036	552776	179	790	808
1037	553414	140	220	233
1038	553574	199	110	242
1039	556863	139	807	685
1040	558797	120	130	661
1041	558937	120	131	681
1042	560233	140	192	672
1043	560532	180	125	661
1044	560891	100	138	690
1045	561329	120	136	695
1046	562127	199	242	674
1047	562725	100	129	685
1048	562944	120	129	689
1049	563961	100	186	822
1050	564659	120	259	833
1051	565317	120	147	829
1052	565696	140	198	836
1053	565995	100	141	833
1054	566114	120	138	834
1055	566752	120	198	863
1056	567390	160	300	868
1057	567709	159	343	867
1058	568048	100	179	858
1059	568487	139	179	863
1060	568706	100	264	870
1061	568965	179	281	884
1062	570082	100	154	853
1063	570401	140	166	845
1064	571936	179	154	820
1065	572474	100	180	797
1066	572754	100	160	826
1067	573352	100	175	703
1068	575246	120	193	736
1069	575664	120	240	766
1070	575983	140	171	749
1071	576342	120	175	762
1072	577100	179	169	748
1073	577359	159	158	767
1074	577858	120	493	761
1075	578396	100	238	749
1076	578635	140	225	747
1077	578934	100	252	739
1078	579094	100	243	764
1079	579552	120	287	760
1080	579951	120	269	738
1081	580330	100	178	239
1082	580489	179	133	273
1083	580788	379	127	259
1084	581187	140	118	245
1085	581347	160	121	251
1086	581526	439	102	242
1087	582244	159	126	251
1088	582523	160	280	237
1089	582842	219	279	224
1090	583181	120	294	239
1091	583779	199	178	737
1092	584277	100	290	258
1093	584576	179	289	263
1094	586271	120	181	725
1095	587009	100	248	290
1096	587448	120	296	255
1097	588145	120	127	261
1098	588624	100	219	775
1099	588743	159	216	758
1100	589720	299	218	744
1101	590478	100	183	767
1102	591933	139	89	251
1103	592093	179	114	267
1104	592292	100	146	273
1105	592711	120	282	254
1106	592990	120	309	257
1107	593130	139	278	252
1108	593309	159	92	270
1109	593488	399	138	266
1110	594107	219	133	247
1111	594645	140	505	232
1112	594884	100	288	231
1113	595283	100	291	239
1114	595682	279	535	203
1115	596080	359	507	191
1116	596559	100	751	182
1117	596758	100	717	181
1118	596898	159	639	183
1119	597077	179	580	171
1120	597277	399	509	223
1121	597775	100	260	251
1122	597994	100	96	251
1123	598174	259	83	263
1124	598612	259	130	247
1125	599051	140	143	256
1126	599211	120	146	252
1127	599729	219	183	603
1128	600068	100	166	622
1129	600486	100	167	620
1130	600766	100	176	644
1131	600905	140	181	630
1132	601105	179	159	640
1133	601723	100	164	647
1134	602819	100	129	640
1135	603617	120	153	663
1136	603816	179	164	686
1137	604653	100	198	257
1138	604773	199	145	261
1139	605331	100	510	238
1140	605451	100	507	232
1141	605730	518	491	231
1142	606268	140	483	233
1143	606468	180	681	239
1144	606787	120	740	256
1145	606926	199	813	246
1146	607744	199	292	245
1147	608302	279	511	237
1148	608601	160	507	233
1149	608781	279	657	240
1150	609139	140	658	247
1151	609299	140	667	250
1152	609458	319	661	246
1153	609797	459	664	255
1154	610336	100	662	254
1155	610575	140	660	251
1156	610734	299	664	251
1157	611053	498	658	231
1158	611572	199	659	229
1159	612070	239	521	233
1160	612389	100	646	241
1161	613227	179	673	260
1162	613526	219	572	200
1163	613765	100	565	192
1164	613884	160	568	226
1165	614064	179	501	245
1166	614363	100	503	242
1167	614483	219	504	243
1168	615519	180	300	282
1169	615779	160	495	252
1170	615978	120	488	270
1171	616317	100	106	289
1172	616476	120	100	275
1173	616815	120	299	272
1174	617732	120	196	707
1175	617932	120	173	702
1176	618809	100	169	719
1177	619248	100	164	704
1178	620344	160	189	710
1179	620663	120	171	704
1180	621401	100	117	691
1181	623076	120	173	713
1182	623614	100	128	683
1183	624671	120	152	700
1184	626306	100	192	740
1185	626764	120	152	722
1186	626924	199	136	709
1187	627661	140	146	701
1188	627861	120	146	710
1189	628898	100	186	730
1190	629117	120	212	779
1191	629336	100	228	780
1192	629934	100	160	674
1193	631130	160	143	664
1194	631748	140	126	664
1195	631948	100	115	658
1196	633304	100	104	654
1197	633822	100	122	663
1198	634839	100	162	643
1199	635357	100	183	684
1200	635576	120	181	673
1201	635816	100	215	694
1202	636035	120	188	698
1203	636354	120	191	689
1204	636972	239	155	660
1205	638746	419	91	263
1206	639185	179	155	257
1207	639384	140	293	245
1208	639544	219	311	260
1209	639843	100	147	271
1210	640122	100	132	618
1211	641279	120	161	285
1212	641418	120	159	266
1213	641637	259	112	259
1214	641917	179	78	249
1215	642834	120	109	657
1216	642973	120	97	647
1217	643591	199	124	675
1218	644249	120	177	695
1219	644668	239	159	694
1220	645146	100	171	714
1221	645326	120	201	707
1222	645525	199	203	705
1223	645964	160	220	742
1224	647041	120	182	751
1225	648018	120	216	739
1226	649732	140	248	746
1227	650330	180	226	770
1228	650789	120	251	745
1229	650928	179	249	762
1230	651247	100	219	748
1231	652005	140	204	737
1232	652244	179	187	744
1233	652563	140	167	740
1234	653839	199	192	736
1235	654597	179	212	734
1236	654816	179	184	756
1237	655813	100	231	811
1238	655933	100	223	816
1239	657448	120	301	268
1240	658305	120	235	779
1241	658445	100	239	797
1242	658564	159	229	806
1243	659342	100	821	759
1244	659980	160	824	747
1245	660578	100	736	671
1246	661455	100	785	704
1247	662014	160	813	780
1248	662951	100	278	281
1249	663150	100	271	262
1250	663509	120	313	254
1251	663888	100	827	708
1252	664227	120	833	741
1253	664705	179	812	769
1254	664924	140	799	819
1255	666260	140	823	727
1256	666918	219	753	697
1257	667476	100	801	687
1258	667796	160	751	643
1259	668453	100	788	667
1260	669071	100	797	703
1261	669590	120	840	713
1262	670328	120	844	651
1263	671105	139	742	647
1264	671484	299	780	675
1265	672620	140	811	703
1266	674674	120	734	656
1267	676209	140	807	679
1268	678103	199	760	682
1269	678442	359	763	687
1270	679220	179	832	727
1271	679917	100	827	789
1272	680835	159	832	822
1273	681034	100	842	818
1274	681213	100	837	786
1275	682350	100	817	748
1276	683367	100	796	738
1277	684164	199	829	740
1278	684383	140	842	750
1279	684802	160	755	738
1280	685660	120	775	725
1281	686876	160	816	838
1282	687992	120	827	789
1283	689368	100	857	766
1284	690285	140	807	775
1285	690444	100	799	777
1286	690764	160	827	758
1287	690983	160	831	774
1288	691182	140	840	804
1289	691960	100	825	831
1290	692438	140	810	801
1291	692837	100	807	795
1292	693056	159	781	785
1293	693475	140	776	790
1294	693854	219	834	822
1295	694213	120	860	833
1296	694651	100	871	833
1297	694771	259	897	841
1298	695389	160	839	833
1299	696506	160	298	256
1300	696685	239	112	262
1301	696944	180	78	269
1302	697343	140	522	236
1303	697502	140	507	247
1304	697762	120	150	238
1305	698021	259	77	188
1306	698300	120	101	172
1307	698440	359	191	178
1308	698838	259	321	178
1309	700014	339	855	852
1310	700692	120	856	839
1311	700932	120	851	847
1312	701928	140	833	819
1313	702846	140	205	741
1314	703384	100	214	751
1315	704142	160	323	765
1316	704720	120	226	815
1317	708348	120	244	793
1318	710163	100	838	814
1319	710402	140	822	805
1320	710661	120	820	758
1321	710801	140	799	710
1322	711379	160	470	268
1323	711558	100	513	246
1324	711698	100	507	250
1325	711917	120	664	244
1326	712116	140	658	253
1327	712276	379	664	263
1328	712675	359	664	262
1329	713153	199	519	246
1330	713373	100	572	227
1331	713612	120	576	197
1332	713751	359	578	199
1333	714130	279	579	201
1334	714908	239	97	258
1335	715626	120	574	213
1336	715785	259	519	193
1337	716084	160	517	233
1338	716383	120	483	256
1339	716782	140	299	267
1340	717380	319	132	255
1341	717839	160	331	248
1342	718058	140	532	230
1343	718257	100	506	249
1344	718716	120	253	261
1345	719454	100	522	272
1346	720530	100	651	327
1347	720650	140	641	299
1348	721328	179	49	298
1349	721726	100	141	308
1350	721846	120	116	288
1351	722624	100	664	264
1352	722783	100	1239	252
1353	723680	538	65	216
1354	724378	100	360	219
1355	724837	120	577	189
1356	725076	100	509	193
1357	725196	100	493	220
1358	725475	239	92	235
1359	725774	139	80	238
1360	726870	140	301	227
1361	727448	100	202	704
1362	729243	179	765	614
1363	729881	120	741	676
1364	730120	139	783	683
1365	730419	180	737	679
1366	730918	199	739	726
1367	731496	180	497	726
1368	731835	140	463	724
1369	733390	159	445	778
1370	734327	199	750	699
1371	735603	100	740	659
1372	736480	120	519	195
1373	736620	139	501	210
1374	737018	279	288	218
1375	737357	379	97	229
1376	737975	259	59	226
1377	738254	299	87	237
1378	738693	120	113	253
1379	738952	199	130	237
1380	739770	100	758	652
1381	739909	319	724	647
1382	740986	160	778	670
1383	741185	199	582	226
1384	741684	160	705	282
1385	741963	140	773	629
1386	742162	140	770	679
1387	742322	120	768	691
1388	742521	219	788	712
1389	742960	299	848	721
1390	744395	100	840	703
1391	744694	160	735	713
1392	745213	100	793	738
1393	745432	359	825	745
1394	746868	120	840	774
1395	747266	140	827	819
1396	747426	120	831	856
1397	747824	279	835	825
1398	750596	120	826	708
1399	750895	140	770	750
1400	751114	120	779	795
1401	751274	160	792	798
1402	751653	120	844	795
1403	752131	120	826	835
1404	753228	140	816	836
1405	753826	100	795	835
1406	754743	180	793	843
1407	755261	120	807	843
1408	756059	100	187	254
1409	756178	239	79	265
1410	756438	180	121	259
1411	756637	100	152	263
1412	756876	259	301	247
1413	757634	120	225	214
1414	757833	319	96	222
1415	758172	159	93	232
1416	760545	159	1262	202
1417	760724	379	1265	198
1418	761222	379	1265	195
1419	761801	598	1261	205
1420	762778	120	23	273
1421	762957	339	21	270
1422	763316	120	150	257
1423	763456	100	148	260
1424	763675	140	150	260
1425	764054	299	36	227
1426	764373	439	166	185
1427	764911	180	29	211
1428	765110	498	37	196
1429	765629	159	134	220
1430	765808	399	90	270
1431	766267	419	105	230
1432	766705	319	153	207
1433	767323	100	270	188
1434	767463	160	297	182
1435	767642	140	283	189
1436	767862	120	294	260
1437	768879	239	362	165
1438	769457	100	461	214
1439	769696	100	493	243
1440	770294	219	671	252
1441	770892	100	515	271
1442	771191	120	492	203
1443	771550	219	507	190
1444	771789	140	492	219
1445	772667	159	93	245
1446	774601	120	114	498
1447	775398	100	771	654
1448	775797	180	723	631
1449	777153	159	777	676
1450	777452	120	794	682
1451	778488	140	775	651
1452	778748	239	845	645
1453	779246	120	827	656
1454	781459	159	801	683
1455	781978	140	852	714
1456	782177	140	863	742
1457	783991	140	783	653
1458	786085	140	746	668
1459	786384	100	738	653
1460	786503	160	750	654
1461	786782	120	751	635
1462	786922	100	744	643
1463	787042	160	743	634
1464	788158	120	843	721
1465	789354	160	797	741
1466	789653	100	837	727
1467	790032	239	786	719
1468	790949	120	828	817
1469	791846	100	838	834
1470	792265	179	833	840
1471	793661	100	822	781
1472	793820	100	771	800
1473	795415	100	772	791
1474	796691	100	822	806
1475	797529	140	155	245
1476	797848	319	84	230
1477	798984	299	217	728
1478	800041	100	141	306
1479	800639	100	103	435
1480	801397	100	336	409
1481	801855	140	142	417
1482	802254	100	70	424
1483	802473	120	58	428
1484	802912	139	108	436
1485	803111	120	133	400
1486	803769	120	487	414
1487	804148	239	427	406
1488	804607	219	562	414
1489	805225	100	505	718
1490	805962	100	174	662
1491	807298	140	227	794
1492	808116	120	213	785
1493	808993	120	215	782
1494	809451	100	482	252
1495	809571	140	509	214
1496	809830	100	292	214
1497	810229	299	94	242
1498	810548	100	82	238
1499	811445	100	520	214
1500	811644	259	505	216
1501	812262	100	318	215
1502	812601	120	695	223
1503	812801	119	691	242
1504	813020	100	656	229
1505	813180	239	659	225
1506	813539	179	657	236
1507	814077	199	656	228
1508	814396	120	154	224
1509	814575	120	107	245
1510	814814	180	335	225
1511	815094	279	614	220
1512	815831	100	655	209
1513	816190	219	505	208
1514	816449	120	549	252
1515	816629	139	579	263
1516	816888	120	238	228
1517	817187	558	94	241
1518	817765	100	309	205
1519	818403	120	331	203
1520	819041	120	362	219
1521	819580	339	84	231
1522	820098	120	324	221
1523	820258	100	324	217
1524	820437	120	583	257
1525	820736	439	582	243
1526	821474	100	306	234
1527	821653	259	102	250
1528	821932	180	85	246
1529	822132	180	310	236
1530	823826	279	170	158
1531	824245	100	188	373
1532	824644	160	388	451
1533	826637	140	90	219
1534	826797	558	79	234
1535	827375	140	80	242
1536	827535	140	63	234
1537	827754	419	112	256
1538	828252	219	305	237
1539	828492	120	296	252
1540	829189	120	298	240
1541	829728	100	78	516
1542	830126	100	106	658
1543	830585	180	97	662
1544	831602	100	93	589
1545	832399	100	152	614
1546	832579	120	174	612
1547	832778	140	171	628
1548	834533	179	724	549
1549	835789	219	765	547
1550	836486	180	759	571
1551	836726	100	749	559
1552	837065	140	729	583
1553	837623	180	753	675
1554	838919	100	700	620
1555	839617	120	752	585
1556	839756	140	738	580
1557	839916	100	753	573
1558	840454	120	755	634
1559	840893	120	753	610
1560	841451	159	775	597
1561	841630	120	803	591
1562	841930	100	774	577
1563	842428	100	758	553
1564	842727	199	721	527
1565	844242	140	773	597
1566	845179	140	764	566
1567	845777	160	905	602
1568	846196	140	729	630
1569	847552	100	776	620
1570	848090	140	775	734
1571	848429	120	795	755
1572	849645	120	792	640
1573	849984	120	788	665
1574	850323	100	792	624
1575	852337	140	781	724
1576	852496	120	793	716
1577	853892	100	188	673
1578	854610	120	134	538
1579	854929	140	143	553
1580	855507	120	159	663
1581	855866	100	209	650
1582	857142	100	213	581
1583	858338	120	790	731
1584	859853	100	166	619
1585	859973	120	156	599
1586	861050	120	805	787
1587	863462	120	220	622
1588	863980	120	183	677
1589	864539	100	822	749
1590	864937	259	807	800
1591	866074	139	801	779
1592	867768	199	390	225
1593	868446	120	261	211
1594	869204	120	502	213
1595	869503	179	510	208
1596	870141	120	84	257
1597	870580	139	507	247
1598	871038	140	507	230
1599	871278	180	669	236
1600	871497	120	676	228
1601	871776	100	676	230
1602	871936	120	674	239
1603	872075	100	656	253
1604	872354	100	665	236
1605	872892	120	679	255
1606	873132	140	669	243
1607	874607	100	201	676
1608	876541	120	96	255
1609	876780	179	310	238
1610	877119	120	346	239
1611	878116	140	149	618
1612	878714	100	186	640
1613	879711	100	793	710
1614	880090	120	184	680
1615	880230	120	165	643
1616	880708	140	162	638
1617	881565	100	140	620
1618	882143	160	124	621
1619	882383	100	185	603
1620	882821	100	781	786
1621	884277	100	800	733
1622	885234	100	772	716
1623	886191	100	772	607
1624	887905	100	787	583
1625	888404	120	745	568
1626	888982	319	502	213
1627	889421	140	574	201
1628	889720	199	576	201
1629	889939	120	571	207
1630	890298	259	501	225
1631	890776	100	121	259
1632	890896	160	120	266
1633	891773	120	75	254
1634	891913	100	199	253
1635	893189	120	663	253
1636	893667	120	212	200
1637	893867	140	140	211
1638	894026	917	83	215
1639	894963	139	106	218
1640	895123	120	107	211
1641	895462	199	75	213
1642	895761	419	103	209
1643	896359	219	167	199
1644	896618	219	283	204
1645	897196	120	130	200
1646	897834	100	114	555
1647	898512	140	185	587
1648	899549	160	304	212
1649	899768	179	297	215
1650	900725	160	776	647
1651	902101	100	779	760
1652	902280	100	821	600
1653	902779	120	780	656
1654	902978	100	777	686
1655	904454	100	764	711
1656	904653	100	778	726
1657	905012	120	769	722
1658	905351	100	797	752
1659	905490	179	787	763
1660	906128	120	123	208
1661	906268	199	71	227
1662	906507	160	267	202
1663	907404	638	73	214
1664	908262	180	155	199
1665	908461	239	91	206
1666	909199	160	185	631
1667	909458	140	179	632
1668	910056	100	188	655
1669	910634	120	139	621
1670	910953	140	138	623
1671	911292	140	122	608
1672	912369	100	192	625
1673	912807	140	254	663
1674	913306	100	181	649
1675	914004	100	245	635
1676	914123	140	238	632
1677	914662	100	172	648
1678	915080	120	149	640
1679	916157	299	217	666
1680	917812	120	147	645
1681	918868	120	176	683
1682	921919	120	207	692
1683	922656	199	222	690
1684	922896	100	254	701
1685	924471	279	116	261
1686	924770	618	84	219
1687	928119	100	195	693
1688	931210	100	253	722
1689	931509	180	253	740
1690	931947	100	235	746
1691	932206	159	240	753
1692	932386	100	283	751
1693	934918	100	187	655
1694	935117	180	209	659
1695	936314	120	194	659
1696	936752	100	176	694
1697	937011	100	252	697
1698	938367	100	224	694
1699	938925	120	305	706
1700	939484	120	234	712
1701	940082	120	74	247
1702	940321	180	75	261
1703	940640	120	118	216
1704	940780	159	85	241
1705	940959	100	106	264
1706	941218	100	307	226
1707	941836	199	134	194
1708	942096	259	320	195
1709	942434	100	303	181
1710	944309	179	796	751
1711	945325	120	206	701
1712	946342	120	174	646
1713	946502	160	209	659
1714	947578	179	190	693
1715	948635	160	242	707
1716	949532	100	493	728
1717	949811	120	525	720
1718	951965	120	780	751
1719	952961	160	1106	797
1720	953420	100	482	158
1721	953719	179	435	113
1722	954058	239	106	74
1723	954317	120	114	82
1724	954477	120	155	230
1725	954636	120	116	264
1726	955553	120	777	715
1727	957407	120	786	774
1728	957906	140	780	793
1729	960378	140	212	694
1730	961614	120	791	756
1731	961814	140	792	745
1732	966140	100	490	204
1733	967376	239	661	208
1734	968273	100	624	202
1735	968393	259	660	219
1736	969330	140	616	199
1737	969829	120	664	210
1738	970227	279	670	191
1739	970626	100	552	205
1740	970746	359	573	229
1741	971384	139	509	195
1742	971663	139	497	207
1743	972022	279	78	238
1744	972480	239	283	216
1745	972819	179	518	180
1746	973238	279	80	230
1747	973637	279	291	225
1748	974514	100	299	227
1749	974972	120	319	221
1750	975192	120	312	221
1751	977146	120	747	774
1752	977564	239	719	781
1753	978541	159	726	628
1754	981432	100	809	728
1755	981691	120	836	727
1756	982808	159	305	259
1757	984722	140	326	231
1758	985280	100	320	233
1759	987732	100	766	740
1760	987892	100	758	733
1761	988251	120	796	754
1762	989626	100	756	693
1763	990185	179	789	753
1764	990504	100	789	750
1765	992657	160	807	705
1766	993754	120	743	685
1767	994292	140	751	685
1768	995149	120	738	694
1769	995448	120	794	712
1770	995707	120	759	729
1771	995927	100	804	711
1772	996126	179	771	710
1773	997761	120	764	671
1774	998060	120	772	695
1775	998200	140	765	708
1776	999077	100	827	727
1777	999276	140	848	718
1778	999874	140	170	245
1779	1000054	160	94	242
1780	1000353	219	89	191
1781	1000592	419	77	216
1782	1001370	160	308	217
1783	1001848	199	82	233
1784	1002127	100	62	228
1785	1002366	100	288	226
1786	1002725	179	80	241
1787	1004320	140	101	246
1788	1004500	120	104	244
1789	1004639	259	82	239
1790	1005935	159	105	588
1791	1006294	100	145	589
1792	1006434	219	146	620
1793	1008288	100	137	616
1794	1008786	120	125	754
1795	1008946	120	111	775
1796	1009225	100	141	744
1797	1009584	279	169	767
1798	1010900	160	169	780
1799	1012455	120	850	760
1800	1013093	100	838	740
1801	1016881	100	510	1027
1802	1017379	120	504	1041
1803	1017579	140	252	682
1804	1019413	120	218	810
1805	1021786	199	94	243
1806	1022005	199	103	251
1807	1022324	439	85	209
1808	1023161	139	303	235
1809	1023361	379	85	232
1810	1024956	279	293	228
1811	1026152	140	829	693
1812	1027069	120	762	692
1813	1029422	100	781	715
1814	1029561	139	766	720
1815	1029820	100	752	720
1816	1030618	100	832	771
1817	1031176	299	848	805
1818	1031495	160	844	814
1819	1031954	120	803	730
1820	1032671	100	778	733
1821	1034147	100	800	725
1822	1034825	100	912	702
1823	1035443	100	840	737
1824	1036081	100	188	291
1825	1036539	299	107	250
1826	1036878	179	79	242
1827	1037138	199	334	239
1828	1037995	120	81	223
1829	1038473	140	292	223
1830	1039271	140	654	206
1831	1039749	120	655	223
1832	1040527	179	671	230
1833	1040826	279	662	234
1834	1041225	139	514	221
1835	1041384	120	511	206
1836	1041544	179	577	241
1837	1042182	120	517	210
1838	1042979	140	92	250
1839	1043139	180	116	254
1840	1043458	339	324	234
1841	1044016	279	105	252
1842	1044315	139	99	255
1843	1045770	160	187	833
1844	1046688	139	176	774
1845	1047166	100	181	778
1846	1048781	139	93	232
1847	1048940	179	115	248
1848	1049200	219	78	242
1849	1049439	140	129	258
1850	1049738	100	73	241
1851	1049858	479	82	260
1852	1051054	159	778	684
1853	1051233	100	795	686
1854	1051612	140	781	652
1855	1052250	100	786	674
1856	1053666	100	766	669
1857	1053785	100	749	665
1858	1055281	120	750	635
1859	1055759	100	798	654
1860	1056258	100	825	664
1861	1056816	100	787	643
1862	1057713	139	752	671
1863	1057872	100	748	671
1864	1059188	239	739	726
1865	1062039	239	747	668
1866	1064791	100	790	672
1867	1064990	100	779	651
1868	1068240	160	888	655
1869	1069875	100	321	236
1870	1070194	140	325	239
1871	1070373	120	309	257
1872	1071111	179	651	251
1873	1071450	100	656	246
1874	1072247	120	319	234
1875	1072886	179	117	252
1876	1073085	100	84	265
1877	1074799	140	574	181
1878	1075078	180	570	182
1879	1075298	159	569	185
1880	1075756	100	805	687
1881	1076574	100	335	247
1882	1076992	140	87	262
1883	1079006	120	818	722
1884	1079764	120	764	658
1885	1080103	160	785	648
1886	1080621	100	825	669
1887	1080960	160	165	723
1888	1081339	100	194	753
1889	1081638	100	175	757
1890	1082934	100	177	817
1891	1083931	120	91	267
1892	1084629	120	117	270
1893	1084928	140	102	270
1894	1085127	100	274	251
1895	1085326	180	311	259
1896	1086283	120	293	251
1897	1087121	140	86	273
1898	1087320	120	132	277
1899	1088636	140	260	813
1900	1089733	140	270	799
1901	1092324	140	359	254
1902	1092883	179	298	250
1903	1096890	259	799	725
1904	1098904	100	774	664
1905	1099043	120	770	692
1906	1099522	100	812	751
1907	1099881	120	745	668
1908	1100399	100	809	681
1909	1102353	100	764	626
1910	1102772	100	761	667
1911	1103908	180	761	679
1912	1104187	140	799	686
1913	1107118	100	800	765
1914	1107497	199	765	777
1915	1107836	160	784	771
1916	1110109	180	183	763
1917	1110627	160	799	716
1918	1111524	120	793	756
1919	1113079	180	511	242
1920	1114156	179	625	251
1921	1114674	299	653	253
1922	1115013	120	659	261
1923	1115153	319	661	263
1924	1115751	120	664	255
1925	1115950	179	554	241
1926	1116150	139	567	217
1927	1116509	120	573	200
1928	1116748	120	516	229
1929	1116887	140	516	235
1930	1117466	160	729	242
1931	1117645	120	1210	232
1932	1119679	359	95	275
1933	1120097	419	50	270
1934	1120695	120	52	202
1935	1120835	179	89	241
1936	1121154	379	564	183
1937	1121652	100	497	186
1938	1121852	100	110	243
1939	1122091	180	72	223
1940	1122290	319	72	227
1941	1123248	100	339	221
1942	1123467	239	378	216
1943	1123786	120	384	219
1944	1124344	140	75	234
1945	1125680	140	185	704
1946	1126916	100	187	844
1947	1127215	120	181	759
1948	1128152	100	161	630
1949	1128531	160	126	586
1950	1129707	120	174	768
1951	1130365	160	223	683
1952	1131382	160	188	816
1953	1131562	160	185	817
1954	1132020	199	114	268
1955	1132459	199	87	236
1956	1132718	239	79	216
1957	1133017	498	280	203
1958	1133535	179	278	195
1959	1135050	120	777	632
1960	1135768	100	794	662
1961	1136147	100	772	644
1962	1136386	120	749	646
1963	1137822	120	804	694
1964	1138918	100	822	683
1965	1139337	120	798	692
1966	1139477	120	812	683
1967	1142168	100	845	762
1968	1145518	159	196	815
1969	1148209	100	226	213
1970	1148329	558	89	228
1971	1149007	120	311	222
1972	1149226	100	758	548
1973	1149505	100	832	715
1974	1149804	100	785	652
1975	1152256	100	756	677
1976	1152476	199	757	685
1977	1153493	120	826	737
1978	1153991	140	765	685
1979	1157181	100	751	671
1980	1157400	120	764	683
1981	1158816	239	480	214
1982	1159075	120	484	207
1983	1159374	120	494	201
1984	1159514	160	491	215
1985	1159893	179	487	212
1986	1160092	159	488	207
1987	1160291	259	486	218
1988	1160730	179	494	209
1989	1161089	100	502	225
1990	1161268	179	309	201
1991	1161607	179	77	214
1992	1161807	159	120	213
1993	1162126	160	293	212
1994	1162564	219	509	201
1995	1162804	140	487	202
1996	1162963	140	500	214
1997	1163561	299	273	212
1998	1163880	399	86	226
1999	1164917	100	314	209
2000	1165276	239	288	197
2001	1166950	100	302	203
2002	1167270	160	138	208
2003	1167449	159	95	215
2004	1167808	239	342	203
2005	1168266	140	330	215
2006	1168466	180	317	212
2007	1168924	159	339	226
2008	1169104	139	347	238
2009	1169263	120	346	225
2010	1169502	140	487	239
2011	1169722	299	486	239
2012	1170041	339	484	240
2013	1170938	180	329	238
2014	1171137	199	303	232
2015	1171456	120	312	226
2016	1171596	100	311	238
2017	1172074	160	337	232
2018	1172374	219	325	236
2019	1173271	120	499	224
2020	1173410	179	487	213
2021	1173610	120	487	208
2022	1174068	239	489	211
2023	1174407	139	502	209
2024	1174666	100	496	200
2025	1174806	120	495	206
2026	1174945	100	673	207
2027	1175105	319	659	218
2028	1175504	139	672	215
2029	1175703	339	670	209
2030	1176401	319	575	245
2031	1176740	159	562	239
2032	1176919	159	595	256
2033	1177896	140	506	215
2034	1178076	120	520	108
2035	1178694	140	514	89
2036	1180169	100	408	91
2037	1180667	100	514	200
2038	1180847	100	516	195
2039	1180966	160	506	200
2040	1181904	180	88	231
2041	1182103	698	105	231
2042	1183518	199	118	227
2043	1184097	140	301	231
2044	1184535	219	297	246
2045	1184914	179	296	226
2046	1186050	100	94	242
2047	1186230	319	91	235
2048	1186569	160	115	229
2049	1188603	140	499	189
2050	1189978	100	204	792
2051	1191154	120	238	839
2052	1191693	439	104	249
2053	1192311	120	297	231
2054	1192690	100	278	221
2055	1193986	120	276	223
2056	1194285	120	330	225
2057	1195262	140	793	814
2058	1196059	100	828	773
2059	1196258	100	794	810
2060	1198831	159	762	690
2061	1199628	139	806	697
2062	1200904	120	864	694
2063	1201064	100	862	706
2064	1201941	120	129	251
2065	1202080	139	322	248
2066	1202300	100	305	253
2067	1203177	319	78	239
2068	1204533	120	531	228
2069	1204672	120	480	210
2070	1205091	120	334	221
2071	1205510	160	81	233
2072	1210135	100	894	685
2073	1215139	120	824	749
2074	1216296	100	1121	759
2075	1218130	140	199	222
2076	1218330	120	115	235
2077	1218828	140	71	233
2078	1219087	179	99	225
2079	1219526	379	102	221
2080	1220343	199	507	198
2081	1220822	140	649	231
2082	1221121	100	658	225
2083	1221340	199	672	236
2084	1221579	120	669	229
2085	1222177	379	502	216
2086	1223553	100	643	234
2087	1223792	199	647	205
2088	1224052	160	672	216
2089	1224231	100	660	231
2090	1225148	160	577	257
2091	1225467	159	590	223
2092	1225646	219	580	266
2093	1226244	219	572	243
2094	1226484	140	567	260
2095	1227281	319	79	223
2096	1228019	120	296	234
2097	1228278	319	84	251
2098	1228657	239	137	243
2099	1229275	140	139	254
2100	1229714	239	310	244
2101	1230112	140	500	243
2102	1230511	239	141	241
2103	1230890	359	126	247
2104	1231468	179	163	249
2105	1231867	219	139	248
2106	1232106	160	147	239
2107	1233003	160	181	836
2108	1234359	279	182	749
2109	1235874	139	138	766
2110	1236532	100	159	723
2111	1237071	100	133	617
2112	1237250	179	122	616
2113	1238147	120	85	596
2114	1238925	279	99	597
2115	1239383	120	93	601
2116	1239682	120	114	604
2117	1240560	120	98	608
2118	1241038	120	92	597
2119	1241437	160	143	633
2120	1241995	160	132	627
2121	1242394	160	123	603
2122	1243112	100	151	645
2123	1244029	120	85	598
2124	1245105	100	208	794
2125	1246302	120	206	701
2126	1247857	120	131	604
2127	1248296	160	135	609
2128	1248814	159	145	594
2129	1249272	120	153	614
2130	1250967	100	200	707
2131	1252841	100	217	745
2132	1253758	120	114	575
2133	1254975	120	151	640
2134	1255612	100	89	618
2135	1256490	100	189	789
2136	1257865	140	165	771
2137	1258125	160	172	684
2138	1258444	100	148	625
2139	1259361	100	126	597
2140	1260059	120	157	620
2141	1260956	120	168	608
2142	1262670	179	203	758
2143	1263169	100	118	747
2144	1263408	120	128	627
2145	1263548	100	147	618
2146	1264066	199	141	628
2147	1264764	159	134	611
2148	1264983	140	117	644
2149	1265641	279	126	613
2150	1265940	100	130	617
2151	1267974	160	181	657
2152	1268572	139	191	219
2153	1268731	179	112	258
2154	1268951	120	93	252
2155	1269130	100	282	239
2156	1269290	120	282	229
2157	1269429	239	306	231
2158	1270187	140	169	638
2159	1270685	120	298	651
2160	1271323	100	392	296
2161	1271862	140	760	651
2162	1272978	140	822	765
2163	1274234	100	778	719
2164	1274454	199	830	677
2165	1274832	180	768	685
2166	1275092	120	752	651
2167	1275351	359	740	649
2168	1277643	120	741	537
2169	1277843	120	723	537
2170	1277982	100	716	567
2171	1278102	120	728	597
2172	1278959	100	762	575
2173	1282409	100	874	658
2174	1283425	120	805	799
2175	1283605	120	810	777
2176	1283764	120	804	794
2177	1284821	159	800	671
2178	1285200	100	797	703
2179	1285798	179	763	708
2180	1286496	100	791	710
2181	1286615	100	796	722
2182	1287313	219	816	726
2183	1287552	120	819	750
2184	1288290	100	813	734
2185	1290682	120	818	809
2186	1292756	139	766	586
2187	1293075	120	745	563
2188	1293773	140	821	810
2189	1294929	120	803	834
2190	1295986	239	765	818
2191	1297681	180	768	824
2192	1298877	120	819	651
2193	1299335	140	765	638
2194	1299794	100	868	606
2195	1302944	100	1114	697
2196	1303562	140	710	603
2197	1303762	100	726	625
2198	1304858	160	789	724
2199	1308248	140	805	754
2200	1308806	120	806	778
2201	1308965	140	825	768
2202	1309603	120	793	776
2203	1310760	159	224	668
2204	1311138	120	161	583
2205	1311776	139	172	591
2206	1312016	100	220	256
2207	1312135	179	117	260
2208	1312514	120	100	250
2209	1312654	199	160	246
2210	1313012	678	95	253
2211	1315026	100	114	545
2212	1315345	120	146	540
2213	1316282	120	163	617
2214	1316422	160	207	634
2215	1317578	100	179	603
2216	1319492	159	205	635
2217	1320290	159	233	656
2218	1320469	100	834	844
2219	1322523	100	808	660
2220	1322842	120	818	783
2221	1324636	100	215	661
2222	1325095	179	236	641
2223	1325294	100	287	618
2224	1326550	160	431	265
2225	1327208	299	86	246
2226	1327986	100	114	238
2227	1328265	120	147	236
2228	1328404	100	623	210
2229	1328524	100	620	239
2230	1328703	120	683	227
2231	1329002	179	655	234
2232	1329322	459	664	243
2233	1329940	399	667	246
2234	1330498	140	661	231
2235	1330717	100	683	239
2236	1330857	179	660	257
2237	1331495	160	225	656
2238	1333209	120	759	718
2239	1334286	140	805	770
2240	1336698	140	214	618
2241	1336878	140	268	619
2242	1337037	100	817	709
2243	1337934	140	776	762
2244	1338712	100	752	660
2245	1339490	100	643	248
2246	1339888	140	570	215
2247	1340048	140	577	187
2248	1340327	140	569	199
2249	1340486	219	579	180
2250	1340885	279	576	181
2251	1345451	100	800	736
2252	1346029	120	815	786
2253	1346348	100	567	201
2254	1346647	120	572	217
2255	1348162	100	783	665
2256	1350136	100	519	207
2257	1350475	160	507	221
2258	1351492	339	129	261
2259	1352050	120	301	257
2260	1352230	120	555	247
2261	1353266	140	581	256
2262	1353546	120	666	237
2263	1354243	219	486	231
2264	1354482	180	507	205
2265	1355300	179	251	185
2266	1356078	179	127	217
2267	1356277	140	108	214
2268	1357992	160	154	249
2269	1358191	120	160	231
2270	1358330	479	149	210
2271	1360723	120	290	673
2272	1360922	120	291	679
2273	1361341	120	324	183
2274	1361720	100	156	668
2275	1364152	160	288	234
2276	1364332	100	269	214
2277	1364531	140	81	243
2278	1364730	100	100	232
2279	1364850	120	99	222
2280	1365129	180	108	234
2281	1365528	100	398	190
2282	1367163	100	793	765
2283	1367641	100	782	809
2284	1368858	120	761	543
2285	1369156	120	734	579
2286	1369396	140	732	578
2287	1370233	120	776	581
2288	1370712	120	775	613
2289	1371090	100	800	676
2290	1371449	179	783	691
2291	1373264	100	782	625
2292	1375516	100	835	592
2293	1378248	160	501	190
2294	1379703	179	506	194
2295	1380002	100	661	198
2296	1380800	100	654	213
2297	1381338	199	296	212
2298	1381757	259	580	180
2299	1382614	160	598	216
2300	1382854	120	591	218
2301	1383093	279	576	239
2302	1383492	319	577	254
2303	1384150	120	338	227
2304	1384389	100	519	213
2305	1384508	239	504	194
2306	1385625	459	91	224
2307	1386183	140	256	209
2308	1386382	180	282	232
2309	1386582	399	101	229
2310	1387738	160	227	685
2311	1387998	259	201	700
2312	1388316	100	215	683
2313	1388436	180	252	701
2314	1388914	100	240	698
2315	1389672	180	104	236
2316	1389872	100	91	245
2317	1390011	159	295	236
2318	1392663	140	809	621
2319	1392962	140	794	613
2320	1393161	100	769	719
2321	1393739	160	773	586
2322	1394956	140	764	559
2323	1395115	120	766	561
2324	1395813	100	783	611
2325	1396949	100	763	618
2326	1397747	239	791	595
2327	1398804	100	729	620
2328	1399541	199	752	693
2329	1400000	100	788	683
2330	1400937	120	773	723
2331	1402213	100	761	708
2332	1402372	319	766	724
2333	1403469	120	763	716
2334	1403628	120	773	752
2335	1404167	179	774	726
2336	1404785	120	794	747
2337	1405682	100	778	705
2338	1408653	100	288	224
2339	1409709	120	83	217
2340	1410786	100	285	219
2341	1411424	140	88	232
2342	1412082	219	101	218
2343	1412361	239	104	227
2344	1413418	100	453	217
2345	1414335	100	333	222
2346	1415073	140	662	217
2347	1415232	140	672	231
2348	1415392	160	670	224
2349	1415750	120	664	224
2350	1415890	319	670	213
2351	1416329	199	671	209
2352	1416548	199	666	232
2353	1416787	219	666	229
2354	1417146	259	649	218
2355	1417644	359	661	218
2356	1418023	100	660	230
2357	1418422	140	661	223
2358	1418602	199	565	255
2359	1418841	219	582	269
2360	1419080	219	591	262
2361	1419319	100	510	211
2362	1419439	159	511	207
2363	1419678	219	491	220
2364	1420017	100	148	234
2365	1420137	100	71	263
2366	1421213	160	118	246
2367	1422091	279	285	230
2368	1422868	239	761	771
2369	1423327	100	790	925
2370	1423526	139	763	927
2371	1424144	100	164	710
2372	1424942	100	216	702
2373	1425340	100	154	719
2374	1425659	239	155	635
2375	1426317	279	90	256
2376	1428391	100	146	723
2377	1429228	100	182	729
2378	1429348	119	181	730
2379	1430225	140	187	734
2380	1431262	100	112	682
2381	1431461	100	144	723
2382	1431980	100	135	715
2383	1432219	120	127	582
2384	1436525	239	780	942
2385	1436824	419	776	936
2386	1437263	140	764	939
2387	1437482	219	762	919
2388	1438479	120	1028	678
2389	1438758	100	1022	648
2390	1440214	100	791	894
2391	1442786	100	808	910
2392	1443005	100	808	917
2393	1443384	120	800	929
2394	1443922	100	843	930
2395	1444381	140	827	911
2396	1444580	379	782	916
2397	1445796	100	830	918
2398	1446494	100	829	935
2399	1446614	179	792	938
2400	1446992	100	726	922
2401	1447391	120	869	932
2402	1447730	100	1009	902
2403	1447850	120	1013	920
2404	1448209	299	811	929
2405	1448867	100	781	922
2406	1449784	179	815	937
2407	1450242	120	832	915
2408	1450382	279	797	921
2409	1450681	140	792	858
2410	1451538	140	796	907
2411	1451698	159	810	905
2412	1451977	120	793	896
2413	1452276	180	785	924
2414	1452515	140	766	932
2415	1452695	140	827	924
2416	1452874	120	804	923
2417	1453372	120	841	921
2418	1453672	120	822	912
2419	1454429	140	776	808
2420	1454688	100	766	803
2421	1454828	160	783	800
2422	1456981	140	836	931
2423	1457579	100	780	922
2424	1458297	100	780	944
2425	1460052	100	835	952
2426	1460171	120	851	945
2427	1460410	120	797	957
2428	1460550	100	781	943
2429	1460789	100	872	920
2430	1461706	139	797	944
2431	1462185	100	846	933
2432	1462564	199	824	939
2433	1462823	179	798	935
2434	1463082	180	827	932
2435	1463521	140	823	945
2436	1463880	379	775	941
2437	1464278	279	823	944
2438	1464577	379	778	953
2439	1465594	239	753	949
2440	1466093	179	804	948
2441	1466292	399	815	924
2442	1466910	180	762	933
2443	1467130	120	763	941
2444	1467688	140	824	931
2445	1468106	100	831	934
2446	1469642	120	799	945
2447	1469901	100	838	957
2448	1470020	339	829	944
2449	1470519	140	818	914
2450	1470818	100	788	917
2451	1471137	219	776	944
2452	1471416	140	781	938
2453	1471675	179	826	956
2454	1471934	219	802	932
2455	1472213	180	837	952
2456	1472453	199	799	954
2457	1472692	419	785	952
2458	1474646	120	216	261
2459	1475483	339	75	237
2460	1475842	159	74	242
2461	1476281	239	277	238
2462	1476899	160	499	220
2463	1477258	100	276	239
2464	1477517	159	89	245
2465	1481624	120	812	695
2466	1484794	120	132	238
2467	1484934	160	130	247
2468	1485452	120	285	227
2469	1485691	578	104	247
2470	1486349	319	139	240
2471	1487127	100	183	637
2472	1488522	100	123	559
2473	1488642	100	212	663
2474	1489220	100	163	701
2475	1491413	259	133	568
2476	1492689	100	146	585
2477	1492968	160	162	593
2478	1494244	100	169	627
2479	1494862	120	240	727
2480	1497275	159	274	737
2481	1499249	120	216	711
2482	1500644	160	158	247
2483	1501123	100	265	238
2484	1502239	120	858	722
2485	1503675	140	812	746
2486	1505489	140	279	237
2487	1507024	319	660	236
2488	1507483	778	658	227
2489	1508280	239	653	223
2490	1508560	179	649	221
2491	1508779	120	664	220
2492	1510134	199	592	201
2493	1510394	120	589	199
2494	1510533	279	590	191
2495	1511231	100	338	255
2496	1511909	100	680	212
2497	1512188	140	644	218
2498	1512407	120	680	230
2499	1512766	120	721	218
2500	1513384	100	851	195
2501	1513803	120	728	213
2502	1514282	100	594	249
2503	1514441	120	516	242
2504	1515059	100	824	198
2505	1515976	140	371	238
2506	1516873	140	575	196
2507	1517133	140	579	184
2508	1517631	120	309	244
2509	1517790	120	328	241
2510	1520522	100	347	216
2511	1520781	100	116	221
2512	1523094	120	244	265
2513	1523632	100	156	306
2514	1524290	239	810	1000
2515	1524848	100	1216	977
2516	1525227	120	844	982
2517	1525367	139	846	967
2518	1525526	180	778	1006
2519	1525965	140	162	87
2520	1526124	379	57	247
2521	1526922	120	584	170
2522	1527261	179	579	190
2523	1528557	139	151	325
2524	1528876	120	160	352
2525	1529614	140	768	977
2526	1529773	179	808	1008
2527	1530511	100	1190	988
2528	1530710	120	929	982
2529	1531109	459	862	986
2530	1531906	160	1135	974
2531	1532086	120	1154	972
2532	1532903	120	337	987
2533	1533122	140	609	997
2534	1533980	139	272	18
2535	1534379	179	1243	64
2536	1534578	120	1225	95
2537	1534837	120	354	184
2538	1536751	140	132	315
2539	1537668	100	1135	761
2540	1537848	100	1158	966
2541	1537967	179	1161	979
2542	1538246	179	884	976
2543	1538486	179	854	979
2544	1538685	100	917	975
2545	1539144	100	609	301
2546	1540101	100	104	692
2547	1540998	100	1343	388
2548	1541337	100	666	229
2549	1544128	120	318	162
2550	1544447	199	125	78
2551	1544706	140	170	51
2552	1545005	179	210	60
2553	1545205	179	354	235
2554	1546919	219	464	422
2555	1547318	100	451	415
2556	1547617	179	144	436
2557	1548674	120	307	231
2558	1548813	100	403	144
2559	1549152	299	464	91
2560	1549511	120	418	81
2561	1550089	100	1010	94
2562	1550887	120	1190	90
2563	1551066	219	1088	97
2564	1551306	180	1076	94
2565	1552063	100	1208	994
2566	1552860	100	1260	44
2567	1552980	100	1271	14
2568	1555592	139	249	717
2569	1556150	259	324	78
2570	1556529	140	284	43
2571	1556728	279	243	40
2572	1558124	120	1186	766
2573	1559041	120	701	408
2574	1561514	120	431	235
2575	1562470	120	488	471
2576	1563049	160	667	32
2577	1563527	140	643	305
2578	1563746	140	666	207
2579	1564305	100	624	91
2580	1564803	120	690	422
2581	1565302	120	656	484
