17	1	-1280	-1024	0.698	0.836	-1.000	-1.000	4	-1280	-1024	0.487	0.864	-1.000	-1.000	4
37	2	-1280	-1024	-1.000	-1.000	-1.000	-1.000	4	-1280	-1024	-1.000	-1.000	-1.000	-1.000	4
57	3	807	762	0.699	0.836	850.041	3.612	0	821	778	0.488	0.864	850.325	3.040	0
77	4	-1280	-1024	0.488	0.864	-1.000	-1.000	4	831	961	0.488	0.864	850.325	3.672	0
97	5	844	763	0.700	0.837	850.041	3.288	0	788	824	0.488	0.865	850.325	3.089	0
117	6	844	763	0.699	0.837	849.128	3.284	0	780	900	0.488	0.865	851.669	3.321	0
137	7	663	592	0.701	0.835	849.128	3.268	0	654	496	0.490	0.863	851.669	2.786	0
157	8	609	513	0.702	0.835	849.128	3.074	0	641	546	0.491	0.863	851.669	2.880	0
177	9	621	504	0.702	0.836	849.128	3.135	0	630	538	0.491	0.863	851.669	2.814	0
197	10	619	526	0.703	0.836	849.128	3.077	0	637	565	0.491	0.863	851.669	2.963	0
217	11	617	525	0.702	0.836	850.934	3.104	0	631	567	0.491	0.863	853.155	2.974	0
237	12	609	504	0.703	0.836	850.934	3.051	0	629	521	0.491	0.863	853.155	2.801	0
257	13	663	563	0.704	0.836	850.934	2.969	0	645	571	0.493	0.863	853.155	2.826	0
277	14	630	558	0.705	0.836	850.934	3.202	0	652	567	0.494	0.863	853.155	2.809	0
328	15	422	264	0.705	0.834	850.934	2.880	0	480	275	0.494	0.861	853.155	2.784	0
329	16	475	268	0.708	0.833	852.852	2.934	0	525	287	0.498	0.859	848.700	2.777	0
356	17	-1280	-1024	-1.000	-1.000	-1.000	-1.000	4	-1280	-1024	-1.000	-1.000	-1.000	-1.000	4
376	18	-1280	-1024	-1.000	-1.000	-1.000	-1.000	4	-1280	-1024	-1.000	-1.000	-1.000	-1.000	4
396	19	146	93	0.710	0.833	852.852	2.952	0	204	114	0.499	0.858	848.700	2.686	0
416	20	173	71	0.710	0.833	852.852	2.915	0	178	142	0.499	0.858	848.700	2.684	0
436	21	175	78	0.711	0.834	849.671	2.904	0	177	136	0.500	0.859	851.560	2.693	0
456	22	162	79	0.711	0.834	849.671	2.941	0	180	102	0.500	0.859	851.560	2.564	0
476	23	143	89	0.711	0.834	849.671	2.884	0	191	110	0.500	0.859	851.560	2.719	0
496	24	156	134	0.711	0.834	849.671	2.955	0	158	89	0.499	0.859	851.560	2.559	0
516	25	178	91	0.710	0.834	849.671	2.790	0	175	72	0.499	0.859	851.560	2.687	0
536	26	194	105	0.711	0.834	850.628	2.785	0	159	70	0.500	0.859	850.158	2.619	0
556	27	-1280	-1024	-1.000	-1.000	-1.000	-1.000	4	-1280	-1024	-1.000	-1.000	-1.000	-1.000	4
576	28	-1280	-1024	-1.000	-1.000	-1.000	-1.000	4	-1280	-1024	-1.000	-1.000	-1.000	-1.000	4
596	29	162	99	0.711	0.834	850.628	2.859	0	-1280	-1024	0.711	0.834	-1.000	-1.000	4
615	30	180	111	0.711	0.834	850.628	2.794	0	177	109	0.500	0.859	850.158	2.566	0
635	31	179	110	0.711	0.834	851.420	2.796	0	177	108	0.500	0.859	850.381	2.566	0
655	32	169	91	0.711	0.833	851.420	2.838	0	172	107	0.500	0.858	850.381	2.554	0
675	33	165	93	0.711	0.833	851.420	2.774	0	-1280	-1024	0.711	0.833	-1.000	-1.000	4
695	34	175	109	0.711	0.833	851.420	2.733	0	175	70	0.500	0.858	850.381	2.624	0
715	35	166	117	0.711	0.833	851.420	2.750	0	194	81	0.500	0.859	850.381	2.581	0
735	36	169	126	0.711	0.833	850.682	2.725	0	196	85	0.500	0.859	848.646	2.576	0
755	37	235	99	0.710	0.833	850.682	2.720	0	231	51	0.500	0.858	848.646	2.583	0
775	38	214	71	0.710	0.833	850.682	2.829	0	248	74	0.499	0.858	848.646	2.531	0
795	39	227	94	0.710	0.833	850.682	2.855	0	227	53	0.499	0.859	848.646	2.583	0
815	40	221	101	0.710	0.833	850.682	2.820	0	254	63	0.499	0.859	848.646	2.580	0
835	41	222	87	0.710	0.833	853.602	2.835	0	248	70	0.499	0.859	848.420	2.566	0
855	42	247	48	0.710	0.833	853.602	2.799	0	251	42	0.499	0.859	848.420	2.616	0
875	43	228	38	0.710	0.833	853.602	2.798	0	-1280	-1024	0.710	0.833	-1.000	-1.000	4
895	44	229	57	0.710	0.833	853.602	2.848	0	249	59	0.499	0.859	848.420	2.612	0
915	45	226	60	0.710	0.833	853.602	2.868	0	231	45	0.500	0.859	848.420	2.587	0
934	46	229	67	0.711	0.833	850.815	2.879	0	230	41	0.500	0.859	850.238	2.592	0
954	47	249	57	0.711	0.833	850.815	2.904	0	249	67	0.500	0.859	850.238	2.540	0
974	48	229	23	0.711	0.834	850.815	2.845	0	247	54	0.500	0.859	850.238	2.617	0
994	49	251	49	0.711	0.834	850.815	2.864	0	236	57	0.500	0.859	850.238	2.596	0
1014	50	103	64	0.712	0.833	850.815	2.849	0	123	61	0.501	0.859	850.238	2.681	0
1034	51	86	51	0.712	0.833	851.557	2.859	0	110	62	0.501	0.859	847.295	2.686	0
1054	52	16	127	0.712	0.833	851.557	3.134	0	-1280	-1024	0.712	0.833	-1.000	-1.000	4
1074	53	-1280	-1024	0.500	0.858	-1.000	-1.000	4	63	48	0.500	0.858	847.295	2.660	0
1094	54	47	-1	0.711	0.833	851.557	2.923	0	51	41	0.500	0.858	847.295	2.611	0
1114	55	18	64	0.711	0.833	851.557	2.962	0	120	75	0.500	0.858	847.295	2.693	0
1134	56	18	63	0.711	0.833	852.149	2.964	0	135	80	0.501	0.858	847.913	2.689	0
1154	57	69	47	0.711	0.833	852.149	2.885	0	64	53	0.500	0.858	847.913	2.763	0
1174	58	62	41	0.711	0.833	852.149	2.938	0	60	41	0.500	0.858	847.913	2.662	0
1194	59	32	26	0.711	0.833	852.149	2.929	0	77	57	0.500	0.859	847.913	2.581	0
1214	60	54	53	0.711	0.833	852.149	2.922	0	66	43	0.500	0.859	847.913	2.593	0
1234	61	46	48	0.711	0.833	851.944	2.915	0	67	52	0.500	0.859	846.935	2.602	0
1253	62	40	68	0.711	0.833	851.944	2.812	0	67	61	0.500	0.859	846.935	2.639	0
1273	63	32	76	0.711	0.833	851.944	2.943	0	65	85	0.500	0.859	846.935	2.692	0
1293	64	23	79	0.711	0.833	851.944	2.936	0	30	66	0.500	0.859	846.935	2.551	0
1313	65	34	64	0.711	0.834	851.944	2.878	0	33	60	0.500	0.860	846.935	2.624	0
1333	66	35	75	0.710	0.835	849.236	2.938	0	35	64	0.499	0.860	848.666	2.619	0
1353	67	356	314	0.707	0.837	849.236	2.954	0	421	408	0.497	0.863	848.666	2.963	0
1373	68	385	526	0.707	0.838	849.236	2.975	0	408	498	0.497	0.864	848.666	2.648	0
1393	69	371	547	0.707	0.837	849.236	3.044	0	434	551	0.496	0.864	848.666	2.735	0
1413	70	404	543	0.706	0.837	849.236	2.987	0	386	663	0.495	0.864	848.666	3.306	0
1433	71	405	540	0.706	0.837	847.991	3.009	0	387	733	0.495	0.864	850.737	3.206	0
1453	72	394	548	0.705	0.837	847.991	2.989	0	421	566	0.494	0.864	850.737	2.817	0
1473	73	385	555	0.704	0.837	847.991	3.129	0	-1280	-1024	0.704	0.837	-1.000	-1.000	4
1493	74	323	660	0.704	0.837	847.991	3.008	0	342	726	0.493	0.865	850.737	3.136	0
1513	75	398	695	0.703	0.837	847.991	3.361	0	-1280	-1024	0.703	0.837	-1.000	-1.000	4
1533	76	380	728	0.704	0.837	851.430	3.412	0	-1280	-1024	0.493	0.865	-1.000	-1.000	4
1553	77	333	671	0.704	0.837	851.430	3.190	0	342	500	0.493	0.865	848.544	2.586	0
1572	78	310	614	0.703	0.837	851.430	3.054	0	-1280	-1024	0.703	0.837	-1.000	-1.000	4
1592	79	313	649	0.703	0.837	851.430	3.066	0	359	542	0.492	0.865	848.544	2.785	0
1612	80	333	673	0.703	0.837	851.430	3.212	0	373	559	0.492	0.865	848.544	2.767	0
1632	81	341	651	0.705	0.837	854.341	3.160	0	373	554	0.493	0.865	852.407	2.779	0
1652	82	371	668	0.705	0.837	854.341	3.236	0	350	622	0.494	0.865	852.407	2.918	0
1672	83	353	708	0.704	0.837	854.341	3.334	0	342	607	0.493	0.865	852.407	3.095	0
1692	84	316	665	0.704	0.837	854.341	3.104	0	336	796	0.493	0.865	852.407	3.341	0
1712	85	360	717	0.705	0.838	854.341	3.472	0	310	644	0.493	0.865	852.407	3.059	0
1732	86	349	706	0.706	0.838	854.167	3.441	0	299	687	0.494	0.865	849.914	3.120	0
1752	87	305	674	0.706	0.837	854.167	3.212	0	313	751	0.494	0.864	849.914	3.274	0
1772	88	-1280	-1024	-1.000	-1.000	-1.000	-1.000	4	-1280	-1024	-1.000	-1.000	-1.000	-1.000	4
1792	89	-1280	-1024	-1.000	-1.000	-1.000	-1.000	4	-1280	-1024	-1.000	-1.000	-1.000	-1.000	4
1812	90	-1280	-1024	-1.000	-1.000	-1.000	-1.000	4	-1280	-1024	-1.000	-1.000	-1.000	-1.000	4
1832	91	-1280	-1024	-1.000	-1.000	-1.000	-1.000	4	-1280	-1024	-1.000	-1.000	-1.000	-1.000	4
1852	92	-1280	-1024	0.493	0.862	-1.000	-1.000	4	264	597	0.493	0.862	849.914	2.891	0
1872	93	-1280	-1024	0.493	0.862	-1.000	-1.000	4	309	588	0.493	0.862	849.914	2.925	0
1891	94	-1280	-1024	0.705	0.834	-1.000	-1.000	4	310	590	0.494	0.862	848.254	2.919	0
1911	95	322	692	0.704	0.834	856.889	3.156	0	261	543	0.493	0.861	848.254	2.634	0
1931	96	311	653	0.703	0.834	856.889	3.121	0	304	654	0.492	0.861	848.254	2.797	0
1951	97	343	703	0.703	0.834	856.889	3.322	0	307	676	0.492	0.861	848.254	2.982	0
1971	98	279	589	0.703	0.834	856.889	2.995	0	-1280	-1024	0.703	0.834	-1.000	-1.000	4
1991	99	279	586	0.703	0.834	855.307	3.008	0	-1280	-1024	0.492	0.861	-1.000	-1.000	4
2011	100	362	635	0.703	0.834	855.307	3.121	0	388	636	0.492	0.861	853.523	2.783	0
2031	101	402	651	0.702	0.834	855.307	3.069	0	399	553	0.491	0.861	853.523	2.837	0
2051	102	360	588	0.702	0.834	855.307	2.995	0	410	528	0.491	0.861	853.523	2.679	0
2071	103	368	636	0.702	0.834	855.307	2.994	0	-1280	-1024	0.702	0.834	-1.000	-1.000	4
2091	104	376	629	0.703	0.834	854.639	2.990	0	-1280	-1024	0.492	0.861	-1.000	-1.000	4
2111	105	384	679	0.703	0.834	854.639	3.054	0	340	554	0.492	0.861	852.212	2.764	0
2131	106	337	544	0.702	0.834	854.639	2.807	0	424	618	0.491	0.860	852.212	2.813	0
2151	107	376	584	0.702	0.834	854.639	2.997	0	383	808	0.491	0.860	852.212	3.317	0
2171	108	419	693	0.702	0.834	854.639	3.269	0	403	641	0.492	0.860	852.212	2.722	0
2191	109	334	635	0.703	0.834	855.967	3.217	0	382	711	0.493	0.860	852.935	2.871	0
2211	110	392	595	0.703	0.834	855.967	3.015	0	453	604	0.493	0.860	852.935	2.582	0
2230	111	368	574	0.703	0.834	855.967	3.110	0	-1280	-1024	0.703	0.834	-1.000	-1.000	4
2250	112	350	613	0.703	0.834	855.967	3.240	0	-1280	-1024	0.703	0.834	-1.000	-1.000	4
2270	113	393	675	0.703	0.834	855.967	3.074	0	424	524	0.492	0.860	852.935	2.672	0
2290	114	394	680	0.704	0.834	856.917	3.108	0	424	519	0.493	0.860	856.558	2.683	0
2310	115	453	677	0.703	0.834	856.917	3.125	0	509	662	0.492	0.860	856.558	2.877	0
2330	116	810	576	0.699	0.834	856.917	2.971	0	860	622	0.489	0.860	856.558	2.760	0
2350	117	1068	618	0.698	0.834	856.917	2.924	0	1012	668	0.487	0.860	856.558	2.754	0
2370	118	920	670	0.697	0.834	856.917	3.149	0	1045	613	0.487	0.861	856.558	2.587	0
2390	119	1026	639	0.698	0.834	847.733	3.030	0	1081	626	0.487	0.861	856.719	2.528	0
2410	120	1013	628	0.697	0.834	847.733	2.920	0	1039	601	0.487	0.861	856.719	2.715	0
2430	121	965	522	0.697	0.834	847.733	2.945	0	989	669	0.487	0.861	856.719	2.825	0
2450	122	981	659	0.697	0.835	847.733	2.971	0	994	633	0.486	0.862	856.719	2.755	0
2470	123	962	639	0.696	0.836	847.733	3.050	0	995	661	0.485	0.863	856.719	2.793	0
2490	124	960	619	0.694	0.836	849.297	3.085	0	995	646	0.484	0.864	857.281	2.761	0
2509	125	976	609	0.693	0.837	849.297	3.116	0	961	654	0.483	0.864	857.281	2.738	0
2530	126	1006	658	0.693	0.837	849.297	3.011	0	974	625	0.483	0.865	857.281	2.747	0
2549	127	978	695	0.692	0.838	849.297	3.052	0	973	687	0.482	0.866	857.281	2.703	0
2569	128	990	633	0.692	0.838	849.297	3.004	0	1021	636	0.481	0.866	857.281	2.710	0
2589	129	977	669	0.691	0.838	849.314	3.015	0	1037	634	0.480	0.866	858.983	2.722	0
2609	130	926	682	0.690	0.838	849.314	3.256	0	909	647	0.480	0.866	858.983	2.770	0
2629	131	-1280	-1024	0.481	0.866	-1.000	-1.000	4	925	636	0.481	0.866	858.983	2.660	0
2649	132	886	590	0.691	0.837	849.314	3.082	0	-1280	-1024	0.691	0.837	-1.000	-1.000	4
2669	133	850	494	0.691	0.837	849.314	2.847	0	890	717	0.481	0.865	858.983	3.101	0
2689	134	850	495	0.690	0.837	848.621	2.845	0	891	716	0.479	0.865	860.067	3.104	0
2709	135	897	642	0.689	0.837	848.621	3.086	0	928	608	0.479	0.865	860.067	2.782	0
2729	136	860	631	0.690	0.837	848.621	3.078	0	902	659	0.480	0.865	860.067	2.723	0
2749	137	895	545	0.690	0.837	848.621	3.115	0	941	699	0.480	0.865	860.067	2.977	0
2769	138	917	650	0.689	0.837	848.621	3.155	0	898	657	0.479	0.865	860.067	2.770	0
2789	139	933	622	0.688	0.837	849.850	3.171	0	910	670	0.478	0.865	859.584	2.801	0
2809	140	885	606	0.688	0.837	849.850	3.163	0	938	659	0.478	0.866	859.584	2.679	0
2829	141	918	678	0.688	0.837	849.850	3.189	0	932	617	0.478	0.866	859.584	2.656	0
2849	142	933	679	0.688	0.837	849.850	3.018	0	913	714	0.478	0.866	859.584	3.062	0
2868	143	923	627	0.688	0.837	849.850	2.906	0	928	665	0.478	0.866	859.584	2.830	0
2888	144	933	664	0.687	0.837	851.622	2.950	0	919	670	0.476	0.866	858.322	2.928	0
2908	145	928	581	0.687	0.837	851.622	3.032	0	922	530	0.476	0.866	858.322	2.582	0
2928	146	908	732	0.687	0.837	851.622	3.414	0	957	596	0.477	0.866	858.322	2.754	0
2948	147	903	604	0.687	0.837	851.622	3.057	0	963	584	0.477	0.866	858.322	2.694	0
2968	148	906	677	0.687	0.837	851.622	3.120	0	921	655	0.477	0.866	858.322	2.703	0
2988	149	904	618	0.686	0.837	849.208	3.220	0	911	668	0.476	0.866	860.513	2.719	0
3008	150	906	718	0.686	0.837	849.208	3.271	0	935	627	0.476	0.866	860.513	2.645	0
3028	151	923	587	0.687	0.837	849.208	2.995	0	913	587	0.476	0.866	860.513	2.618	0
3048	152	922	665	0.687	0.837	849.208	3.069	0	914	562	0.476	0.866	860.513	2.681	0
3068	153	927	653	0.687	0.838	849.208	2.983	0	928	618	0.476	0.866	860.513	2.683	0
3088	154	924	642	0.685	0.838	848.692	3.003	0	932	596	0.475	0.867	855.444	2.670	0
3108	155	958	663	0.685	0.838	848.692	3.142	0	1016	633	0.475	0.867	855.444	2.696	0
3128	156	975	618	0.686	0.838	848.692	2.983	0	999	653	0.476	0.867	855.444	2.774	0
3148	157	956	781	0.686	0.838	848.692	3.482	0	1004	680	0.476	0.867	855.444	2.956	0
3168	158	986	667	0.686	0.838	848.692	3.015	0	1017	546	0.476	0.867	855.444	2.672	0
3187	159	981	685	0.685	0.838	849.402	3.194	0	1026	553	0.475	0.867	857.474	2.761	0
3207	160	924	608	0.685	0.838	849.402	3.140	0	1033	569	0.475	0.867	857.474	2.728	0
3227	161	950	558	0.686	0.838	849.402	3.121	0	937	707	0.476	0.867	857.474	3.061	0
3247	162	-1280	-1024	-1.000	-1.000	-1.000	-1.000	4	-1280	-1024	-1.000	-1.000	-1.000	-1.000	4
3267	163	-1280	-1024	-1.000	-1.000	-1.000	-1.000	4	-1280	-1024	-1.000	-1.000	-1.000	-1.000	4
3287	164	-1280	-1024	-1.000	-1.000	-1.000	-1.000	4	-1280	-1024	-1.000	-1.000	-1.000	-1.000	4
3307	165	-1280	-1024	-1.000	-1.000	-1.000	-1.000	4	-1280	-1024	-1.000	-1.000	-1.000	-1.000	4
3327	166	-1280	-1024	-1.000	-1.000	-1.000	-1.000	4	-1280	-1024	-1.000	-1.000	-1.000	-1.000	4
3347	167	-1280	-1024	-1.000	-1.000	-1.000	-1.000	4	-1280	-1024	-1.000	-1.000	-1.000	-1.000	4
3367	168	-1280	-1024	0.476	0.865	-1.000	-1.000	4	1068	623	0.476	0.865	857.474	3.167	0
3387	169	1090	490	0.687	0.837	849.402	3.230	0	1021	622	0.476	0.865	857.474	2.703	0
3407	170	1089	493	0.686	0.836	846.987	3.221	0	1022	618	0.475	0.865	861.434	2.715	0
3427	171	-1280	-1024	-1.000	-1.000	-1.000	-1.000	4	-1280	-1024	-1.000	-1.000	-1.000	-1.000	4
3447	172	-1280	-1024	-1.000	-1.000	-1.000	-1.000	4	-1280	-1024	-1.000	-1.000	-1.000	-1.000	4
3467	173	-1280	-1024	-1.000	-1.000	-1.000	-1.000	4	-1280	-1024	-1.000	-1.000	-1.000	-1.000	4
3487	174	-1280	-1024	-1.000	-1.000	-1.000	-1.000	4	-1280	-1024	-1.000	-1.000	-1.000	-1.000	4
3506	175	-1280	-1024	0.685	0.837	-1.000	-1.000	4	-1280	-1024	0.474	0.865	-1.000	-1.000	4
3526	176	1039	593	0.685	0.837	857.817	2.978	0	1080	641	0.474	0.865	859.711	2.795	0
3546	177	-1280	-1024	-1.000	-1.000	-1.000	-1.000	4	-1280	-1024	-1.000	-1.000	-1.000	-1.000	4
3566	178	1039	589	0.685	0.837	857.817	3.034	0	1106	541	0.475	0.865	859.711	2.740	0
3586	179	759	494	0.687	0.836	857.817	3.146	0	908	476	0.477	0.865	859.711	2.854	0
3606	180	794	484	0.689	0.836	854.042	3.169	0	962	429	0.479	0.864	855.963	2.830	0
3626	181	346	561	0.690	0.836	854.042	3.107	0	344	517	0.480	0.864	855.963	2.784	0
3646	182	-1280	-1024	0.481	0.864	-1.000	-1.000	4	339	571	0.481	0.864	855.963	2.824	0
3666	183	290	545	0.691	0.836	854.042	2.907	0	385	596	0.481	0.864	855.963	2.872	0
3686	184	309	524	0.691	0.836	854.042	2.870	0	329	523	0.481	0.864	855.963	2.657	0
3706	185	310	525	0.690	0.836	853.462	2.868	0	336	552	0.481	0.864	860.077	2.691	0
3726	186	328	501	0.691	0.836	853.462	2.964	0	304	512	0.481	0.864	860.077	2.795	0
3746	187	352	551	0.690	0.836	853.462	3.029	0	-1280	-1024	0.690	0.836	-1.000	-1.000	4
3766	188	335	621	0.689	0.836	853.462	3.024	0	386	555	0.480	0.865	860.077	2.692	0
3786	189	334	574	0.689	0.836	853.462	2.975	0	-1280	-1024	0.689	0.836	-1.000	-1.000	4
3806	190	335	604	0.690	0.836	854.141	3.010	0	-1280	-1024	0.480	0.865	-1.000	-1.000	4
3825	191	364	591	0.690	0.836	854.141	3.012	0	366	649	0.480	0.865	861.069	2.938	0
3845	192	371	607	0.689	0.836	854.141	3.044	0	421	541	0.479	0.865	861.069	2.813	0
3865	193	383	644	0.689	0.836	854.141	3.044	0	415	641	0.479	0.865	861.069	2.808	0
3885	194	342	572	0.688	0.836	854.141	2.914	0	-1280	-1024	0.688	0.836	-1.000	-1.000	4
3905	195	337	588	0.689	0.836	853.852	2.921	0	-1280	-1024	0.480	0.865	-1.000	-1.000	4
3925	196	312	614	0.689	0.836	853.852	3.223	0	435	600	0.479	0.865	860.018	2.739	0
3945	197	368	587	0.688	0.836	853.852	2.870	0	378	598	0.478	0.865	860.018	2.791	0
3965	198	355	597	0.688	0.836	853.852	3.033	0	380	633	0.478	0.865	860.018	2.752	0
3985	199	294	610	0.688	0.835	853.852	2.977	0	273	629	0.479	0.865	860.018	2.805	0
4005	200	264	596	0.689	0.836	856.012	3.074	0	240	631	0.480	0.865	854.792	2.779	0
4025	201	315	668	0.689	0.835	856.012	3.048	0	292	575	0.480	0.865	854.792	2.755	0
4045	202	318	641	0.688	0.836	856.012	3.054	0	293	636	0.479	0.865	854.792	2.782	0
4065	203	313	663	0.688	0.836	856.012	3.007	0	294	676	0.479	0.865	854.792	2.887	0
4085	204	304	642	0.688	0.836	856.012	3.045	0	-1280	-1024	0.688	0.836	-1.000	-1.000	4
4105	205	297	647	0.689	0.835	858.949	3.046	0	-1280	-1024	0.479	0.865	-1.000	-1.000	4
4125	206	255	435	0.689	0.833	858.949	3.129	0	312	375	0.480	0.862	858.160	2.653	0
4144	207	221	195	0.688	0.831	858.949	2.980	0	223	215	0.479	0.860	858.160	2.839	0
4164	208	187	170	0.688	0.831	858.949	2.958	0	260	177	0.479	0.860	858.160	2.649	0
4184	209	210	138	0.688	0.831	858.949	2.981	0	252	173	0.479	0.860	858.160	2.646	0
4204	210	193	105	0.689	0.830	861.443	2.983	0	244	170	0.480	0.860	858.027	2.691	0
4224	211	226	177	0.689	0.830	861.443	2.986	0	230	205	0.480	0.859	858.027	2.836	0
4244	212	243	196	0.688	0.830	861.443	3.051	0	258	139	0.479	0.859	858.027	2.758	0
4264	213	236	131	0.688	0.829	861.443	2.971	0	239	161	0.479	0.859	858.027	2.683	0
4284	214	212	168	0.688	0.829	861.443	2.852	0	-1280	-1024	0.688	0.829	-1.000	-1.000	4
4304	215	205	179	0.690	0.829	852.269	2.824	0	-1280	-1024	0.481	0.858	-1.000	-1.000	4
4324	216	-1280	-1024	-1.000	-1.000	-1.000	-1.000	4	-1280	-1024	-1.000	-1.000	-1.000	-1.000	4
4344	217	-1280	-1024	-1.000	-1.000	-1.000	-1.000	4	-1280	-1024	-1.000	-1.000	-1.000	-1.000	4
4364	218	-1280	-1024	-1.000	-1.000	-1.000	-1.000	4	-1280	-1024	-1.000	-1.000	-1.000	-1.000	4
4384	219	-1280	-1024	-1.000	-1.000	-1.000	-1.000	4	-1280	-1024	-1.000	-1.000	-1.000	-1.000	4
4404	220	-1280	-1024	0.690	0.828	-1.000	-1.000	4	-1280	-1024	0.481	0.858	-1.000	-1.000	4
4424	221	228	241	0.690	0.828	856.907	3.003	0	222	210	0.481	0.858	855.135	2.664	0
4444	222	210	203	0.690	0.828	856.907	2.956	0	-1280	-1024	0.690	0.828	-1.000	-1.000	4
4463	223	219	194	0.689	0.828	856.907	2.860	0	265	221	0.480	0.858	855.135	2.702	0
4483	224	237	255	0.690	0.828	856.907	2.953	0	242	203	0.481	0.857	855.135	2.598	0
4503	225	190	229	0.690	0.828	859.577	2.929	0	242	201	0.481	0.857	856.490	2.602	0
4523	226	219	212	0.690	0.827	859.577	3.012	0	215	174	0.481	0.857	856.490	2.677	0
4543	227	223	210	0.690	0.827	859.577	2.917	0	234	205	0.481	0.857	856.490	2.656	0
4563	228	213	194	0.690	0.827	859.577	2.884	0	220	206	0.481	0.857	856.490	2.610	0
4583	229	254	280	0.690	0.827	859.577	3.048	0	263	180	0.481	0.857	856.490	2.724	0
4603	230	259	283	0.690	0.827	858.826	2.992	0	264	191	0.481	0.857	859.144	2.715	0
4623	231	197	259	0.691	0.827	858.826	2.989	0	186	228	0.482	0.857	859.144	2.695	0
4643	232	25	195	0.691	0.826	858.826	3.050	0	69	239	0.482	0.856	859.144	2.685	0
4663	233	-8	208	0.691	0.826	858.826	2.961	0	100	233	0.482	0.856	859.144	2.804	0
4683	234	43	225	0.691	0.826	858.826	2.980	0	45	236	0.483	0.857	859.144	2.809	0
4703	235	36	193	0.693	0.826	860.991	2.995	0	49	235	0.484	0.857	858.279	2.813	0
4723	236	34	151	0.693	0.826	860.991	3.181	0	13	199	0.484	0.856	858.279	2.733	0
4743	237	70	246	0.692	0.826	860.991	2.922	0	66	222	0.484	0.856	858.279	2.647	0
4763	238	-1280	-1024	-1.000	-1.000	-1.000	-1.000	4	-1280	-1024	-1.000	-1.000	-1.000	-1.000	4
4782	239	-1280	-1024	-1.000	-1.000	-1.000	-1.000	4	-1280	-1024	-1.000	-1.000	-1.000	-1.000	4
4802	240	-1280	-1024	0.695	0.826	-1.000	-1.000	4	-1280	-1024	0.486	0.856	-1.000	-1.000	4
4822	241	-1280	-1024	-1.000	-1.000	-1.000	-1.000	4	-1280	-1024	-1.000	-1.000	-1.000	-1.000	4
4842	242	-1280	-1024	-1.000	-1.000	-1.000	-1.000	4	-1280	-1024	-1.000	-1.000	-1.000	-1.000	4
4862	243	-1280	-1024	-1.000	-1.000	-1.000	-1.000	4	-1280	-1024	-1.000	-1.000	-1.000	-1.000	4
4882	244	-1280	-1024	-1.000	-1.000	-1.000	-1.000	4	-1280	-1024	-1.000	-1.000	-1.000	-1.000	4
4902	245	-1280	-1024	-1.000	-1.000	-1.000	-1.000	4	-1280	-1024	-1.000	-1.000	-1.000	-1.000	4
4922	246	-1280	-1024	0.488	0.851	-1.000	-1.000	4	73	81	0.488	0.851	856.223	2.929	0
4942	247	-1280	-1024	-1.000	-1.000	-1.000	-1.000	4	-1280	-1024	-1.000	-1.000	-1.000	-1.000	4
4962	248	-1280	-1024	0.699	0.821	-1.000	-1.000	4	-1280	-1024	0.490	0.851	-1.000	-1.000	4
4982	249	26	196	0.699	0.821	866.964	3.022	0	-1280	-1024	0.699	0.821	-1.000	-1.000	4
5002	250	33	193	0.699	0.820	866.964	3.052	0	49	166	0.490	0.850	860.458	2.747	0
5022	251	61	231	0.699	0.820	866.964	2.945	0	42	174	0.490	0.850	860.458	2.724	0
5042	252	44	199	0.699	0.820	866.964	3.059	0	56	173	0.490	0.850	860.458	2.797	0
5062	253	66	221	0.698	0.820	859.902	3.001	0	55	168	0.489	0.850	861.900	2.810	0
5082	254	49	233	0.698	0.821	859.902	3.068	0	67	208	0.489	0.850	861.900	2.735	0
5101	255	75	229	0.698	0.821	859.902	3.005	0	42	219	0.489	0.851	861.900	2.736	0
5121	256	164	199	0.696	0.821	859.902	3.184	0	182	199	0.487	0.851	861.900	2.789	0
5141	257	220	228	0.696	0.821	859.902	3.101	0	229	180	0.487	0.851	861.900	2.746	0
5161	258	265	213	0.696	0.820	861.707	3.124	0	279	186	0.487	0.851	858.404	2.750	0
5181	259	-1280	-1024	-1.000	-1.000	-1.000	-1.000	4	-1280	-1024	-1.000	-1.000	-1.000	-1.000	4
5201	260	-1280	-1024	-1.000	-1.000	-1.000	-1.000	4	-1280	-1024	-1.000	-1.000	-1.000	-1.000	4
5221	261	-1280	-1024	-1.000	-1.000	-1.000	-1.000	4	-1280	-1024	-1.000	-1.000	-1.000	-1.000	4
5241	262	-1280	-1024	-1.000	-1.000	-1.000	-1.000	4	-1280	-1024	-1.000	-1.000	-1.000	-1.000	4
5261	263	-1280	-1024	0.695	0.820	-1.000	-1.000	4	-1280	-1024	0.486	0.851	-1.000	-1.000	4
5281	264	-1280	-1024	-1.000	-1.000	-1.000	-1.000	4	-1280	-1024	-1.000	-1.000	-1.000	-1.000	4
5301	265	-1280	-1024	0.485	0.851	-1.000	-1.000	4	281	204	0.485	0.851	860.816	3.030	0
5321	266	261	176	0.694	0.821	864.901	3.264	0	253	253	0.485	0.851	860.816	2.931	0
5341	267	229	221	0.694	0.821	864.901	3.281	0	-1280	-1024	0.694	0.821	-1.000	-1.000	4
5361	268	231	231	0.695	0.821	859.682	3.261	0	-1280	-1024	0.486	0.851	-1.000	-1.000	4
5381	269	261	221	0.695	0.821	859.682	3.082	0	247	208	0.486	0.851	860.805	2.783	0
5401	270	159	241	0.695	0.821	859.682	3.148	0	158	210	0.487	0.851	860.805	2.871	0
5420	271	146	206	0.696	0.821	859.682	3.181	0	160	236	0.487	0.851	860.805	2.787	0
5440	272	181	248	0.695	0.821	859.682	3.059	0	188	213	0.486	0.851	860.805	2.903	0
5460	273	150	237	0.695	0.821	860.443	3.101	0	153	219	0.487	0.851	861.101	2.886	0
5480	274	160	302	0.695	0.821	860.443	3.287	0	191	212	0.486	0.851	861.101	2.918	0
5500	275	132	241	0.694	0.821	860.443	3.258	0	192	181	0.486	0.851	861.101	2.862	0
5520	276	156	302	0.695	0.821	860.443	3.379	0	169	183	0.486	0.852	861.101	2.812	0
5540	277	193	213	0.695	0.821	860.443	3.380	0	145	209	0.486	0.852	861.101	2.841	0
5560	278	219	218	0.696	0.822	863.751	3.394	0	123	193	0.487	0.852	860.792	2.817	0
5580	279	-1280	-1024	-1.000	-1.000	-1.000	-1.000	4	-1280	-1024	-1.000	-1.000	-1.000	-1.000	4
5600	280	-1280	-1024	-1.000	-1.000	-1.000	-1.000	4	-1280	-1024	-1.000	-1.000	-1.000	-1.000	4
5620	281	-1280	-1024	-1.000	-1.000	-1.000	-1.000	4	-1280	-1024	-1.000	-1.000	-1.000	-1.000	4
5640	282	-1280	-1024	-1.000	-1.000	-1.000	-1.000	4	-1280	-1024	-1.000	-1.000	-1.000	-1.000	4
5660	283	-1280	-1024	0.696	0.822	-1.000	-1.000	4	-1280	-1024	0.487	0.852	-1.000	-1.000	4
5680	284	72	220	0.697	0.822	863.041	3.180	0	86	187	0.488	0.852	860.123	2.665	0
5700	285	63	232	0.697	0.822	863.041	3.138	0	-1280	-1024	0.697	0.822	-1.000	-1.000	4
5719	286	78	217	0.696	0.822	863.041	3.231	0	-1280	-1024	0.696	0.822	-1.000	-1.000	4
5739	287	-1280	-1024	-1.000	-1.000	-1.000	-1.000	4	-1280	-1024	-1.000	-1.000	-1.000	-1.000	4
5759	288	-1280	-1024	0.697	0.822	-1.000	-1.000	4	-1280	-1024	0.488	0.852	-1.000	-1.000	4
5779	289	48	221	0.697	0.822	862.755	3.165	0	103	240	0.488	0.852	856.918	2.780	0
5799	290	70	260	0.696	0.822	862.755	3.081	0	96	224	0.487	0.852	856.918	2.682	0
5819	291	44	265	0.696	0.822	862.755	3.197	0	66	197	0.487	0.852	856.918	2.733	0
5839	292	92	269	0.696	0.822	862.755	3.172	0	107	185	0.487	0.852	856.918	2.915	0
5859	293	89	268	0.697	0.822	864.040	3.164	0	100	169	0.488	0.852	856.942	2.890	0
5879	294	32	206	0.697	0.822	864.040	3.107	0	104	205	0.488	0.852	856.942	2.692	0
5899	295	184	132	0.696	0.821	864.040	3.096	0	-1280	-1024	0.696	0.821	-1.000	-1.000	4
5919	296	223	62	0.696	0.821	864.040	3.072	0	218	57	0.488	0.851	856.942	2.701	0
5939	297	211	55	0.696	0.821	864.040	3.079	0	217	45	0.488	0.851	856.942	2.647	0
5959	298	202	51	0.697	0.821	862.341	3.079	0	219	49	0.488	0.851	855.137	2.641	0
5979	299	-1280	-1024	-1.000	-1.000	-1.000	-1.000	4	-1280	-1024	-1.000	-1.000	-1.000	-1.000	4
5999	300	223	41	0.696	0.821	862.341	3.361	0	-1280	-1024	0.696	0.821	-1.000	-1.000	4
6019	301	-1280	-1024	0.487	0.851	-1.000	-1.000	4	258	60	0.487	0.851	855.137	2.733	0
6039	302	229	44	0.696	0.821	862.341	3.102	0	233	45	0.487	0.851	855.137	2.713	0
6058	303	231	54	0.697	0.821	858.005	3.087	0	232	41	0.488	0.851	856.894	2.718	0
6078	304	209	83	0.697	0.821	858.005	3.144	0	231	45	0.488	0.851	856.894	2.751	0
6098	305	220	55	0.696	0.821	858.005	3.193	0	223	102	0.487	0.851	856.894	2.694	0
6118	306	231	63	0.697	0.821	858.005	3.085	0	206	36	0.488	0.851	856.894	2.616	0
6138	307	199	38	0.697	0.822	858.005	3.107	0	218	45	0.488	0.851	856.894	2.647	0
6158	308	175	30	0.696	0.821	860.178	3.109	0	180	53	0.488	0.851	857.548	2.607	0
6178	309	270	9	0.696	0.821	860.178	3.122	0	238	28	0.487	0.851	857.548	2.674	0
6198	310	266	6	0.696	0.821	860.178	3.137	0	262	13	0.487	0.851	857.548	2.713	0
6218	311	266	43	0.696	0.821	860.178	3.109	0	255	22	0.487	0.851	857.548	2.739	0
6238	312	301	88	0.696	0.821	860.178	3.084	0	277	86	0.487	0.851	857.548	2.667	0
6258	313	294	95	0.696	0.821	863.193	3.092	0	279	84	0.487	0.851	857.959	2.694	0
6278	314	281	60	0.697	0.821	863.193	3.073	0	277	36	0.487	0.851	857.959	2.622	0
6298	315	289	56	0.697	0.821	863.193	3.220	0	283	43	0.487	0.851	857.959	2.689	0
6318	316	272	21	0.697	0.822	863.193	3.124	0	257	19	0.488	0.851	857.959	2.714	0
6338	317	279	18	0.697	0.822	863.193	3.127	0	265	25	0.488	0.851	857.959	2.665	0
6357	318	283	26	0.697	0.822	857.738	3.110	0	273	33	0.488	0.851	854.225	2.653	0
6377	319	271	28	0.697	0.822	857.738	3.040	0	298	45	0.488	0.852	854.225	2.712	0
6397	320	526	13	0.695	0.822	857.738	3.172	0	560	51	0.485	0.851	854.225	2.763	0
6417	321	650	88	0.694	0.822	857.738	3.100	0	646	48	0.485	0.851	854.225	2.712	0
6437	322	650	6	0.694	0.822	857.738	3.044	0	668	59	0.485	0.851	854.225	2.728	0
6457	323	654	32	0.694	0.822	857.858	3.093	0	696	41	0.484	0.851	860.666	2.763	0
6477	324	-1280	-1024	-1.000	-1.000	-1.000	-1.000	4	-1280	-1024	-1.000	-1.000	-1.000	-1.000	4
6497	325	688	4	0.692	0.821	857.858	3.258	0	701	48	0.483	0.851	860.666	2.992	0
6517	326	-1280	-1024	-1.000	-1.000	-1.000	-1.000	4	-1280	-1024	-1.000	-1.000	-1.000	-1.000	4
6537	327	632	29	0.692	0.821	857.858	3.128	0	-1280	-1024	0.692	0.821	-1.000	-1.000	4
6557	328	630	40	0.693	0.821	853.101	3.111	0	-1280	-1024	0.483	0.850	-1.000	-1.000	4
6577	329	640	43	0.692	0.820	853.101	3.157	0	675	64	0.483	0.850	858.588	2.685	0
6597	330	660	81	0.693	0.819	853.101	3.071	0	650	54	0.483	0.850	858.588	2.793	0
6617	331	-1280	-1024	-1.000	-1.000	-1.000	-1.000	4	-1280	-1024	-1.000	-1.000	-1.000	-1.000	4
6637	332	-1280	-1024	-1.000	-1.000	-1.000	-1.000	4	-1280	-1024	-1.000	-1.000	-1.000	-1.000	4
6657	333	-1280	-1024	-1.000	-1.000	-1.000	-1.000	4	-1280	-1024	-1.000	-1.000	-1.000	-1.000	4
6676	334	-1280	-1024	-1.000	-1.000	-1.000	-1.000	4	-1280	-1024	-1.000	-1.000	-1.000	-1.000	4
6696	335	-1280	-1024	0.480	0.851	-1.000	-1.000	4	731	354	0.480	0.851	858.588	2.892	0
6716	336	-1280	-1024	0.687	0.819	-1.000	-1.000	4	729	338	0.478	0.852	868.184	2.924	0
6736	337	688	424	0.686	0.819	854.696	3.545	0	751	413	0.477	0.852	868.184	2.692	0
6756	338	705	456	0.686	0.819	854.696	3.126	0	736	426	0.477	0.852	868.184	2.915	0
6776	339	724	487	0.685	0.819	854.696	3.105	0	694	482	0.476	0.852	868.184	2.779	0
6796	340	703	444	0.684	0.819	854.696	3.085	0	737	416	0.475	0.853	868.184	2.835	0
6816	341	705	440	0.682	0.819	861.723	3.090	0	724	440	0.474	0.853	866.005	2.756	0
6836	342	527	664	0.682	0.820	861.723	3.379	0	513	584	0.475	0.855	866.005	2.781	0
6856	343	319	601	0.683	0.820	861.723	3.130	0	354	595	0.476	0.855	866.005	2.921	0
6876	344	329	634	0.682	0.820	861.723	3.113	0	359	598	0.475	0.856	866.005	2.722	0
6896	345	347	630	0.682	0.820	861.723	3.113	0	366	617	0.475	0.856	866.005	2.874	0
6916	346	358	624	0.680	0.820	863.164	3.119	0	351	625	0.473	0.856	865.949	2.791	0
6936	347	347	654	0.680	0.819	863.164	3.052	0	368	674	0.473	0.856	865.949	3.061	0
6956	348	400	639	0.679	0.819	863.164	3.040	0	382	642	0.471	0.856	865.949	2.811	0
6975	349	304	578	0.678	0.819	863.164	3.177	0	404	558	0.471	0.856	865.949	2.658	0
6995	350	405	686	0.678	0.819	863.164	3.147	0	401	614	0.471	0.856	865.949	2.744	0
7015	351	374	664	0.679	0.819	865.489	3.127	0	400	578	0.471	0.856	864.754	2.667	0
7035	352	408	714	0.678	0.819	865.489	3.427	0	407	645	0.471	0.856	864.754	2.965	0
7055	353	402	701	0.677	0.819	865.489	3.297	0	-1280	-1024	0.677	0.819	-1.000	-1.000	4
7075	354	359	622	0.677	0.819	865.489	3.047	0	377	532	0.469	0.856	864.754	2.819	0
7095	355	376	629	0.676	0.819	865.489	3.006	0	438	683	0.469	0.856	864.754	2.998	0
7115	356	353	634	0.677	0.819	868.756	2.976	0	438	683	0.470	0.856	864.574	2.998	0
7135	357	232	615	0.677	0.819	868.756	3.073	0	307	627	0.470	0.856	864.574	2.885	0
7155	358	291	672	0.676	0.819	868.756	3.195	0	236	506	0.469	0.857	864.574	2.772	0
7175	359	306	654	0.676	0.819	868.756	3.075	0	-1280	-1024	0.676	0.819	-1.000	-1.000	4
7195	360	307	648	0.676	0.820	868.756	3.346	0	-1280	-1024	0.676	0.820	-1.000	-1.000	4
7215	361	310	644	0.677	0.820	866.138	3.346	0	-1280	-1024	0.469	0.857	-1.000	-1.000	4
7235	362	287	630	0.676	0.820	866.138	3.180	0	-1280	-1024	0.676	0.820	-1.000	-1.000	4
7255	363	282	634	0.675	0.820	866.138	3.198	0	264	618	0.468	0.857	866.399	2.717	0
7275	364	303	611	0.675	0.819	866.138	2.994	0	255	568	0.468	0.857	866.399	2.829	0
7295	365	305	632	0.675	0.819	866.138	2.908	0	357	591	0.468	0.857	866.399	3.084	0
7315	366	306	628	0.676	0.819	866.782	2.905	0	385	568	0.469	0.857	864.431	3.236	0
7335	367	282	653	0.676	0.819	866.782	3.016	0	-1280	-1024	0.676	0.819	-1.000	-1.000	4
7354	368	331	689	0.675	0.819	866.782	3.249	0	332	668	0.468	0.857	864.431	2.930	0
7374	369	318	684	0.675	0.819	866.782	3.338	0	314	632	0.468	0.857	864.431	2.871	0
7394	370	243	572	0.675	0.819	866.782	2.779	0	302	638	0.467	0.857	864.431	2.855	0
7414	371	211	585	0.673	0.819	863.402	2.887	0	292	647	0.466	0.857	861.986	2.831	0
7434	372	-1280	-1024	0.462	0.856	-1.000	-1.000	4	1038	641	0.462	0.856	861.986	2.832	0
7454	373	-1280	-1024	-1.000	-1.000	-1.000	-1.000	4	-1280	-1024	-1.000	-1.000	-1.000	-1.000	4
7474	374	-1280	-1024	-1.000	-1.000	-1.000	-1.000	4	-1280	-1024	-1.000	-1.000	-1.000	-1.000	4
7494	375	-1280	-1024	-1.000	-1.000	-1.000	-1.000	4	-1280	-1024	-1.000	-1.000	-1.000	-1.000	4
7514	376	-1280	-1024	-1.000	-1.000	-1.000	-1.000	4	-1280	-1024	-1.000	-1.000	-1.000	-1.000	4
7534	377	-1280	-1024	-1.000	-1.000	-1.000	-1.000	4	-1280	-1024	-1.000	-1.000	-1.000	-1.000	4
7554	378	-1280	-1024	-1.000	-1.000	-1.000	-1.000	4	-1280	-1024	-1.000	-1.000	-1.000	-1.000	4
7574	379	-1280	-1024	0.457	0.859	-1.000	-1.000	4	-1280	-1024	0.457	0.859	-1.000	-1.000	4
7594	380	-1280	-1024	0.456	0.860	-1.000	-1.000	4	1136	642	0.456	0.860	873.200	2.786	0
7614	381	1224	621	0.661	0.822	873.200	2.886	0	1204	656	0.453	0.861	873.200	2.673	0
7634	382	1207	565	0.659	0.822	873.200	2.986	0	1174	625	0.452	0.861	873.200	2.607	0
7653	383	1171	540	0.660	0.823	873.200	2.895	0	-1280	-1024	0.660	0.823	-1.000	-1.000	4
7673	384	1242	528	0.658	0.824	855.385	2.872	0	-1280	-1024	0.451	0.863	-1.000	-1.000	4
7693	385	1133	578	0.657	0.824	855.385	2.840	0	1173	587	0.450	0.864	872.515	2.672	0
7713	386	1112	619	0.657	0.824	855.385	2.971	0	1110	608	0.451	0.864	872.515	2.633	0
7733	387	990	633	0.657	0.824	855.385	3.050	0	-1280	-1024	0.657	0.824	-1.000	-1.000	4
7753	388	1049	635	0.657	0.824	855.385	3.231	0	-1280	-1024	0.657	0.824	-1.000	-1.000	4
7773	389	1077	636	0.656	0.824	857.173	3.350	0	-1280	-1024	0.450	0.864	-1.000	-1.000	4
7793	390	971	636	0.656	0.824	857.173	3.227	0	-1280	-1024	0.656	0.824	-1.000	-1.000	4
7813	391	1049	535	0.658	0.824	857.173	2.892	0	995	661	0.451	0.864	867.746	2.743	0
7833	392	1007	618	0.658	0.824	857.173	2.953	0	-1280	-1024	0.658	0.824	-1.000	-1.000	4
7853	393	960	818	0.658	0.824	857.173	3.664	0	1026	626	0.452	0.864	867.746	2.708	0
7873	394	1065	802	0.658	0.824	856.281	3.545	0	1026	626	0.451	0.864	867.963	2.708	0
7893	395	1007	654	0.658	0.824	856.281	3.137	0	-1280	-1024	0.658	0.824	-1.000	-1.000	4
7913	396	982	630	0.659	0.824	856.281	3.050	0	1070	560	0.452	0.864	867.963	2.603	0
7933	397	982	677	0.659	0.824	856.281	3.255	0	-1280	-1024	0.659	0.824	-1.000	-1.000	4
7953	398	996	627	0.660	0.824	856.281	3.084	0	1016	643	0.453	0.864	867.963	2.637	0
7973	399	1000	643	0.659	0.825	854.988	3.159	0	1018	638	0.452	0.864	872.631	2.651	0
7992	400	1019	718	0.659	0.825	854.988	3.161	0	1028	604	0.452	0.864	872.631	2.746	0
8012	401	1029	519	0.660	0.825	854.988	2.889	0	991	714	0.453	0.864	872.631	2.803	0
8032	402	987	686	0.661	0.825	854.988	3.178	0	-1280	-1024	0.661	0.825	-1.000	-1.000	4
8052	403	975	670	0.661	0.825	854.988	3.089	0	-1280	-1024	0.661	0.825	-1.000	-1.000	4
8072	404	964	653	0.660	0.825	857.120	3.027	0	-1280	-1024	0.453	0.864	-1.000	-1.000	4
8092	405	941	674	0.660	0.825	857.120	3.123	0	-1280	-1024	0.660	0.825	-1.000	-1.000	4
8112	406	880	651	0.661	0.824	857.120	3.331	0	966	634	0.454	0.863	866.850	2.689	0
8132	407	914	707	0.661	0.824	857.120	3.284	0	998	607	0.454	0.863	866.850	2.709	0
8152	408	-1280	-1024	0.454	0.863	-1.000	-1.000	4	1002	608	0.454	0.863	866.850	2.672	0
8172	409	-1280	-1024	0.660	0.824	-1.000	-1.000	4	1005	610	0.453	0.863	866.570	2.673	0
8192	410	991	729	0.660	0.824	856.358	3.157	0	998	633	0.453	0.863	866.570	2.671	0
8212	411	975	687	0.661	0.824	856.358	3.144	0	1016	630	0.454	0.863	866.570	2.636	0
8232	412	979	635	0.661	0.823	856.358	2.955	0	1011	596	0.455	0.863	866.570	2.602	0
8252	413	980	689	0.662	0.823	856.358	3.250	0	1004	614	0.455	0.862	866.570	2.630	0
8272	414	983	673	0.661	0.823	856.039	3.203	0	999	603	0.454	0.863	865.559	2.614	0
8292	415	978	642	0.661	0.823	856.039	2.980	0	978	560	0.454	0.862	865.559	2.628	0
8311	416	963	593	0.662	0.824	856.039	2.985	0	986	609	0.455	0.862	865.559	2.850	0
8331	417	964	670	0.663	0.823	856.039	3.018	0	-1280	-1024	0.663	0.823	-1.000	-1.000	4
8351	418	972	655	0.663	0.824	856.039	3.155	0	1038	655	0.456	0.862	865.559	2.681	0
8371	419	972	651	0.662	0.824	855.695	3.179	0	1039	653	0.455	0.862	867.158	2.685	0
8391	420	927	729	0.663	0.824	855.695	3.438	0	915	653	0.456	0.862	867.158	2.863	0
8411	421	913	655	0.664	0.824	855.695	3.093	0	962	640	0.457	0.862	867.158	2.718	0
8431	422	880	609	0.665	0.823	855.695	3.037	0	942	636	0.458	0.862	867.158	2.622	0
8451	423	919	708	0.665	0.823	855.695	3.081	0	949	557	0.458	0.862	867.158	2.668	0
8471	424	908	659	0.664	0.824	854.028	3.053	0	939	542	0.457	0.862	867.123	2.619	0
8491	425	912	630	0.665	0.824	854.028	2.994	0	928	565	0.457	0.862	867.123	2.833	0
8511	426	956	721	0.666	0.823	854.028	3.371	0	897	674	0.458	0.862	867.123	2.821	0
8531	427	893	676	0.666	0.824	854.028	3.206	0	908	638	0.459	0.862	867.123	2.714	0
8551	428	953	766	0.666	0.824	854.028	3.412	0	963	586	0.459	0.862	867.123	2.593	0
8571	429	930	764	0.666	0.824	857.900	3.385	0	990	634	0.458	0.862	866.280	2.537	0
8591	430	914	786	0.666	0.824	857.900	3.556	0	941	635	0.459	0.862	866.280	2.636	0
8610	431	935	666	0.667	0.824	857.900	3.421	0	920	649	0.460	0.863	866.280	2.742	0
8630	432	910	651	0.667	0.825	857.900	3.143	0	903	617	0.460	0.863	866.280	2.751	0
8650	433	781	624	0.669	0.824	857.900	3.249	0	819	690	0.461	0.863	866.280	3.071	0
8670	434	851	601	0.671	0.824	858.004	3.099	0	868	698	0.463	0.863	860.202	3.141	0
8690	435	342	619	0.672	0.824	858.004	3.020	0	369	612	0.465	0.862	860.202	2.830	0
8710	436	327	609	0.673	0.824	858.004	3.012	0	294	579	0.466	0.862	860.202	2.685	0
8730	437	355	617	0.674	0.824	858.004	2.926	0	342	619	0.466	0.862	860.202	2.880	0
8750	438	326	596	0.674	0.824	858.004	3.028	0	340	539	0.467	0.862	860.202	2.669	0
8770	439	333	592	0.674	0.824	860.266	3.010	0	333	534	0.466	0.862	863.170	2.738	0
8790	440	346	607	0.674	0.824	860.266	2.977	0	362	619	0.466	0.862	863.170	2.890	0
8810	441	-1280	-1024	-1.000	-1.000	-1.000	-1.000	4	-1280	-1024	-1.000	-1.000	-1.000	-1.000	4
8830	442	-1280	-1024	-1.000	-1.000	-1.000	-1.000	4	-1280	-1024	-1.000	-1.000	-1.000	-1.000	4
8850	443	-1280	-1024	-1.000	-1.000	-1.000	-1.000	4	-1280	-1024	-1.000	-1.000	-1.000	-1.000	4
8870	444	-1280	-1024	-1.000	-1.000	-1.000	-1.000	4	-1280	-1024	-1.000	-1.000	-1.000	-1.000	4
8890	445	-1280	-1024	-1.000	-1.000	-1.000	-1.000	4	-1280	-1024	-1.000	-1.000	-1.000	-1.000	4
8910	446	-1280	-1024	-1.000	-1.000	-1.000	-1.000	4	-1280	-1024	-1.000	-1.000	-1.000	-1.000	4
8929	447	-1280	-1024	-1.000	-1.000	-1.000	-1.000	4	-1280	-1024	-1.000	-1.000	-1.000	-1.000	4
8949	448	-1280	-1024	-1.000	-1.000	-1.000	-1.000	4	-1280	-1024	-1.000	-1.000	-1.000	-1.000	4
8969	449	-1280	-1024	-1.000	-1.000	-1.000	-1.000	4	-1280	-1024	-1.000	-1.000	-1.000	-1.000	4
8989	450	-1280	-1024	-1.000	-1.000	-1.000	-1.000	4	-1280	-1024	-1.000	-1.000	-1.000	-1.000	4
9009	451	-1280	-1024	0.469	0.853	-1.000	-1.000	4	302	498	0.469	0.853	863.170	2.883	0
9029	452	-1280	-1024	-1.000	-1.000	-1.000	-1.000	4	-1280	-1024	-1.000	-1.000	-1.000	-1.000	4
9049	453	-1280	-1024	0.674	0.811	-1.000	-1.000	4	-1280	-1024	0.467	0.851	-1.000	-1.000	4
9069	454	337	653	0.673	0.810	869.109	3.135	0	388	508	0.466	0.850	868.481	2.726	0
9089	455	312	572	0.671	0.809	869.109	2.935	0	-1280	-1024	0.671	0.809	-1.000	-1.000	4
9109	456	337	594	0.670	0.808	869.109	2.975	0	362	804	0.464	0.848	868.481	3.357	0
9129	457	304	606	0.669	0.808	869.109	3.177	0	351	643	0.463	0.848	868.481	3.074	0
9149	458	308	616	0.669	0.808	871.659	3.099	0	351	638	0.464	0.848	874.183	3.094	0
9169	459	340	584	0.669	0.808	871.659	2.875	0	335	654	0.464	0.847	874.183	2.916	0
9189	460	361	619	0.668	0.809	871.659	3.121	0	342	722	0.463	0.847	874.183	3.159	0
9209	461	340	616	0.669	0.809	871.659	3.050	0	345	681	0.464	0.847	874.183	2.942	0
9229	462	373	725	0.670	0.810	871.659	3.395	0	-1280	-1024	0.670	0.810	-1.000	-1.000	4
9248	463	369	751	0.672	0.811	876.349	3.481	0	-1280	-1024	0.468	0.847	-1.000	-1.000	4
9268	464	463	716	0.674	0.812	876.349	3.438	0	409	511	0.469	0.847	877.931	2.685	0
9288	465	400	541	0.675	0.812	876.349	3.091	0	449	597	0.471	0.847	877.931	2.908	0
9308	466	413	631	0.680	0.813	876.349	3.082	0	413	668	0.476	0.847	877.931	2.867	0
9328	467	450	707	0.683	0.815	876.349	3.370	0	448	606	0.478	0.846	877.931	2.765	0
9348	468	486	642	0.685	0.815	875.039	3.183	0	481	633	0.481	0.845	878.570	2.875	0
9368	469	397	659	0.688	0.815	875.039	3.150	0	431	538	0.484	0.843	878.570	2.989	0
9388	470	380	677	0.693	0.815	875.039	3.228	0	390	592	0.488	0.842	878.570	2.838	0
9408	471	433	712	0.694	0.816	875.039	3.214	0	455	921	0.489	0.841	878.570	3.743	0
9428	472	-1280	-1024	-1.000	-1.000	-1.000	-1.000	4	-1280	-1024	-1.000	-1.000	-1.000	-1.000	4
9448	473	-1280	-1024	0.702	0.818	-1.000	-1.000	4	-1280	-1024	0.497	0.840	-1.000	-1.000	4
9468	474	416	643	0.705	0.819	877.681	3.227	0	451	589	0.500	0.840	874.178	2.791	0
9488	475	-1280	-1024	-1.000	-1.000	-1.000	-1.000	4	-1280	-1024	-1.000	-1.000	-1.000	-1.000	4
9508	476	400	603	0.709	0.821	877.681	3.159	0	455	613	0.504	0.841	874.178	2.886	0
9528	477	654	510	0.710	0.823	877.681	3.215	0	659	597	0.505	0.841	874.178	2.903	0
9548	478	-1280	-1024	-1.000	-1.000	-1.000	-1.000	4	-1280	-1024	-1.000	-1.000	-1.000	-1.000	4
9567	479	721	570	0.714	0.824	877.681	3.207	0	785	544	0.509	0.843	874.178	2.789	0
9587	480	780	552	0.716	0.826	877.681	3.258	0	853	565	0.511	0.844	874.178	2.898	0
9607	481	814	579	0.719	0.827	874.798	3.250	0	921	538	0.514	0.845	877.763	2.871	0
9627	482	709	507	0.720	0.828	874.798	3.065	0	-1280	-1024	0.720	0.828	-1.000	-1.000	4
9647	483	743	573	0.722	0.829	874.798	3.021	0	728	501	0.517	0.848	877.763	2.961	0
9667	484	737	599	0.723	0.830	874.798	3.154	0	-1280	-1024	0.723	0.830	-1.000	-1.000	4
9687	485	747	567	0.725	0.830	874.798	2.980	0	740	718	0.520	0.850	877.763	2.981	0
9707	486	749	581	0.724	0.831	867.863	2.987	0	739	715	0.520	0.851	881.149	2.993	0
9727	487	933	575	0.724	0.830	867.863	2.956	0	989	515	0.519	0.850	881.149	2.624	0
9747	488	942	542	0.725	0.828	867.863	2.991	0	-1280	-1024	0.725	0.828	-1.000	-1.000	4
9767	489	935	652	0.726	0.827	867.863	3.063	0	-1280	-1024	0.726	0.827	-1.000	-1.000	4
9787	490	929	567	0.726	0.825	867.863	2.987	0	-1280	-1024	0.726	0.825	-1.000	-1.000	4
9807	491	929	573	0.725	0.823	872.424	3.025	0	-1280	-1024	0.725	0.823	-1.000	-1.000	4
9827	492	954	592	0.725	0.822	872.424	2.950	0	969	587	0.521	0.846	872.424	2.673	0
9847	493	928	568	0.726	0.821	872.424	3.055	0	-1280	-1024	0.726	0.821	-1.000	-1.000	4
9867	494	909	574	0.726	0.820	872.424	3.300	0	-1280	-1024	0.726	0.820	-1.000	-1.000	4
9886	495	-1280	-1024	-1.000	-1.000	-1.000	-1.000	4	-1280	-1024	-1.000	-1.000	-1.000	-1.000	4
9906	496	-1280	-1024	0.725	0.819	-1.000	-1.000	4	-1280	-1024	0.725	0.819	-1.000	-1.000	4
9926	497	-1280	-1024	-1.000	-1.000	-1.000	-1.000	4	-1280	-1024	-1.000	-1.000	-1.000	-1.000	4
9946	498	-1280	-1024	-1.000	-1.000	-1.000	-1.000	4	-1280	-1024	-1.000	-1.000	-1.000	-1.000	4
9966	499	-1280	-1024	-1.000	-1.000	-1.000	-1.000	4	-1280	-1024	-1.000	-1.000	-1.000	-1.000	4
9986	500	-1280	-1024	-1.000	-1.000	-1.000	-1.000	4	-1280	-1024	-1.000	-1.000	-1.000	-1.000	4
10006	501	-1280	-1024	0.727	0.822	-1.000	-1.000	4	-1280	-1024	0.727	0.822	-1.000	-1.000	4
10026	502	-1280	-1024	-1.000	-1.000	-1.000	-1.000	4	-1280	-1024	-1.000	-1.000	-1.000	-1.000	4
10046	503	-1280	-1024	-1.000	-1.000	-1.000	-1.000	4	-1280	-1024	-1.000	-1.000	-1.000	-1.000	4
10066	504	-1280	-1024	-1.000	-1.000	-1.000	-1.000	4	-1280	-1024	-1.000	-1.000	-1.000	-1.000	4
10086	505	-1280	-1024	-1.000	-1.000	-1.000	-1.000	4	-1280	-1024	-1.000	-1.000	-1.000	-1.000	4
10106	506	-1280	-1024	-1.000	-1.000	-1.000	-1.000	4	-1280	-1024	-1.000	-1.000	-1.000	-1.000	4
10126	507	-1280	-1024	-1.000	-1.000	-1.000	-1.000	4	-1280	-1024	-1.000	-1.000	-1.000	-1.000	4
10146	508	-1280	-1024	-1.000	-1.000	-1.000	-1.000	4	-1280	-1024	-1.000	-1.000	-1.000	-1.000	4
10166	509	-1280	-1024	-1.000	-1.000	-1.000	-1.000	4	-1280	-1024	-1.000	-1.000	-1.000	-1.000	4
10185	510	-1280	-1024	-1.000	-1.000	-1.000	-1.000	4	-1280	-1024	-1.000	-1.000	-1.000	-1.000	4
10205	511	-1280	-1024	-1.000	-1.000	-1.000	-1.000	4	-1280	-1024	-1.000	-1.000	-1.000	-1.000	4
10225	512	-1280	-1024	-1.000	-1.000	-1.000	-1.000	4	-1280	-1024	-1.000	-1.000	-1.000	-1.000	4
