1	96	120	732	420
2	236	160	634	378
3	415	199	691	307
4	655	239	302	249
5	914	179	326	227
6	1113	279	289	311
7	1412	718	340	287
8	2150	239	325	203
9	2409	518	146	227
10	2947	379	311	227
11	3406	598	333	213
12	4024	219	325	219
13	4483	120	435	857
14	4622	179	467	859
15	4822	179	516	906
16	5300	598	448	856
17	5918	160	496	912
18	6257	100	409	783
19	6476	279	446	879
20	7015	439	440	863
21	13395	279	119	204
22	13773	159	303	195
23	14172	180	1082	876
24	15468	180	1071	926
25	15867	180	976	857
26	16066	180	880	758
27	17701	179	822	687
28	18339	179	927	818
29	18718	319	979	807
30	19715	199	908	712
31	20114	159	928	707
32	20612	399	974	812
33	21449	100	140	203
34	21609	239	320	203
35	21908	100	341	203
36	22287	219	936	814
37	23144	140	1028	831
38	23882	199	891	717
39	24480	219	980	769
40	24859	100	1004	755
41	25178	200	1078	773
42	25397	379	1070	807
43	25915	159	464	771
44	26095	100	418	776
45	26394	179	456	768
46	26713	399	436	844
47	27331	160	1089	763
48	27510	139	1074	772
49	27989	399	959	798
50	28667	219	925	697
51	28906	159	920	678
52	29085	219	928	596
53	29723	160	1076	768
54	29903	718	1114	769
55	32694	199	1040	812
56	33791	359	1017	838
57	34289	140	1043	840
58	34488	698	1012	840
59	35326	259	1004	844
60	35705	159	1011	839
61	36024	100	493	854
62	36143	120	443	852
63	36323	518	447	849
64	37519	339	465	849
65	37898	359	378	801
66	38277	439	452	856
67	38735	359	544	864
68	39134	439	448	918
69	39612	558	512	927
70	40210	100	532	899
71	40370	937	436	865
72	41546	139	261	199
73	41706	100	311	188
74	42005	100	572	172
75	42145	598	633	197
76	42862	140	670	208
77	43281	140	667	201
78	43540	279	638	198
79	44318	319	668	208
80	44836	1097	562	223
81	45972	120	270	204
82	46451	339	120	221
83	46810	120	142	226
84	47089	100	415	772
85	47209	119	440	806
86	47368	359	454	854
87	47747	518	433	867
88	48485	120	433	817
89	48883	120	295	716
90	49182	379	391	862
91	49601	159	469	913
92	49780	399	512	933
93	50199	239	531	864
94	50478	139	463	941
95	50638	359	431	947
96	51395	160	308	743
97	51675	419	380	852
98	52113	239	342	838
99	52472	180	285	819
100	52931	120	282	822
101	53070	179	319	810
102	53728	140	345	842
103	54007	120	273	801
104	54187	199	309	745
105	54406	299	351	690
106	55503	279	458	673
107	55802	259	408	707
108	56081	199	449	714
109	56300	359	432	708
110	56918	419	457	677
111	57397	100	451	677
112	57536	160	457	666
113	58035	1136	430	710
114	59211	139	446	697
115	60228	618	444	723
116	61025	120	433	717
117	61484	219	481	647
118	61723	180	443	679
119	61922	259	487	645
120	62222	179	884	645
121	63059	160	1043	833
122	63258	219	1052	841
123	63517	379	1009	885
124	63916	179	986	887
125	64116	100	1119	765
126	64235	239	1084	759
127	65431	180	880	769
128	65631	120	848	762
129	65770	139	862	743
130	66129	399	859	744
131	66568	339	1000	883
132	66927	219	1035	847
133	67884	100	1045	765
134	68582	139	1068	767
135	68881	279	1064	757
136	69339	379	996	789
137	69738	379	1033	825
138	70137	180	1081	721
139	70336	479	1162	711
140	70835	199	1139	674
141	71054	279	1106	654
142	71552	219	1081	670
143	71831	558	1075	672
144	72848	339	1059	718
145	73347	179	430	198
146	73546	160	477	183
147	73765	140	430	658
148	73925	159	469	665
149	74483	299	273	214
150	74802	439	102	257
151	75320	259	479	629
152	75679	279	517	541
153	75978	479	482	676
154	76477	299	439	702
155	76796	120	477	697
156	77155	120	1089	748
157	77474	199	447	688
158	77693	140	437	752
159	77852	379	479	777
160	78331	399	486	791
161	78829	239	556	763
162	79089	160	593	757
163	79288	319	429	725
164	79627	339	488	718
165	79986	499	438	718
166	80504	239	462	715
167	80863	180	437	786
168	81162	140	478	818
169	81322	199	561	827
170	81561	180	486	594
171	81760	180	524	560
172	81960	299	497	608
173	82279	618	512	609
174	83096	259	530	613
175	83375	159	530	661
176	83555	439	527	728
177	84053	219	509	543
178	84372	558	503	552
179	84990	100	500	557
180	85269	179	464	634
181	85508	160	536	622
182	85688	159	548	680
183	85867	598	580	661
184	86485	140	556	672
185	86645	199	602	673
186	86884	259	476	647
187	87163	558	469	677
188	87761	100	958	757
189	87881	180	1005	774
190	88240	140	1084	766
191	88399	100	1003	786
192	88858	199	1057	757
193	89157	179	1058	761
194	89456	139	1110	760
195	89616	538	1074	768
196	90234	1176	1043	779
197	91430	419	1041	781
198	91869	179	1042	775
199	92108	499	1070	750
200	92706	140	1096	630
201	92925	139	1134	588
202	93324	120	1135	548
203	93683	399	1069	527
204	94102	179	1024	556
205	94301	160	1037	627
206	94700	120	475	702
207	95158	479	472	647
208	95956	439	458	645
209	96514	179	342	593
210	96953	498	487	746
211	97511	897	500	763
212	98428	120	474	717
213	98568	219	473	663
214	98807	479	457	665
215	99425	598	425	698
216	100043	199	422	752
217	100302	140	459	829
218	100521	120	469	782
219	100661	140	510	804
220	100821	379	546	807
221	101219	259	472	874
222	101498	160	502	868
223	101758	160	480	876
224	101937	100	442	897
225	102615	379	519	904
226	103054	578	540	851
227	103751	319	543	855
228	104090	179	470	909
229	104290	219	490	911
230	104589	159	548	904
231	105247	180	457	910
232	105446	140	452	852
233	105606	239	448	887
234	105885	339	427	924
235	106244	219	493	944
236	107061	120	512	885
237	107320	239	513	789
238	107579	140	551	786
239	107878	120	590	786
240	108018	100	499	797
241	108138	180	491	805
242	108337	738	434	813
243	109095	857	439	819
244	109972	1037	422	893
245	111148	120	469	911
246	111288	339	416	844
247	111647	419	396	908
248	112085	259	363	885
249	112384	439	380	876
250	113002	758	419	875
251	113800	219	317	909
252	114039	359	353	905
253	114418	339	359	805
254	114777	1535	350	833
255	116332	957	344	790
256	117309	1256	392	861
257	118744	159	378	913
258	118924	160	391	931
259	120658	100	481	957
260	120798	160	480	953
261	121376	359	444	911
262	123430	120	150	748
263	124267	100	482	832
264	124387	698	494	802
265	125144	100	528	931
266	125264	160	495	910
267	126061	1276	406	789
268	127417	120	460	794
269	127557	817	506	782
270	128494	479	534	758
271	128992	140	484	733
272	129152	379	454	695
273	129550	179	461	661
274	129750	120	461	643
275	129889	100	418	637
276	130288	140	423	567
277	130448	219	328	572
278	130687	199	427	568
279	131265	299	403	569
280	131584	160	460	537
281	131764	419	469	529
282	132202	518	518	463
283	132740	917	467	552
284	133678	758	472	648
285	134555	957	580	617
286	135532	499	553	625
287	136050	259	473	590
288	136329	120	488	642
289	136469	339	550	712
290	136828	379	540	736
291	137226	419	590	721
292	137665	199	534	740
293	138542	179	554	753
294	138801	159	449	733
295	138981	279	501	753
296	139380	239	466	728
297	139639	319	531	728
298	139978	379	481	738
299	140376	199	407	745
300	140676	359	528	736
301	141054	160	449	786
302	141254	1176	412	840
303	142450	279	403	845
304	142769	538	431	757
305	143327	179	380	753
306	143527	179	363	589
307	143726	219	377	620
308	143965	339	405	634
309	144324	339	470	622
310	144683	219	398	619
311	144922	200	328	603
312	145142	199	344	643
313	145361	139	359	656
314	145540	219	306	536
315	145780	160	283	609
316	145979	618	239	659
317	146617	618	250	599
318	147255	1077	161	585
319	148371	219	281	577
320	148830	359	317	663
321	149289	259	332	670
322	149927	199	311	682
323	150206	160	312	678
324	150545	120	321	716
325	150724	159	371	736
326	151083	100	416	751
327	151322	100	359	771
328	151581	100	390	751
329	151701	219	354	773
330	151940	120	307	759
331	152080	140	410	777
332	152319	140	431	775
333	152518	239	467	763
334	152778	718	356	776
335	153615	100	350	775
336	153775	179	341	778
337	153994	159	346	772
338	154472	140	347	734
339	154911	140	323	778
340	155469	140	310	778
341	155768	120	310	786
342	156366	219	416	780
343	156606	279	377	792
344	156905	160	311	835
345	157084	160	303	806
346	157483	797	149	266
347	159556	658	124	239
348	160254	339	119	225
349	160852	618	273	232
350	161510	100	107	240
351	161690	299	349	823
352	162029	458	388	860
353	162507	339	329	809
354	162866	219	329	714
355	163105	379	372	774
356	163504	618	433	770
357	164142	319	426	833
358	164601	100	464	825
359	164740	120	361	845
360	165119	1655	386	866
361	166814	199	413	854
362	167033	100	323	689
363	167232	100	269	442
364	167352	100	214	373
365	167791	140	199	570
366	168249	160	280	511
367	168468	319	308	628
368	168807	199	378	611
369	169027	159	351	585
370	169206	179	363	609
371	169405	219	315	624
372	169665	538	305	628
373	170223	179	277	583
374	170422	159	316	564
375	171898	877	363	524
376	173832	100	486	562
377	173951	1176	440	574
378	175147	179	503	620
379	175367	100	447	704
380	175486	160	479	675
381	175666	179	516	673
382	175885	140	338	783
383	176045	179	314	793
384	176244	219	381	787
385	176483	180	425	782
386	176683	100	297	793
387	176942	139	299	789
388	177161	199	283	789
389	177440	120	295	789
390	177640	179	329	783
391	177839	179	346	675
392	178038	339	378	640
393	178457	419	401	596
394	178936	419	365	665
395	180152	120	307	777
396	180431	100	335	783
397	180630	120	268	854
398	180830	140	253	858
399	181049	160	313	878
400	181448	160	296	901
401	181847	179	481	659
402	182046	179	508	661
403	182245	180	551	670
404	182445	199	584	678
405	182664	638	513	674
406	183362	239	507	692
407	183621	139	528	719
408	183780	160	522	802
409	183960	239	547	777
410	184478	160	491	674
411	184897	219	321	789
412	185635	139	398	753
413	185794	219	345	782
414	186033	100	398	779
415	186193	179	497	588
416	186392	180	444	631
417	186791	199	327	771
418	187010	199	376	760
419	187449	219	541	632
420	187708	159	537	549
421	188007	200	563	550
422	188286	180	544	662
423	188486	200	557	652
424	188984	100	540	756
425	190320	160	310	211
426	190519	120	535	185
427	190858	140	254	205
428	191018	219	303	220
429	191317	259	537	228
430	191616	419	620	223
431	192054	658	638	217
432	192732	1037	665	210
433	193789	140	536	234
434	194028	259	575	257
435	194866	140	565	235
436	195065	120	569	241
437	195464	279	555	257
438	195902	120	505	222
439	196162	120	183	259
440	196301	558	117	269
441	196879	837	272	240
442	199212	219	314	606
443	199471	100	324	783
444	199770	319	344	728
445	200129	299	325	709
446	200448	140	320	659
447	200608	379	336	593
448	201006	319	316	602
449	201405	279	291	626
450	201704	120	313	623
451	201844	837	324	583
452	202701	219	380	530
453	202960	718	367	523
454	203698	538	383	473
455	204256	119	385	466
456	204416	120	322	546
457	204555	100	290	617
458	204755	120	282	577
459	204894	140	325	575
460	205393	100	275	592
461	205791	120	328	706
462	205931	179	323	701
463	206250	120	295	699
464	206748	120	78	844
465	206948	140	80	848
466	207586	100	205	466
467	207785	100	208	456
468	208244	219	184	453
469	208483	100	208	445
470	208882	120	150	554
471	209101	100	137	495
472	209480	119	125	460
473	209739	120	118	432
474	209978	100	132	430
475	210178	100	132	420
476	210497	219	296	694
477	210975	120	310	701
478	211174	120	316	702
479	211573	279	350	795
480	212331	100	374	758
481	212750	100	436	749
482	213328	219	321	807
483	213667	199	375	806
484	214165	239	301	900
485	214504	140	255	884
486	214963	120	363	874
487	215162	100	361	885
488	215361	100	414	879
489	215501	180	378	885
490	215720	120	380	888
491	215960	120	449	868
492	216099	160	458	872
493	216358	100	455	920
494	216578	179	475	936
495	216897	160	387	943
496	217156	120	411	939
497	217834	498	849	762
498	218352	160	960	773
499	218591	120	997	672
500	218930	100	973	629
501	219130	140	966	618
502	219289	140	1011	598
503	219608	997	1043	554
504	220625	180	1022	631
505	220824	279	999	637
506	221123	120	973	730
507	221263	140	978	766
508	221722	100	1017	874
509	221841	279	995	888
510	222320	279	938	808
511	222718	140	921	808
512	222878	219	933	797
513	223317	100	1016	833
514	223456	160	1029	867
515	224254	179	1097	529
516	224453	100	1151	535
517	224712	199	961	859
518	225171	279	994	841
519	225649	180	1093	872
520	225888	219	1144	869
521	226486	120	1051	807
522	226746	239	1110	782
523	227065	239	975	792
524	227324	159	1017	811
525	228141	379	1133	671
526	228540	239	1114	663
527	228799	219	1149	660
528	229039	459	1111	711
529	229517	498	1088	753
530	230035	399	1114	707
531	230454	339	1169	704
532	230813	219	1059	797
533	231052	100	1074	780
534	231172	419	1072	773
535	231690	100	1122	769
536	231830	219	1005	797
537	232069	419	1059	795
538	232528	638	1006	833
539	233186	159	1068	834
540	233365	120	1110	838
541	233504	917	1080	840
542	234442	498	1103	766
543	235638	199	1110	815
544	235857	160	1121	801
545	236435	419	1055	855
546	237392	239	1041	863
547	237652	239	1042	863
548	237911	359	994	819
549	238309	100	1062	797
550	238429	897	1110	767
551	239446	399	1072	771
552	239884	179	892	809
553	240104	100	784	833
554	240243	359	1024	781
555	240622	239	1081	710
556	241001	180	1172	716
557	241200	239	1083	695
558	241460	100	1102	659
559	241579	279	1051	721
560	241898	299	1004	781
561	242317	478	1024	655
562	242975	199	1026	672
563	243234	140	1030	670
564	243394	319	1115	705
565	243732	339	1133	684
566	244091	299	1117	592
567	244490	299	1063	550
568	244829	239	1115	622
569	245128	259	1145	626
570	245407	119	1099	620
571	246125	199	1116	629
572	246384	179	913	678
573	246584	199	1030	696
574	246903	259	1121	671
575	247182	179	1163	694
576	247381	179	1164	640
577	247620	359	1234	624
578	248238	160	893	934
579	248438	140	899	935
580	248697	279	1115	638
581	249155	738	990	578
582	250013	160	936	623
583	250192	199	886	625
584	250511	159	927	623
585	251807	120	912	691
586	251987	100	914	685
587	252645	160	969	668
588	253123	478	1008	653
589	253621	598	1085	661
590	254240	219	1023	702
591	254479	179	1042	708
592	254678	239	975	753
593	255177	279	1012	550
594	255476	199	1029	561
595	255974	140	997	456
596	256672	139	1122	748
597	256831	160	1168	761
598	257071	160	1073	742
599	257270	239	1066	727
600	258247	140	1070	826
601	258506	100	1054	797
602	258666	100	1091	840
603	259045	179	1114	655
604	259264	159	1120	635
605	259663	120	1110	631
606	260101	120	1174	609
607	260241	100	1137	593
608	260380	140	1082	561
609	260560	120	1014	605
610	260739	140	1028	607
611	261118	498	1031	601
612	261636	877	1016	596
613	262533	239	1045	599
614	262793	140	975	593
615	262952	977	945	552
616	264089	459	829	556
617	264587	459	997	586
618	265086	877	1080	650
619	265983	498	1023	631
620	266521	877	912	660
621	267638	558	1085	657
622	268435	100	980	615
623	268555	160	1066	646
624	268754	219	888	670
625	269113	120	871	670
626	269352	678	911	672
627	270050	120	878	677
628	270209	199	902	688
629	270688	160	800	728
630	270907	279	906	688
631	271206	319	980	681
632	271545	100	940	683
633	271685	139	843	721
634	271844	159	805	741
635	272024	100	849	705
636	272143	279	871	672
637	272502	219	804	762
638	272762	658	812	755
639	273679	259	1005	677
640	273958	199	1068	651
641	274217	339	1102	628
642	274596	120	1093	635
643	275373	139	925	646
644	275991	160	1017	708
645	276370	299	989	621
646	276709	139	1028	641
647	277367	199	1040	737
648	277646	100	1023	698
649	277766	219	1090	675
650	278045	239	1059	633
651	278304	140	1054	651
652	278464	120	1089	621
653	278862	100	1069	607
654	279301	100	1085	660
655	279460	140	1127	574
656	279680	120	1053	639
657	280019	120	1020	683
658	280178	139	1053	733
659	280338	798	1009	762
660	281155	359	1030	751
661	281574	219	1031	773
662	281973	160	1072	789
663	282312	419	1073	639
664	282770	180	1106	633
665	283009	518	1050	645
666	283548	140	1004	824
667	283707	120	1015	814
668	284046	179	1030	616
669	284505	140	1054	633
670	284744	239	1078	518
671	285063	219	1022	543
672	285521	598	1014	749
673	286399	100	988	736
674	286598	179	1030	423
675	287256	459	1097	550
676	287794	179	1085	501
677	287994	299	1106	473
678	288313	199	1047	473
679	288532	140	1097	489
680	288711	160	1110	487
681	288891	179	1088	532
682	289130	259	1173	593
683	289409	279	1089	532
684	289708	100	1087	537
685	289888	179	1062	559
686	290227	239	1018	701
687	290486	339	1056	676
688	291004	558	1029	640
689	291702	100	1036	659
690	291822	538	1052	669
691	292978	140	989	690
692	293417	140	1020	641
693	293696	219	895	751
694	296128	140	978	786
695	296866	140	798	756
696	297025	140	786	809
697	297544	100	969	784
698	297683	159	962	785
699	298840	179	1025	825
700	299139	299	985	863
701	299597	120	1058	835
702	300136	100	977	689
703	300335	180	979	662
704	300534	100	933	706
705	300694	120	922	703
706	300973	100	981	647
707	301132	100	976	651
708	301332	120	1009	658
709	301551	698	911	852
710	302289	140	933	624
711	302448	100	916	592
712	302648	518	875	621
713	303186	259	819	681
714	303465	179	845	673
715	303764	159	817	670
716	304123	239	908	708
717	304502	100	893	722
718	304741	100	894	710
719	304861	100	925	699
720	304980	239	927	696
721	305359	698	873	680
722	306077	140	889	713
723	306276	139	891	683
724	306556	319	895	689
725	306894	179	956	679
726	307233	120	1129	728
727	307433	100	880	694
728	307871	259	843	610
729	308151	319	868	616
730	308529	219	996	691
731	308828	499	1027	698
732	309347	558	1003	707
733	309925	179	1055	689
734	310124	120	1035	697
735	310264	100	974	706
736	310423	279	984	707
737	310742	159	1109	618
738	311440	399	1023	686
739	311879	120	1134	716
740	312018	399	1113	697
741	312437	219	1088	637
742	312935	120	945	600
743	313075	479	949	601
744	314590	140	1035	778
745	314929	179	1028	744
746	315129	139	1056	709
747	315288	120	1083	656
748	315448	319	1132	647
749	316265	140	1104	651
750	316923	339	1060	594
751	318020	179	1077	669
752	318219	100	1050	673
753	318418	538	1067	671
754	319056	797	1052	679
755	319973	379	1002	580
756	320472	140	1000	751
757	320631	179	1041	760
758	320831	159	992	690
759	321170	160	976	666
760	321429	379	1025	718
761	321848	139	948	642
762	322007	1117	1002	612
763	323203	339	974	759
764	323602	937	1008	761
765	324659	219	920	757
766	324898	140	945	788
767	325058	419	931	815
768	325496	179	930	809
769	325696	299	965	803
770	326114	160	941	800
771	326613	678	1035	793
772	327330	180	1083	784
773	327709	140	731	867
774	327909	120	901	814
775	328268	120	1066	713
776	328407	239	1110	700
777	328686	977	1057	830
778	329703	159	969	866
779	329902	459	967	847
780	330381	120	1019	735
781	330520	279	1026	729
782	330919	100	942	802
783	331059	518	949	816
784	331617	259	1073	742
785	332195	279	867	770
786	332494	200	863	748
787	332753	179	1006	672
788	332953	199	924	673
789	333172	359	893	683
790	333750	179	736	737
791	333950	379	766	752
792	334867	179	779	771
793	335106	239	723	565
794	335365	140	661	525
795	335525	100	747	556
796	335764	359	791	790
797	336143	439	854	772
798	336801	259	768	771
799	337279	100	816	800
800	337399	279	871	806
801	337698	558	911	811
802	338735	100	864	728
803	338854	319	824	724
804	340150	179	1014	850
805	340350	399	953	794
806	341187	558	765	785
807	341765	339	814	788
808	342144	399	807	795
809	342563	778	785	792
810	343360	877	776	788
811	344257	479	821	777
812	344756	199	758	788
813	344975	459	796	792
814	345454	100	824	696
815	345593	160	840	617
816	345773	120	858	627
817	345912	359	893	662
818	346291	638	900	696
819	346949	1097	872	760
820	348065	578	938	758
821	348763	379	939	764
822	349401	219	870	672
823	349660	977	977	665
824	350837	179	842	577
825	351275	140	1013	560
826	351514	100	1003	588
827	351714	120	967	662
828	352033	140	869	595
829	352850	140	308	705
830	353030	179	280	545
831	353329	359	266	455
832	353708	219	298	595
833	353947	239	336	726
834	354246	140	249	804
835	354744	100	319	820
836	355343	159	342	696
837	355642	159	299	606
838	355921	120	339	612
839	356280	239	303	600
840	356539	239	338	720
841	356798	120	307	589
842	356977	199	352	531
843	357217	100	797	516
844	357396	399	844	556
845	358034	100	827	602
846	358194	120	282	737
847	358393	180	307	832
848	358592	478	248	876
849	359111	299	351	909
850	359430	339	304	813
851	359789	219	327	707
852	360088	419	320	598
853	360726	140	377	451
854	360885	299	387	405
855	361344	279	349	547
856	361643	698	314	595
857	362360	120	372	593
858	362540	140	333	546
859	362919	977	318	541
860	363916	319	359	584
861	364255	319	388	609
862	364593	259	407	610
863	364893	239	308	648
864	365152	279	410	610
865	365471	100	747	533
866	365590	299	723	560
867	365909	160	681	521
868	366089	439	729	591
869	366547	837	688	486
870	367405	319	696	373
871	367843	279	669	480
872	368162	259	702	663
873	368441	817	712	691
874	369279	259	801	732
875	369558	259	800	758
876	369837	180	742	691
877	370036	199	716	694
878	370535	259	701	761
879	370814	618	812	752
880	371452	120	765	724
881	371592	299	759	696
882	371911	120	830	647
883	372110	160	834	699
884	372509	120	871	700
885	372688	179	817	754
886	373107	279	763	780
887	373406	279	864	711
888	373705	120	821	708
889	373845	160	879	701
890	374024	120	872	697
891	374323	160	1016	725
892	374642	159	1008	740
893	374841	239	882	739
894	375101	538	962	744
895	375659	219	952	631
896	376237	140	1040	508
897	376396	339	976	513
898	376915	140	970	568
899	377413	140	1046	648
900	377573	319	1082	639
901	377912	319	1108	643
902	378311	179	1174	647
903	378510	200	1129	654
904	378729	159	1078	664
905	378909	239	1038	659
906	379168	140	1116	694
907	379327	159	1150	684
908	379507	239	1067	672
909	379766	239	1097	659
910	380025	279	1154	658
911	380324	359	1185	639
912	380703	1376	1118	635
913	382119	120	816	761
914	382338	179	853	739
915	382577	140	1025	529
916	382737	139	991	516
917	382896	379	972	538
918	383295	698	957	539
919	384013	120	888	560
920	384152	120	841	603
921	384292	120	875	604
922	384431	459	909	639
923	384910	359	893	641
924	385289	100	953	543
925	385428	339	1057	537
926	386046	159	750	689
927	386286	498	828	736
928	386804	100	814	732
929	386924	140	833	668
930	387880	219	767	818
931	388120	100	792	807
932	388239	279	735	814
933	388638	140	780	843
934	390811	140	889	831
935	391031	399	904	874
936	391748	339	959	797
937	392167	180	882	785
938	392526	199	908	802
939	392745	758	959	772
940	393603	419	1046	754
941	394061	518	963	854
942	394600	159	1012	872
943	394779	618	1034	840
944	395417	459	979	840
945	395895	498	958	778
946	397191	120	840	855
947	397789	140	846	887
948	397989	140	851	887
949	398188	179	860	877
950	398408	159	896	740
951	398647	159	882	777
952	398846	259	878	859
953	399325	140	963	858
954	399524	180	996	867
955	399743	219	950	889
956	399983	160	937	961
957	400162	199	980	965
958	400421	159	926	971
959	400601	439	976	886
960	401598	100	889	878
961	401917	578	1028	843
962	402515	518	1037	844
963	403053	259	1072	841
964	403332	518	1021	844
965	403930	100	1077	807
966	404050	299	1094	776
967	404369	479	1040	740
968	404867	219	1054	732
969	405126	159	858	840
970	405545	160	906	889
971	405745	100	936	880
972	405884	239	946	862
973	406243	100	885	867
974	406462	140	867	883
975	406642	578	800	908
976	407958	419	883	789
977	409074	459	822	724
978	410031	120	899	823
979	410370	120	833	792
980	410530	478	811	788
981	411865	439	736	733
982	412324	140	792	752
983	412663	339	817	725
984	413022	339	748	722
985	413381	140	810	740
986	413600	120	820	806
987	414138	100	820	748
988	414338	299	814	757
989	414836	100	831	741
990	415255	259	825	734
991	415594	259	868	539
992	415873	179	955	545
993	416551	199	833	838
994	416850	120	801	974
995	417009	120	952	982
996	417228	180	956	982
997	417667	120	987	515
998	418006	120	956	483
999	418245	259	952	474
1000	418644	239	968	477
1001	418963	159	1009	528
1002	419242	120	1016	529
1003	420399	179	900	634
1004	420698	140	897	630
1005	420857	279	911	617
1006	421396	339	938	480
1007	422053	379	1028	615
1008	422452	817	967	615
1009	423489	199	973	523
1010	423888	478	1181	533
1011	425004	100	946	516
1012	425542	100	1031	472
1013	425861	259	1174	534
1014	426400	180	1134	443
1015	426699	100	1107	406
1016	426998	219	1154	542
1017	427237	179	1121	557
1018	427437	179	1113	562
1019	427636	199	1086	603
1020	427855	239	1002	640
1021	428254	180	1020	611
1022	428473	259	989	712
1023	429410	219	928	748
1024	430048	100	960	785
1025	430567	159	892	683
1026	431065	359	1033	628
1027	431464	199	849	764
1028	432560	160	789	804
1029	432979	100	927	777
1030	433398	179	982	764
1031	433657	359	1009	771
1032	434036	299	1037	767
1033	434614	100	332	221
1034	434734	359	325	270
1035	435192	837	318	262
1036	436588	160	888	753
1037	436787	379	889	757
1038	437804	199	819	835
1039	438103	399	836	879
1040	438721	140	870	790
1041	438881	439	826	861
1042	439339	179	876	778
1043	439618	279	885	788
1044	439997	399	908	796
1045	440416	199	890	802
1046	440655	419	886	800
1047	441273	100	796	917
1048	441492	459	838	895
1049	442011	100	904	826
1050	442130	419	880	818
1051	442609	159	891	810
1052	442788	897	907	820
1053	443705	299	852	872
1054	444224	120	902	746
1055	444364	179	919	728
1056	444762	120	989	714
1057	445101	279	938	831
1058	445520	219	941	810
1059	445978	219	928	836
1060	446238	100	925	843
1061	446357	219	934	692
1062	446596	219	909	798
1063	447414	299	940	861
1064	447793	239	857	907
1065	448072	399	845	912
1066	448510	339	852	907
1067	448869	498	855	911
1068	449408	160	855	912
1069	449587	379	840	895
1070	449986	179	804	915
1071	450205	139	826	916
1072	450365	100	840	922
1073	450843	219	792	914
1074	451162	159	816	941
1075	452119	219	854	823
1076	452558	100	957	702
1077	452897	1077	966	705
1078	453993	857	1001	707
1079	454871	439	1028	714
1080	455329	439	1050	706
1081	456625	279	931	671
1082	457223	120	953	636
1083	457383	219	929	796
1084	457642	140	966	704
1085	457801	399	1012	603
1086	458240	120	927	626
1087	458380	100	923	610
1088	458499	179	1013	657
1089	458699	339	985	626
1090	459077	179	983	716
1091	459277	558	983	712
1092	459855	618	975	715
1093	460493	478	977	720
1094	460991	140	919	752
1095	461151	319	962	728
1096	461490	857	942	720
1097	462387	897	974	727
1098	463304	479	985	729
1099	463803	1037	1043	715
1100	464859	1077	1059	722
1101	466016	339	986	650
1102	466853	578	912	548
1103	467710	180	888	565
1104	467910	339	815	590
1105	468408	180	847	586
1106	468807	219	798	652
1107	469046	439	805	593
1108	469505	100	822	650
1109	469704	140	877	572
1110	469864	140	894	562
1111	470043	498	1023	529
1112	470601	100	1052	542
1113	470721	279	1039	573
1114	471399	379	1028	510
1115	471798	179	942	480
1116	472156	100	1017	542
1117	474170	140	965	659
1118	474748	160	961	663
1119	474928	279	994	673
1120	475227	758	937	669
1121	476024	299	994	667
1122	476343	200	929	664
1123	476622	558	1017	563
1124	477220	1017	1091	496
1125	478257	419	1135	483
1126	478696	359	1162	482
1127	479075	180	1180	481
1128	479892	160	904	526
1129	480749	179	975	505
1130	480969	1077	1048	528
1131	482304	139	956	635
1132	482564	120	966	566
1133	482803	259	991	546
1134	483102	239	944	627
1135	483361	140	958	629
1136	483600	100	889	637
1137	483720	259	951	622
1138	483999	558	958	546
1139	484597	179	976	555
1140	485156	339	954	582
1141	485694	120	920	539
1142	486312	120	957	545
1143	486930	458	880	605
1144	488326	139	872	739
1145	488585	618	992	534
1146	489223	179	974	521
1147	489721	179	960	531
1148	490419	140	969	647
1149	490578	339	974	641
1150	491017	239	930	666
1151	491336	160	919	619
1152	491516	199	904	616
1153	491875	120	907	657
1154	492114	100	933	688
1155	492233	159	919	707
1156	492413	120	975	722
1157	492632	1196	1028	735
1158	493848	359	1028	750
1159	494247	100	1008	744
1160	494367	120	1039	745
1161	494506	199	1041	743
1162	494745	239	989	813
1163	495104	100	974	771
1164	495364	179	1014	724
1165	495563	120	1012	725
1166	496101	140	999	715
1167	496520	179	999	655
1168	497537	379	1022	763
1169	497935	758	967	796
1170	498713	399	996	777
1171	499132	778	1002	750
1172	499929	159	949	712
1173	500109	199	948	695
1174	500527	718	1002	718
1175	501484	219	1264	739
1176	501724	100	1244	757
1177	501843	179	1224	727
1178	502122	139	1188	756
1179	502302	100	1243	638
1180	502421	100	1251	626
1181	502541	160	1218	639
1182	502720	140	1176	689
1183	502880	120	1171	720
1184	503020	120	1173	749
1185	503219	179	898	756
1186	503518	179	902	737
1187	503717	1376	901	815
1188	505133	160	882	754
1189	505312	160	850	729
1190	505512	179	817	782
1191	507765	160	861	749
1192	508044	159	856	760
1193	509260	538	796	827
1194	509818	160	842	835
1195	510237	199	859	755
1196	510496	179	851	761
1197	511792	100	785	783
1198	511912	199	849	771
1199	512131	100	735	775
1200	512629	139	775	774
1201	512789	140	739	825
1202	513028	100	772	849
1203	513168	439	861	753
1204	513965	339	860	767
1205	514324	219	776	757
1206	514563	179	768	762
1207	514843	399	760	751
1208	515361	718	832	764
1209	516099	359	844	741
1210	516517	160	842	754
1211	517554	219	995	729
1212	517793	239	983	724
1213	518112	239	989	711
1214	518371	558	986	676
1215	518950	120	988	662
1216	519209	160	982	696
1217	519388	339	995	684
1218	519747	139	972	666
1219	519907	159	976	671
1220	520186	439	967	608
1221	520644	478	973	629
1222	521143	140	839	607
1223	521482	239	913	636
1224	521781	100	911	669
1225	522000	259	915	657
1226	522339	339	885	639
1227	522997	180	900	701
1228	523396	339	907	696
1229	523974	140	865	678
1230	524253	817	956	616
1231	525090	319	995	621
1232	525429	339	1060	609
1233	525788	179	1085	629
1234	526227	279	1017	537
1235	526526	259	1061	519
1236	527503	159	1027	565
1237	529098	259	914	498
1238	529397	100	931	497
1239	530075	239	991	608
1240	530334	379	984	654
1241	530733	339	969	698
1242	531331	120	929	678
1243	531630	299	996	680
1244	531949	778	932	720
1245	532966	239	887	761
1246	533723	120	855	768
1247	533883	120	853	773
1248	534022	140	919	754
1249	534481	120	985	741
1250	534640	140	852	729
1251	534900	160	863	712
1252	535079	179	858	755
1253	535278	239	931	727
1254	535597	319	359	658
1255	535976	120	356	588
1256	536275	159	304	185
1257	536495	538	129	238
1258	537053	179	173	244
1259	537272	279	310	233
1260	537571	379	122	250
1261	537970	120	159	247
1262	538249	100	124	273
1263	538389	239	352	237
1264	538787	100	488	218
1265	539046	499	471	233
1266	539625	160	329	741
1267	539804	100	381	741
1268	540083	140	410	720
1269	540243	299	437	727
1270	540582	299	338	738
1271	540921	279	438	714
1272	541379	199	220	468
1273	541878	120	872	707
1274	542017	459	996	723
1275	542914	140	571	226
1276	543074	159	524	231
1277	543253	1117	669	235
1278	544390	379	575	258
1279	544789	359	498	216
1280	545327	120	316	249
1281	545726	200	112	257
1282	545985	279	309	243
1283	546304	339	141	253
1284	546782	100	843	736
1285	546922	100	854	775
1286	547181	199	870	811
1287	547400	160	852	724
1288	547660	439	848	773
1289	548118	179	913	737
1290	548318	219	904	658
1291	548577	1535	890	659
1292	550132	199	872	683
1293	550371	160	740	681
1294	550570	419	836	686
1295	551009	538	862	733
1296	551567	857	885	737
1297	552464	120	947	658
1298	552604	279	913	655
1299	552903	379	838	689
1300	553701	159	397	758
1301	553880	917	436	734
1302	554837	160	432	803
1303	555017	259	415	849
1304	555296	259	316	839
1305	556133	538	443	895
1306	556691	100	449	956
1307	556811	319	461	963
1308	557170	140	406	826
1309	557329	359	258	874
1310	557728	319	431	839
1311	558067	140	439	744
1312	558246	199	383	844
1313	558466	140	311	835
1314	558745	339	314	832
1315	559163	140	784	691
1316	559323	120	835	678
1317	559483	299	933	629
1318	559841	120	554	300
1319	560240	120	517	214
1320	560519	100	610	239
1321	560639	538	561	230
1322	561357	598	668	255
1323	562154	100	522	258
1324	562274	140	565	271
1325	562453	119	573	264
1326	562752	339	508	223
1327	563131	100	247	244
1328	563291	219	274	272
1329	563550	219	103	285
1330	563789	159	136	293
1331	563988	120	352	272
1332	564128	299	291	278
1333	564467	120	464	274
1334	564666	100	733	643
1335	565085	100	871	672
1336	565205	239	918	644
1337	565464	160	830	697
1338	565643	100	836	679
1339	565763	140	839	725
1340	566162	259	947	721
1341	566441	120	912	733
1342	566580	399	951	709
1343	566999	120	954	617
1344	567577	140	775	600
1345	568056	219	887	596
1346	568295	159	831	626
1347	568474	160	843	648
1348	569132	319	869	741
1349	569471	439	900	652
1350	569930	140	894	738
1351	570249	120	899	738
1352	570388	618	919	738
1353	571026	1794	915	735
1354	572841	638	876	662
1355	573578	140	841	724
1356	573738	578	823	746
1357	574336	279	811	765
1358	574635	100	784	718
1359	574755	159	768	699
1360	574934	778	824	673
1361	575752	279	834	657
1362	576051	598	781	723
1363	576669	199	818	703
1364	576888	319	780	705
1365	577227	159	806	740
1366	577446	259	424	750
1367	577765	140	474	685
1368	578024	140	444	752
1369	578363	100	427	879
1370	578702	100	438	807
1371	578822	538	405	830
1372	579380	179	449	829
1373	579600	319	443	837
1374	579958	100	438	868
1375	580078	319	441	919
1376	580477	100	449	785
1377	580696	100	826	675
1378	580875	179	851	701
1379	581174	160	832	773
1380	581354	818	855	782
1381	582271	279	366	804
1382	582590	558	382	795
1383	583168	140	443	791
1384	583328	319	419	755
1385	583687	159	502	737
1386	583866	578	503	822
1387	584464	180	473	881
1388	584664	100	467	891
1389	584982	180	345	788
1390	585182	558	410	794
1391	585760	219	505	767
1392	586099	199	497	817
1393	586318	120	482	749
1394	586458	319	565	696
1395	586817	259	382	912
1396	587116	179	401	911
1397	587315	219	391	784
1398	587555	419	412	735
1399	587993	159	448	754
1400	588272	399	413	912
1401	588791	279	268	856
1402	589110	219	431	870
1403	589409	100	463	872
1404	589688	140	823	775
1405	590366	120	849	786
1406	591123	199	860	785
1407	591363	100	870	802
1408	592120	100	352	182
1409	592260	877	303	236
1410	593157	180	306	256
1411	593356	199	358	262
1412	593974	219	446	725
1413	594273	199	345	533
1414	594513	339	376	457
1415	594872	319	328	604
1416	595908	160	306	496
1417	596088	259	335	573
1418	596367	120	336	659
1419	596506	239	400	677
1420	596965	219	265	727
1421	597324	159	303	726
1422	597663	140	275	850
1423	597822	120	228	852
1424	598062	279	278	932
1425	598380	120	380	717
1426	598759	239	376	683
1427	599298	140	387	680
1428	599457	319	403	716
1429	599876	120	420	700
1430	600015	379	418	705
1431	600414	120	445	713
1432	600554	239	333	718
1433	600893	379	374	709
1434	601351	180	430	665
1435	601551	120	406	649
1436	601770	100	434	636
1437	602089	120	384	631
1438	602488	120	399	623
1439	602627	359	401	683
1440	603166	279	407	727
1441	603564	897	373	640
1442	604501	140	249	645
1443	604661	120	300	670
1444	604800	160	323	692
1445	604980	160	314	700
1446	605159	419	283	702
1447	605757	140	283	699
1448	606076	199	273	700
1449	606356	120	347	697
1450	606495	180	362	650
1451	606694	239	371	693
1452	606954	100	424	688
1453	607093	160	478	691
1454	607293	160	470	691
1455	607472	219	390	737
1456	607711	180	400	726
1457	608050	140	470	724
1458	608210	120	552	728
1459	608469	120	366	759
1460	608748	140	328	823
1461	608908	140	288	809
1462	609067	219	374	829
1463	609386	140	325	807
1464	609565	259	415	752
1465	609845	180	370	725
1466	610044	578	362	705
1467	610642	120	272	735
1468	610782	179	371	696
1469	611041	179	454	702
1470	611240	439	336	690
1471	611719	140	434	635
1472	612038	279	377	578
1473	612496	140	331	797
1474	612656	159	351	796
1475	612835	279	314	796
1476	613134	120	294	722
1477	614091	100	711	296
1478	614211	379	494	240
1479	614949	179	624	250
1480	615527	179	676	256
1481	615806	399	370	727
1482	616225	180	444	704
1483	616703	259	518	701
1484	617022	100	540	279
1485	617580	578	542	213
1486	618198	120	211	254
1487	618338	459	297	263
1488	618856	120	126	295
1489	618996	179	100	311
1490	619215	399	279	291
1491	619654	239	91	313
1492	620053	399	105	300
1493	620691	359	305	280
1494	621129	120	187	482
1495	621368	120	212	511
1496	621548	319	180	580
1497	621887	160	217	588
1498	622086	618	163	741
1499	622744	140	324	724
1500	622904	180	353	734
1501	623103	120	410	701
1502	623243	359	463	679
1503	623621	379	390	685
1504	624060	140	321	751
1505	624220	319	258	761
1506	624558	319	219	811
1507	624898	977	156	837
1508	625894	1216	170	752
1509	627150	199	144	674
1510	627370	199	136	636
1511	627589	140	145	597
1512	627828	100	131	588
1513	627988	140	121	615
1514	628307	279	168	606
1515	628626	299	163	590
1516	629144	100	163	575
1517	629284	459	180	579
1518	629782	100	186	585
1519	629902	319	188	580
1520	630281	259	179	609
1521	630560	159	153	586
1522	630799	100	775	542
1523	630978	120	752	544
1524	631178	159	914	455
1525	631856	179	883	777
1526	632075	419	860	806
1527	632533	120	842	807
1528	632693	100	843	803
1529	632833	239	837	809
1530	633231	299	938	663
1531	633550	798	970	641
1532	634388	1774	971	645
1533	636342	199	978	654
1534	636561	200	937	526
1535	636800	279	1057	542
1536	637119	120	970	724
1537	637259	219	942	642
1538	637518	379	939	626
1539	637917	199	1096	660
1540	638136	179	1042	704
1541	638335	139	925	683
1542	638515	379	683	815
1543	638914	139	784	901
1544	639093	339	866	959
1545	639452	339	924	964
1546	639870	199	725	822
1547	640249	638	932	808
1548	640927	140	1002	812
1549	641087	299	947	814
1550	641585	100	1030	871
1551	641725	279	1027	861
1552	642024	199	986	907
1553	642263	299	1044	824
1554	642582	279	1094	812
1555	642981	319	1175	624
1556	643320	578	1193	626
1557	643918	140	1096	777
1558	644097	239	1031	805
1559	644576	160	1038	749
1560	644755	199	1026	811
1561	645154	140	1021	850
1562	645313	199	991	890
1563	645533	159	960	904
1564	645732	139	1001	859
1565	645892	219	1021	823
1566	646131	279	1004	882
1567	646729	379	1059	793
1568	647188	199	894	815
1569	647506	339	1000	822
1570	647866	379	1105	709
1571	648304	219	1117	691
1572	648743	239	1026	545
1573	649002	100	1029	521
1574	649122	299	1012	545
1575	649440	120	1045	605
1576	649760	279	1078	604
1577	650098	359	1127	616
1578	650477	439	1059	654
1579	650956	877	1028	657
1580	651853	239	1056	664
1581	652311	140	196	593
1582	652491	100	186	592
1583	652611	439	123	528
1584	653348	140	579	284
1585	653647	219	468	256
1586	653966	179	622	265
1587	654186	239	471	264
1588	654445	399	579	278
1589	654864	120	604	284
1590	655003	159	515	252
1591	655202	538	656	274
1592	655781	199	534	273
1593	656000	558	573	210
1594	656578	419	514	223
1595	657057	279	505	253
1596	657396	179	500	220
1597	657774	140	234	206
1598	657994	119	319	222
1599	658333	199	128	205
1600	658552	777	137	207
1601	659409	419	269	224
1602	659868	618	100	259
1603	660905	439	109	199
1604	661503	140	166	496
1605	661861	180	184	564
1606	662061	738	183	573
1607	663158	100	162	653
1608	663277	160	182	707
1609	663496	279	261	684
1610	663955	479	193	660
1611	664513	120	170	667
1612	664972	140	175	679
1613	665211	120	171	672
1614	665829	199	125	679
1615	666108	140	126	679
1616	666567	140	192	664
1617	666806	120	164	670
1618	667005	120	194	672
1619	667464	179	195	678
1620	667962	140	194	676
1621	668202	120	185	666
1622	668660	140	174	678
1623	668899	120	172	678
1624	669099	119	176	678
1625	669498	120	142	677
1626	669697	120	137	679
1627	669896	120	148	676
1628	670096	120	141	676
1629	670315	100	154	687
1630	670993	120	177	774
1631	671212	100	234	790
1632	671392	120	208	788
1633	671591	120	198	789
1634	672050	120	168	781
1635	672489	120	191	723
1636	672688	100	255	759
1637	673046	140	260	768
1638	673286	120	255	772
1639	673685	119	225	801
1640	673884	120	281	786
1641	674582	100	287	744
1642	674741	259	296	781
1643	675080	120	283	774
1644	675279	120	310	760
1645	675638	120	312	754
1646	676137	100	291	752
1647	676256	100	228	753
1648	676595	120	485	192
1649	676815	120	510	172
1650	676974	399	268	207
1651	677532	100	257	815
1652	677652	439	320	785
1653	678131	120	223	706
1654	678310	140	228	709
1655	678469	120	366	733
1656	678868	100	1025	710
1657	679227	558	913	792
1658	679865	259	327	747
1659	680144	100	320	785
1660	680284	160	408	745
1661	680663	100	531	722
1662	680942	100	946	782
1663	681061	618	943	802
1664	681958	100	310	747
1665	682078	160	408	722
1666	682258	199	456	733
1667	682477	120	488	731
1668	683175	359	1040	550
1669	683573	339	935	825
1670	683952	239	1042	530
1671	684211	199	1088	534
1672	684431	259	1147	560
1673	684710	259	1049	549
1674	685009	518	1072	685
1675	685547	140	1118	774
1676	685707	239	1146	790
1677	685966	718	1084	666
1678	686724	199	1070	664
1679	686983	379	1033	649
1680	687541	120	990	616
1681	687701	160	1122	621
1682	687880	359	1154	593
1683	688259	239	1097	538
1684	688817	638	312	203
1685	689555	239	304	172
1686	689834	319	129	205
1687	690272	199	176	196
1688	690492	319	129	209
1689	690831	159	175	206
1690	691070	299	383	743
1691	691409	199	324	778
1692	691748	339	425	720
1693	692107	219	366	799
1694	692346	399	330	751
1695	692765	179	184	833
1696	692964	219	204	788
1697	693203	120	253	780
1698	693343	239	187	792
1699	693602	120	202	857
1700	694041	159	112	847
1701	694240	139	245	869
1702	694399	239	267	870
1703	694659	219	208	865
1704	694898	179	179	894
1705	695297	100	323	762
1706	695496	179	437	705
1707	695735	180	206	877
1708	696034	160	206	781
1709	696214	219	197	685
1710	696553	459	184	638
1711	697290	279	194	778
1712	697609	319	258	903
1713	698008	538	317	838
1714	698566	319	242	949
1715	698906	239	241	953
1716	699165	199	255	813
1717	699404	160	309	739
1718	699603	419	258	858
1719	700201	279	1002	684
1720	700500	199	897	705
1721	701019	100	255	272
1722	701238	140	216	758
1723	701697	140	272	791
1724	701856	239	171	789
1725	702115	478	328	684
1726	702654	159	437	627
1727	702833	120	503	622
1728	702993	100	508	624
1729	703172	120	336	667
1730	703312	120	335	736
1731	703571	160	275	769
1732	703750	199	312	742
1733	703970	199	313	734
1734	704209	259	237	783
1735	704488	259	274	772
1736	704767	140	288	756
1737	704926	120	224	785
1738	705186	678	276	783
1739	705963	977	301	786
1740	707518	339	179	810
1741	707877	219	144	751
1742	708176	199	213	819
1743	708396	259	216	865
1744	708715	120	289	756
1745	708854	259	327	731
1746	709133	538	321	676
1747	709732	100	428	247
1748	709871	100	428	247
1749	709991	179	504	170
1750	710190	219	616	171
1751	710429	179	671	176
1752	710888	299	1044	739
1753	711406	239	1011	631
1754	711666	159	989	594
1755	712224	100	1050	587
1756	712383	100	1151	544
1757	712642	139	1213	540
1758	712802	180	1229	520
1759	713041	718	1170	565
1760	714058	299	1069	613
1761	714496	359	1086	613
1762	714935	100	1084	633
1763	715095	100	1075	625
1764	715214	159	1120	627
1765	716092	139	977	825
1766	716251	120	1018	892
1767	716690	140	1019	894
1768	717048	180	986	560
1769	717248	239	1036	510
1770	717567	219	1038	492
1771	717926	259	1057	623
1772	718604	140	1108	819
1773	719282	319	1132	880
1774	719620	159	1137	869
1775	719860	100	1150	864
1776	720059	100	1166	909
1777	720278	100	1057	925
1778	720817	100	1120	777
1779	721096	120	978	972
1780	721495	139	1273	735
1781	721694	100	1129	718
1782	721834	140	985	681
1783	722252	319	1035	661
1784	722591	279	984	664
1785	723010	120	948	670
1786	723149	160	1005	707
1787	723389	239	868	729
1788	723907	279	856	698
1789	724226	359	992	666
1790	724605	538	936	666
1791	725163	857	1022	661
1792	726040	160	1030	611
1793	726300	199	990	564
1794	726519	1376	905	572
1795	727914	399	906	586
1796	728393	638	885	585
1797	729051	1057	958	558
1798	730128	299	1020	496
1799	730486	379	1018	490
1800	731085	438	335	236
1801	731543	199	518	204
1802	731782	3649	653	217
1803	735471	877	580	233
1804	736388	379	330	231
1805	736826	199	139	244
1806	737245	538	319	224
1807	737823	219	235	524
1808	738342	698	145	433
1809	739060	199	130	431
1810	739358	100	122	468
1811	739478	219	162	432
1812	739877	100	163	431
1813	740116	857	174	558
1814	740994	199	170	551
1815	741372	299	394	597
1816	741691	120	299	616
1817	741911	259	300	613
1818	742389	200	168	544
1819	742608	499	140	441
1820	743127	100	225	501
1821	743426	140	215	493
1822	743585	678	141	421
1823	744283	120	109	441
1824	744502	100	117	450
1825	744722	159	199	358
1826	745001	160	163	418
1827	745340	239	204	405
1828	745599	239	95	470
1829	746098	598	198	527
1830	746716	100	195	606
1831	747633	199	124	701
1832	747992	140	106	698
1833	748151	120	120	695
1834	748689	140	145	786
1835	748849	100	176	819
1836	748968	180	238	805
1837	749208	120	214	792
1838	749367	259	166	812
1839	749646	439	212	819
1840	750165	319	183	889
1841	750803	120	120	898
1842	751002	219	149	902
1843	751261	120	145	771
1844	751839	160	139	919
1845	752079	120	170	916
1846	752218	239	201	914
1847	753355	319	136	249
1848	754491	160	190	689
1849	754770	578	156	716
1850	755608	837	148	734
1851	756465	459	186	740
1852	756963	379	153	733
1853	757362	777	188	795
1854	758180	439	199	806
1855	758658	1455	231	815
1856	760373	319	346	820
1857	760771	518	103	305
1858	761449	319	119	231
1859	761908	378	300	197
1860	762386	200	820	642
1861	762865	538	927	714
1862	763443	758	731	693
1863	764221	139	764	695
1864	764380	319	823	644
1865	764719	379	925	702
1866	765138	359	802	678
1867	765616	179	788	636
1868	765915	140	744	625
1869	766095	239	833	636
1870	766354	498	901	715
1871	766872	479	806	642
1872	767371	1316	830	537
1873	768707	379	855	527
1874	769145	219	839	491
1875	769524	937	846	491
1876	770481	678	946	483
1877	771179	459	1041	455
1878	771777	1077	996	526
1879	772933	259	1034	544
1880	773212	658	1014	535
1881	773910	279	994	550
1882	774209	279	1025	566
1883	774708	199	1062	562
1884	774927	259	1024	547
1885	775366	299	1017	493
1886	775685	100	1095	433
1887	776083	100	230	766
1888	776263	100	318	794
1889	776382	160	383	795
1890	776881	419	324	241
1891	777339	160	151	246
1892	777559	179	538	222
1893	777778	638	630	234
1894	778436	877	669	238
1895	779333	179	552	251
1896	779533	578	581	263
1897	780131	518	516	223
1898	780769	180	511	209
1899	780968	319	313	232
1900	781367	199	128	239
1901	781626	120	413	223
1902	781766	738	329	228
1903	782523	180	145	251
1904	783181	120	1071	573
1905	783321	259	1041	546
1906	783600	140	1021	508
1907	783799	120	1094	540
1908	784118	120	1073	520
1909	784258	160	1043	521
1910	784537	279	1131	533
1911	784836	159	1031	491
1912	785015	279	1014	486
1913	785414	279	1090	556
1914	785713	219	1170	547
1915	785972	219	1095	534
1916	786212	180	1074	556
1917	786451	140	1139	559
1918	786710	638	1181	553
1919	787368	379	1098	556
1920	787767	219	1060	582
1921	788026	319	1112	593
1922	788405	399	1073	652
1923	789023	319	1088	480
1924	789362	120	1094	447
1925	789541	678	1070	722
1926	790299	279	1075	727
1927	790598	1097	1043	718
1928	791714	1296	1056	739
1929	793070	798	1046	539
1930	793888	319	1027	535
1931	794226	100	1093	535
1932	794346	219	1088	553
1933	794685	239	1148	536
1934	794944	160	1162	596
1935	795203	359	1122	602
1936	795682	199	1099	584
1937	795921	120	1053	633
1938	796579	179	1047	660
1939	796779	239	995	667
1940	797038	478	1005	736
1941	797636	120	1123	615
1942	797775	698	1150	633
1943	798493	359	1128	666
1944	799071	219	1150	646
1945	799889	179	324	457
1946	800108	179	329	809
1947	800307	279	296	829
1948	800806	439	264	824
1949	801264	279	327	802
1950	801962	319	1087	796
1951	802301	498	1058	823
1952	802919	120	1144	628
1953	803119	239	1232	560
1954	803737	120	321	836
1955	803936	120	340	809
1956	804395	140	485	225
1957	804574	319	332	236
1958	804953	139	584	227
1959	805112	518	529	222
1960	805671	698	670	236
1961	806408	259	554	265
1962	806807	239	580	254
1963	807066	518	529	226
1964	807624	160	282	250
1965	807804	538	341	250
1966	808402	279	130	258
1967	808701	140	185	261
1968	808901	1077	334	248
1969	809997	419	348	255
1970	810496	399	138	273
1971	810934	100	156	281
1972	811712	678	364	813
1973	812629	140	306	836
1974	812848	379	330	903
1975	813247	299	310	844
1976	813566	319	360	920
1977	813905	219	397	913
1978	814144	179	368	874
1979	814363	219	377	835
1980	814643	100	467	827
1981	814822	299	458	836
1982	815201	119	943	675
1983	815480	160	1085	687
1984	815659	199	1075	653
1985	815879	379	1161	618
1986	816298	618	1073	696
1987	816935	639	1111	671
1988	817593	159	1146	673
1989	817773	100	1040	679
1990	817893	239	1043	699
1991	818152	359	1083	686
1992	818530	159	1058	683
1993	818710	279	1061	662
1994	819009	319	1003	580
1995	819348	179	987	526
1996	819547	339	1020	523
1997	820026	119	975	543
1998	820185	139	829	670
1999	820385	199	880	658
2000	820604	179	845	647
2001	820803	179	773	702
2002	821003	140	733	703
2003	821162	120	815	686
2004	821840	817	710	712
2005	822677	200	732	716
2006	822917	877	736	713
2007	823874	459	732	734
2008	824372	199	741	835
2009	824591	937	772	819
2010	825548	479	845	733
2011	826047	219	918	792
2012	826286	219	858	823
2013	826545	120	838	823
2014	826685	159	860	868
2015	826904	139	949	896
2016	827263	120	940	838
2017	827921	139	927	736
2018	828080	160	942	726
2019	828380	179	983	785
2020	828698	100	923	801
2021	829277	438	838	837
2022	829735	379	754	688
2023	830134	259	724	641
2024	830473	199	860	793
2025	830712	120	867	703
2026	830991	140	1008	596
2027	831151	399	1011	565
2028	831569	359	1042	578
2029	832108	140	917	788
2030	832267	439	918	851
2031	832746	359	995	573
2032	833125	279	1030	578
2033	833424	179	988	571
2034	833623	758	1134	600
2035	834420	1057	1002	586
2036	835497	359	1041	642
2037	835876	678	1065	614
2038	836574	459	1093	678
2039	837072	379	1111	690
2040	837750	399	316	236
2041	838189	957	516	212
2042	839206	439	673	228
2043	839664	179	548	244
2044	839864	359	569	255
2045	840242	439	512	245
2046	840741	100	190	238
2047	840860	479	122	262
2048	841379	219	303	241
2049	841618	219	347	253
2050	841937	100	336	244
2051	842096	359	318	247
2052	842475	139	360	259
2053	842734	140	506	248
2054	843014	140	131	259
2055	843193	239	94	303
2056	843532	100	721	603
2057	843791	339	1007	556
2058	844290	100	1194	562
2059	844409	140	1039	492
2060	844569	160	1010	495
2061	844768	439	1047	547
2062	845227	359	1012	525
2063	845606	140	1070	540
2064	845765	140	1139	554
2065	845925	459	1227	535
2066	846403	239	1120	523
2067	846662	120	1106	528
2068	846802	479	1175	536
2069	847300	778	1173	547
2070	848098	199	1155	554
2071	848317	259	1205	550
2072	848596	678	1227	550
2073	849294	678	1147	579
2074	850191	100	1089	554
2075	850311	259	1078	598
2076	850729	199	1087	680
2077	850949	159	1127	687
2078	851128	239	1088	688
2079	851726	120	1071	694
2080	852304	159	341	268
2081	852484	239	324	272
2082	852743	239	350	287
2083	853002	818	321	267
2084	853900	159	341	274
2085	854198	180	333	263
2086	854398	538	134	295
2087	854996	319	322	273
2088	855335	179	368	265
2089	855554	179	523	253
2090	855794	120	281	260
2091	855933	140	327	269
2092	856491	259	1063	708
2093	856930	120	1077	699
2094	857129	100	1101	690
2095	857329	100	1041	703
2096	857488	299	1020	684
2097	857867	160	1012	673
2098	858405	199	998	712
2099	858625	120	1003	730
2100	858824	120	1014	726
2101	859183	259	964	758
2102	859582	299	1103	714
2103	859921	160	950	774
2104	860120	857	1070	702
2105	860997	199	1076	797
2106	861296	259	1027	832
2107	861595	179	1121	796
2108	862293	219	274	805
2109	862532	419	365	818
2110	862991	219	500	826
2111	863250	299	353	907
2112	863569	897	297	884
2113	864686	120	123	324
2114	864845	279	93	321
2115	865184	100	248	299
2116	865304	319	289	278
2117	865643	199	322	270
2118	865862	179	284	262
2119	866061	180	334	265
2120	866301	379	629	261
2121	866739	459	317	266
2122	867298	578	356	236
2123	867916	319	139	253
2124	868274	758	568	274
2125	869052	339	526	225
2126	869431	139	291	234
2127	869590	339	285	275
2128	869969	399	98	314
2129	870408	259	264	283
2130	871046	140	1062	672
2131	871205	160	1096	819
2132	871385	119	1107	806
2133	871823	199	1231	785
2134	872043	120	1142	802
2135	872262	100	1117	606
2136	872481	139	1119	607
2137	872661	379	1117	611
2138	873638	179	1175	795
2139	874096	359	1086	650
2140	874475	199	1094	629
2141	874993	179	388	813
2142	875193	179	308	843
2143	875492	219	300	865
2144	875831	239	344	896
2145	876269	100	330	900
2146	876389	578	377	830
2147	876987	219	381	819
2148	877266	139	145	691
2149	877426	179	184	673
2150	877844	159	1079	617
2151	878363	279	103	586
2152	878881	179	1012	596
2153	879180	100	674	491
2154	879300	479	744	564
2155	879818	419	1081	442
2156	880735	259	1097	673
2157	881014	259	1066	666
2158	881513	140	331	234
2159	881672	279	518	252
2160	882031	1117	643	274
2161	883168	199	677	275
2162	883706	299	579	202
2163	884045	140	573	211
2164	884284	259	566	212
2165	884563	160	518	258
2166	884822	219	300	256
2167	885062	498	303	226
2168	885600	478	135	242
2169	886138	179	501	208
2170	886358	120	266	224
2171	886497	180	309	235
2172	886717	359	120	249
2173	887095	140	157	248
2174	887315	100	912	597
2175	887694	279	1050	485
2176	888013	239	1056	492
2177	888411	199	1055	488
2178	889049	120	781	636
2179	889189	180	752	619
2180	889388	259	807	654
2181	889667	479	761	614
2182	890166	439	716	630
2183	890644	120	920	593
2184	890784	100	961	573
2185	891143	100	1015	571
2186	891282	219	953	575
2187	891522	419	811	627
2188	891980	180	965	584
2189	892179	379	969	584
2190	892578	538	980	622
2191	893156	100	998	647
2192	893276	419	1021	660
2193	893715	459	1023	650
2194	894193	199	1102	609
2195	894432	259	1089	628
2196	894712	339	1040	647
2197	895210	100	1042	768
2198	895330	897	1002	760
2199	896267	279	912	774
2200	896566	180	971	749
2201	896945	339	1124	717
2202	897363	259	923	742
2203	897642	120	905	760
2204	898121	100	980	640
2205	898360	100	1048	737
2206	898819	618	985	727
2207	899457	339	963	743
2208	899855	100	980	731
2209	900174	359	972	667
2210	900573	160	992	679
2211	900872	100	996	654
2212	900992	100	1005	648
2213	901271	479	985	687
2214	901769	179	1021	669
2215	901969	239	1016	722
2216	902547	299	976	751
2217	902866	179	914	788
2218	903065	658	941	803
2219	903962	239	212	631
2220	904242	160	213	728
2221	904421	339	169	732
2222	904860	239	368	808
2223	905179	219	319	836
2224	905418	179	347	769
2225	905617	439	209	659
2226	906355	179	183	720
2227	906554	279	167	749
2228	906853	179	230	796
2229	907053	180	257	789
2230	907252	857	208	803
2231	908150	259	289	804
2232	908648	259	937	795
2233	909206	1236	256	877
2234	910462	359	264	901
2235	910841	279	256	814
2236	911140	319	309	759
2237	911559	120	187	700
2238	911758	120	234	825
2239	911938	180	929	774
2240	912137	100	978	747
2241	912336	140	1069	631
2242	912536	379	1132	726
2243	913214	160	729	647
2244	913732	100	257	778
2245	913852	379	246	825
2246	914250	199	293	760
2247	914749	259	281	273
2248	915048	319	123	266
2249	915387	678	139	263
2250	916085	578	160	270
2251	916723	239	100	314
2252	917002	239	247	285
2253	917540	3768	656	267
2254	921328	518	558	269
2255	921906	160	568	273
2256	922165	279	312	250
2257	922484	160	145	259
2258	922744	199	136	295
2259	922963	319	306	269
2260	923541	139	148	276
2261	923800	100	130	282
2262	923960	279	190	279
2263	924319	160	766	635
2264	924857	159	1062	689
2265	925036	140	1107	699
2266	925196	279	1088	726
2267	926073	139	996	683
2268	926233	199	1060	636
2269	926452	299	1100	615
2270	926811	319	1037	650
2271	927150	199	1067	625
2272	927369	199	1034	685
2273	927608	140	1138	718
2274	928047	598	1014	679
2275	928665	379	1004	744
2276	929144	159	1010	789
2277	929323	120	1005	800
2278	929462	578	1036	671
2279	930061	498	1093	624
2280	930579	439	1040	642
2281	931317	140	728	649
2282	931476	219	787	697
2283	931715	120	815	716
2284	931875	439	1063	730
2285	932453	459	733	635
2286	933051	179	796	638
2287	933310	140	779	683
2288	933570	100	751	635
2289	933709	120	1015	688
2290	933849	638	1080	696
2291	934985	100	812	640
2292	935105	140	795	691
2293	935264	239	805	711
2294	935524	419	781	721
2295	936241	120	251	755
2296	936481	160	183	678
2297	936680	359	289	772
2298	937059	140	261	783
2299	937218	120	291	765
2300	937378	399	243	805
2301	937797	459	284	828
2302	938275	140	323	847
2303	938434	299	347	847
2304	938753	339	260	855
2305	939112	259	214	885
2306	939392	100	259	799
2307	939511	160	287	752
2308	939730	518	341	725
2309	940468	139	290	826
2310	940648	199	236	856
2311	940867	139	228	915
2312	941106	219	180	902
2313	941604	219	790	692
2314	941864	877	788	696
2315	942801	179	892	820
2316	943120	259	843	613
2317	943399	180	828	619
2318	943618	100	858	658
2319	943838	140	903	666
2320	944396	120	879	600
2321	944595	439	769	732
2322	945054	100	838	790
2323	945532	159	917	765
2324	945931	120	948	734
2325	946070	199	995	738
2326	946569	100	357	235
2327	946688	239	516	231
2328	946988	379	317	271
2329	947406	558	134	295
2330	948104	219	538	245
2331	948603	140	146	291
2332	948762	299	198	292
2333	949241	179	628	241
2334	949540	140	669	268
2335	949799	100	252	816
2336	949938	120	247	821
2337	950158	259	323	760
2338	950497	120	281	748
2339	950915	299	90	311
2340	951234	199	153	302
2341	951513	140	316	803
2342	951832	180	359	856
2343	952132	120	182	364
2344	952271	140	168	324
2345	952510	219	222	904
2346	952809	100	205	906
2347	953009	100	288	329
2348	953148	120	287	282
2349	953288	179	309	268
2350	953507	140	308	265
2351	953687	120	124	255
2352	953846	140	120	279
2353	954225	100	146	259
2354	954444	319	180	262
2355	954883	180	295	250
2356	955202	179	549	249
2357	955401	139	496	250
2358	955601	140	316	266
2359	955780	219	520	237
2360	956079	139	542	264
2361	956258	140	567	301
2362	956438	100	569	284
2363	956578	160	560	317
2364	956857	499	501	247
2365	957395	638	632	261
2366	958053	319	561	267
2367	958392	399	649	279
2368	958870	120	193	281
2369	959010	139	107	298
2370	959170	459	171	276
2371	959648	139	90	295
2372	959847	598	541	244
2373	960505	120	144	295
2374	960645	299	103	306
2375	961362	598	553	217
2376	962040	159	818	670
2377	962220	180	858	730
2378	962419	279	918	750
2379	962718	279	841	723
2380	963057	319	845	721
2381	963596	638	303	266
2382	964274	498	119	292
2383	964951	219	503	247
2384	965250	279	492	223
2385	965550	379	500	264
2386	966387	339	137	270
2387	966746	379	307	253
2388	967164	180	146	260
2389	967603	219	299	267
2390	969058	219	212	643
2391	969298	459	193	605
2392	969796	638	368	705
2393	970474	279	374	711
2394	970773	538	280	740
2395	971331	598	208	659
2396	971949	219	168	633
2397	972189	379	213	638
2398	972587	778	361	700
2399	974182	120	304	786
2400	974342	139	328	797
2401	974561	100	315	801
2402	974840	259	308	800
2403	975139	139	315	789
2404	975319	199	362	808
2405	975578	319	209	599
2406	975917	139	223	637
2407	976176	179	167	697
2408	976395	598	175	628
2409	977034	259	361	704
2410	977313	219	224	567
2411	977572	299	214	542
2412	977891	100	207	613
2413	978010	399	213	623
2414	978848	120	280	664
2415	980004	179	362	695
2416	980403	140	195	584
2417	980562	439	195	687
2418	981141	100	151	641
2419	981260	598	140	638
2420	982795	239	189	697
2421	983055	139	177	661
2422	983294	160	206	654
2423	983712	139	122	706
2424	983952	120	128	708
2425	984251	399	154	740
2426	984849	120	122	719
2427	985048	120	130	720
2428	985248	120	180	747
2429	985447	100	163	781
2430	985646	120	163	784
2431	985786	180	155	769
2432	986065	100	214	777
2433	986245	120	183	784
2434	986404	179	188	789
2435	986803	160	120	819
2436	986982	140	152	823
2437	987202	179	106	827
2438	987540	239	137	833
2439	987860	160	121	698
2440	988398	140	201	815
2441	988557	100	290	812
2442	988737	120	298	803
2443	989036	100	260	807
2444	989175	199	253	805
2445	989395	139	223	848
2446	989734	100	349	913
2447	990252	219	258	848
2448	990591	379	274	825
2449	991089	120	320	826
2450	991488	120	187	812
2451	991628	120	269	818
2452	991827	100	272	816
2453	992026	120	235	823
2454	992226	100	247	819
2455	992425	239	257	819
2456	992784	120	318	801
2457	993023	100	318	755
2458	993223	140	357	738
2459	993462	159	293	738
2460	993641	160	338	743
2461	993980	140	339	846
2462	994160	259	334	844
2463	994638	100	151	804
2464	994878	139	188	810
2465	995057	1954	182	810
2466	997031	159	125	739
2467	997330	219	175	811
2468	997968	120	274	836
2469	998207	339	213	893
2470	998566	379	264	892
2471	999044	160	265	818
2472	999304	100	258	770
2473	999523	120	228	796
2474	1000021	100	281	799
2475	1000201	120	189	816
2476	1000400	120	163	899
2477	1000619	399	162	902
2478	1001038	100	204	894
2479	1001198	120	208	892
2480	1001596	499	128	891
2481	1002115	299	166	878
2482	1002593	140	258	894
2483	1002753	120	280	891
2484	1003191	120	145	759
2485	1003351	239	138	761
2486	1003610	100	175	839
2487	1004009	100	135	843
2488	1004447	140	205	842
2489	1004687	120	206	847
2490	1005106	179	153	869
2491	1005385	120	103	849
2492	1005704	100	194	804
2493	1006142	139	64	809
2494	1006382	120	94	803
2495	1006581	120	62	807
2496	1006780	120	111	801
2497	1007239	120	138	804
2498	1007478	120	190	810
2499	1007677	119	294	795
2500	1007877	120	293	797
2501	1008076	120	292	791
2502	1008535	179	318	791
2503	1008774	100	293	800
2504	1008973	100	369	790
2505	1009173	140	282	802
2506	1009890	319	183	797
2507	1010289	120	169	787
2508	1010488	120	186	786
2509	1010688	120	243	787
2510	1010947	140	241	784
2511	1011186	120	241	792
2512	1011386	120	191	696
2513	1011585	100	234	754
2514	1011784	120	280	714
2515	1011984	120	293	710
2516	1012482	100	283	691
2517	1012682	120	273	711
2518	1013140	140	281	721
2519	1013639	120	290	732
2520	1013878	100	287	736
2521	1014077	100	287	738
2522	1014675	100	359	674
2523	1014875	100	374	672
2524	1015074	100	353	693
2525	1015274	120	257	747
2526	1015573	120	235	767
2527	1015772	180	224	776
2528	1015971	120	242	769
2529	1016111	179	234	769
2530	1016310	180	202	778
2531	1016570	120	201	785
2532	1016769	179	206	775
2533	1016968	120	261	764
2534	1017168	120	259	760
2535	1017566	120	252	733
2536	1017866	139	237	738
2537	1018025	139	256	737
2538	1018264	100	301	743
2539	1018464	120	384	753
2540	1018862	120	445	776
2541	1019361	100	304	778
2542	1019760	140	152	787
2543	1019979	140	142	794
2544	1020218	120	141	787
2545	1020617	120	115	735
2546	1020836	100	137	787
2547	1021016	140	128	793
2548	1021973	120	172	722
2549	1022930	160	292	763
2550	1023867	120	391	728
2551	1024325	140	446	659
2552	1024564	100	444	684
2553	1025342	100	487	687
2554	1025462	199	492	686
2555	1025681	219	513	684
2556	1025960	159	289	720
2557	1026140	219	271	746
2558	1026459	140	235	764
2559	1026678	140	213	710
2560	1026917	319	182	706
2561	1027316	120	179	707
2562	1027515	120	181	707
2563	1027715	120	142	680
2564	1027914	120	125	681
2565	1028612	120	156	483
2566	1029569	100	141	463
2567	1029768	140	195	477
2568	1030007	140	215	490
2569	1030266	100	185	443
2570	1030466	100	204	396
2571	1030606	100	217	386
2572	1030885	100	222	371
2573	1031024	139	216	374
2574	1031184	159	181	386
2575	1032021	299	325	523
2576	1032340	219	190	624
2577	1032579	279	210	635
2578	1032878	159	152	623
2579	1033078	180	306	520
2580	1033297	239	116	646
2581	1033616	120	298	529
2582	1033756	658	325	532
2583	1034453	160	407	560
2584	1034633	140	389	591
2585	1034812	299	315	625
2586	1035331	379	368	638
2587	1035969	100	291	598
2588	1036088	199	291	604
2589	1036308	299	206	615
2590	1036627	219	142	775
2591	1036866	279	150	829
2592	1037165	299	140	850
2593	1037484	120	177	850
2594	1037643	618	137	753
2595	1038282	339	163	833
2596	1038640	120	184	911
2597	1038780	160	217	922
2598	1038979	219	231	918
2599	1039219	279	146	937
2600	1039777	100	201	760
2601	1039916	120	139	685
2602	1040056	179	107	631
2603	1040335	140	133	372
2604	1040494	199	122	289
2605	1040714	259	97	305
2606	1040993	140	138	289
2607	1041491	219	107	270
2608	1041790	159	144	744
2609	1041970	140	173	732
2610	1042129	180	192	706
2611	1042329	160	226	749
2612	1042528	1376	333	733
2613	1043924	1176	341	788
2614	1045120	259	273	820
2615	1045419	160	271	814
2616	1045598	439	314	838
2617	1046057	219	377	835
2618	1046296	199	354	731
2619	1046516	199	321	736
2620	1046755	259	194	677
2621	1047572	140	211	722
2622	1048031	199	371	673
2623	1048250	219	343	674
2624	1048549	219	347	679
2625	1048788	120	355	672
2626	1048988	120	351	682
2627	1049386	100	226	711
2628	1049606	159	333	746
2629	1049985	100	310	774
2630	1050184	100	366	768
2631	1050583	180	291	779
2632	1050782	120	300	775
2633	1050982	120	342	810
2634	1051540	160	355	692
2635	1052896	758	192	705
2636	1053673	339	149	778
2637	1054032	279	222	829
2638	1054830	339	221	901
2639	1055188	139	186	900
2640	1055747	518	178	900
2641	1056405	140	168	883
2642	1056564	120	165	852
2643	1056784	100	178	867
2644	1057062	100	157	791
2645	1057441	100	237	789
2646	1057641	120	257	795
2647	1057840	100	261	782
2648	1058040	120	217	784
2649	1058239	120	181	791
2650	1058458	100	160	845
2651	1058658	159	116	853
2652	1058937	120	66	847
2653	1059136	100	61	841
2654	1059335	100	67	838
2655	1059535	120	78	829
2656	1059734	100	96	834
2657	1059854	100	137	825
2658	1060233	120	174	819
2659	1060432	120	170	820
2660	1060631	120	165	788
2661	1060831	120	120	773
2662	1061030	359	61	715
2663	1061509	399	109	736
2664	1061927	199	35	715
2665	1062147	159	26	716
2666	1062785	139	274	954
2667	1063024	120	273	956
2668	1063263	200	100	652
2669	1063582	140	298	618
2670	1063821	199	315	613
2671	1064081	140	319	604
2672	1064320	120	325	603
2673	1064719	120	375	597
2674	1064938	100	333	540
2675	1065157	100	408	634
2676	1065416	140	402	645
2677	1065915	120	443	635
2678	1066134	120	392	677
2679	1066433	100	446	744
2680	1066613	239	495	734
2681	1067211	120	467	726
2682	1067430	120	479	726
2683	1067689	200	489	727
2684	1067908	239	534	719
2685	1068327	120	448	741
2686	1068606	100	491	773
2687	1068846	499	552	762
2688	1069444	199	581	756
2689	1069823	279	398	938
2690	1070540	139	378	610
2691	1070760	140	470	526
2692	1071238	379	323	485
2693	1071637	100	332	487
2694	1071756	479	327	493
2695	1072315	160	327	498
2696	1072594	100	285	508
2697	1072734	139	280	511
2698	1072953	140	284	508
2699	1073132	199	270	501
2700	1073351	140	285	505
2701	1073531	179	276	497
2702	1073730	139	282	494
2703	1073930	139	332	492
2704	1074129	139	331	492
2705	1074348	180	336	491
2706	1074687	139	339	482
2707	1074986	100	319	486
2708	1075186	239	317	498
2709	1075545	139	304	502
2710	1075784	120	300	496
2711	1075983	120	310	500
2712	1076183	120	308	501
2713	1076382	100	317	494
2714	1076581	100	326	568
2715	1076781	120	306	571
2716	1076980	140	291	467
2717	1077179	459	337	490
2718	1078136	738	303	418
2719	1078894	578	446	478
2720	1079592	319	366	443
2721	1079931	100	282	418
2722	1080050	778	278	426
2723	1080908	100	275	425
2724	1081406	498	272	426
2725	1081945	299	259	445
2726	1082443	439	267	651
2727	1082902	179	205	640
2728	1083500	199	390	513
2729	1083719	219	246	588
2730	1083958	140	261	520
2731	1084118	359	295	498
2732	1084496	379	256	495
2733	1084895	120	315	516
2734	1085035	199	306	607
2735	1085294	897	265	613
2736	1086211	239	304	641
2737	1086490	299	253	676
2738	1086829	897	303	750
2739	1087966	359	352	771
2740	1088344	399	330	765
2741	1088783	199	308	872
2742	1089022	239	261	628
2743	1089282	239	262	627
2744	1089640	618	273	479
2745	1090278	259	365	480
2746	1090637	159	318	485
2747	1090817	100	267	481
2748	1091036	279	270	481
2749	1091355	259	267	492
2750	1091654	478	238	696
2751	1092153	219	220	686
2752	1092551	319	418	714
2753	1093229	120	396	677
2754	1093428	100	390	677
2755	1093568	359	275	715
2756	1094027	100	241	719
2757	1094744	179	290	550
2758	1094944	120	304	547
2759	1095602	219	399	672
2760	1095841	219	432	676
2761	1096439	120	394	538
2762	1096638	120	396	534
2763	1097037	100	390	687
2764	1097237	100	388	691
2765	1097835	179	353	704
2766	1098034	239	382	710
2767	1098373	279	378	707
2768	1099330	140	339	783
2769	1099490	140	353	817
2770	1099669	259	366	811
2771	1099968	339	362	812
2772	1100327	199	322	801
2773	1100566	339	328	770
2774	1101005	179	365	704
2775	1101264	100	385	707
2776	1101463	120	214	699
2777	1101663	120	210	705
2778	1101882	219	184	804
2779	1102660	100	353	659
2780	1103058	120	382	508
2781	1103318	120	276	543
2782	1103497	140	316	527
2783	1103756	199	389	507
2784	1104075	159	385	692
2785	1104514	219	285	556
2786	1104773	100	327	549
2787	1104952	140	324	547
2788	1105112	219	286	546
2789	1105391	139	289	546
2790	1105610	180	292	556
2791	1105909	140	285	549
2792	1106149	120	289	550
2793	1106488	239	183	573
2794	1106906	140	186	714
2795	1107405	120	256	707
2796	1107644	120	183	711
2797	1107903	120	110	792
2798	1108063	100	252	839
2799	1108262	160	269	831
2800	1108442	140	282	831
2801	1108601	139	205	826
2802	1108840	120	211	826
2803	1109040	100	220	825
2804	1109438	419	321	893
2805	1110136	100	411	698
2806	1110336	120	408	748
2807	1110595	120	360	748
2808	1110934	120	402	766
2809	1111093	160	380	772
2810	1111392	140	389	770
2811	1111552	199	373	776
2812	1112030	140	386	767
2813	1112230	100	396	770
2814	1112429	120	413	751
2815	1112648	179	389	759
2816	1112927	120	379	760
2817	1113127	120	380	755
2818	1113585	120	365	768
2819	1113824	120	365	769
2820	1114024	319	361	775
2821	1114682	140	346	815
2822	1114921	179	347	811
2823	1115340	100	345	862
2824	1115619	120	295	844
2825	1115818	279	300	844
2826	1116118	120	345	847
2827	1116656	100	284	910
2828	1117374	100	379	418
2829	1117493	419	358	415
2830	1117932	678	366	417
2831	1118630	100	367	417
2832	1118749	140	405	402
2833	1119666	299	404	449
2834	1120225	199	409	535
2835	1120444	399	372	546
2836	1120862	339	332	537
2837	1121222	119	377	537
2838	1121421	219	431	508
2839	1121660	758	430	499
2840	1122577	120	406	498
2841	1122717	219	444	501
2842	1122956	140	343	486
2843	1123155	499	228	483
2844	1123714	478	178	482
2845	1124212	279	121	515
2846	1124531	179	290	533
2847	1124750	179	202	537
2848	1124950	1256	153	568
2849	1126226	359	120	569
2850	1126724	159	213	496
2851	1126944	179	242	492
2852	1127242	658	120	585
2853	1127980	199	425	567
2854	1128239	259	460	562
2855	1128538	219	157	606
2856	1128818	359	160	674
2857	1129216	299	163	686
2858	1129535	359	127	674
2859	1129914	279	121	597
2860	1130213	598	124	604
2861	1130931	140	203	618
2862	1131130	299	199	611
2863	1131529	399	197	605
2864	1132087	159	192	661
2865	1132267	917	164	698
2866	1133244	399	168	602
2867	1133682	319	192	502
2868	1134041	140	325	541
2869	1134440	159	317	512
2870	1134619	120	320	514
2871	1135217	140	317	526
2872	1135517	140	315	523
2873	1136015	120	387	513
2874	1136474	120	423	509
2875	1136613	120	455	506
2876	1137012	239	475	502
2877	1137411	140	486	486
2878	1137630	179	469	525
2879	1137849	179	461	522
2880	1138068	219	460	518
2881	1138308	239	474	517
2882	1138667	140	475	515
2883	1138846	159	471	515
2884	1139026	120	423	515
2885	1139305	179	453	518
2886	1139504	140	462	511
2887	1139664	219	453	523
2888	1139943	139	454	522
2889	1140162	219	446	521
2890	1140401	319	475	515
2891	1140800	279	464	511
2892	1141199	100	491	516
2893	1141318	219	482	509
2894	1141837	199	471	514
2895	1142056	120	402	504
2896	1142216	100	462	517
2897	1142335	100	469	523
2898	1142455	479	487	509
2899	1142953	219	468	508
2900	1143232	139	474	512
2901	1143392	179	467	516
2902	1143691	100	459	561
2903	1143890	120	472	558
2904	1144289	100	460	691
2905	1144488	120	312	711
2906	1146103	120	170	673
2907	1146343	100	120	721
2908	1146542	120	153	717
2909	1146741	100	151	710
2910	1146941	179	107	698
2911	1147140	120	174	682
2912	1147360	100	178	687
2913	1147539	120	178	501
2914	1148237	120	316	443
2915	1148436	120	341	503
2916	1148576	139	327	513
2917	1149074	100	395	518
2918	1149293	219	344	519
2919	1149951	120	152	272
2920	1150091	339	132	291
2921	1150450	100	180	289
2922	1150968	439	456	520
2923	1151427	279	389	526
2924	1152025	120	401	531
2925	1152384	120	334	528
2926	1152742	120	434	526
2927	1153181	259	871	603
2928	1153460	239	936	565
2929	1153720	179	906	711
2930	1153919	219	932	727
2931	1154318	120	769	736
2932	1154597	120	838	797
2933	1154736	179	864	794
2934	1154976	119	909	559
2935	1155115	199	981	566
2936	1155374	180	1071	475
2937	1155733	100	738	574
2938	1155932	319	990	485
2939	1156272	139	929	564
2940	1156451	658	1048	465
2941	1157149	219	1069	441
2942	1157528	120	941	510
2943	1157667	239	991	562
2944	1157926	279	1026	519
2945	1158225	478	1011	459
2946	1158823	279	1031	550
2947	1159122	120	1083	540
2948	1159322	379	1027	655
2949	1159721	199	983	639
2950	1159960	140	975	551
2951	1160398	419	1011	592
2952	1160857	219	1018	640
2953	1161096	618	1092	635
2954	1161734	279	1172	641
2955	1162053	1196	1133	655
2956	1163668	259	1133	660
2957	1164246	160	1231	695
2958	1164526	179	1262	678
2959	1164745	100	1258	676
2960	1165084	857	1132	680
2961	1165961	538	1084	708
2962	1166519	179	1064	643
2963	1166978	339	1059	639
2964	1167337	100	1088	607
2965	1168254	239	1061	862
2966	1168513	140	1103	884
2967	1168673	459	1064	877
2968	1169470	479	1294	827
2969	1170726	160	1161	819
2970	1171065	100	1019	828
2971	1171244	219	378	515
2972	1171643	180	424	471
2973	1172122	100	845	602
2974	1172261	140	1055	716
2975	1172660	120	1061	764
2976	1172800	179	1087	581
2977	1173099	120	1111	503
2978	1173238	140	1139	495
2979	1173617	180	1113	646
2980	1173816	479	1162	649
2981	1174315	140	1090	654
2982	1174913	279	363	458
2983	1175591	219	222	525
2984	1175850	100	200	517
2985	1175990	179	344	559
2986	1176189	179	423	563
2987	1176388	379	498	455
2988	1176787	120	439	494
2989	1176966	239	222	524
2990	1177585	100	504	583
2991	1177744	678	441	668
2992	1178442	199	499	571
2993	1178861	598	352	753
2994	1179598	638	349	660
2995	1180256	259	375	657
2996	1180815	160	506	204
2997	1180994	120	330	245
2998	1181153	140	553	215
2999	1181313	319	658	226
3000	1181851	140	667	272
3001	1182071	199	664	256
3002	1182310	140	537	254
3003	1182469	299	561	257
3004	1182828	179	319	526
3005	1183048	259	181	529
3006	1184543	399	201	508
3007	1185161	100	725	609
3008	1185280	180	717	596
3009	1185540	558	715	600
3010	1186118	100	896	557
3011	1186257	160	795	524
3012	1186636	139	1078	495
3013	1186796	120	1117	490
3014	1186995	140	724	525
3015	1187154	180	725	517
3016	1187374	179	713	582
3017	1187593	399	695	519
3018	1188012	160	664	674
3019	1188192	239	693	703
3020	1188510	219	724	623
3021	1189368	120	708	621
3022	1189766	120	800	663
3023	1190125	159	718	629
3024	1190305	199	804	642
3025	1190524	419	723	619
3026	1191003	160	705	602
3027	1191182	159	783	609
3028	1191362	977	820	589
3029	1192378	159	702	670
3030	1192598	319	718	647
3031	1192937	180	740	610
3032	1193176	259	784	648
3033	1193455	479	791	674
3034	1193973	359	803	528
3035	1194372	140	798	579
3036	1194551	259	775	674
3037	1194831	100	809	629
3038	1194970	658	812	608
3039	1195648	279	785	657
3040	1196107	100	887	540
3041	1196226	299	900	568
3042	1196545	479	815	585
3043	1197104	399	902	606
3044	1197522	299	908	530
3045	1197861	259	833	663
3046	1198160	319	959	546
3047	1198499	160	982	591
3048	1198738	100	998	545
3049	1198858	199	1036	566
3050	1199097	140	1126	548
3051	1199257	140	1166	538
3052	1199516	120	790	672
3053	1199875	179	735	685
3054	1200134	199	861	582
3055	1200353	319	808	632
3056	1200692	379	847	592
3057	1201230	179	1054	442
3058	1201729	778	816	578
3059	1202626	279	875	560
3060	1202925	678	957	581
3061	1203643	658	953	609
3062	1204620	179	1065	652
3063	1204919	379	961	660
3064	1205338	100	972	665
3065	1205457	937	967	687
3066	1206554	100	898	866
3067	1206674	140	874	835
3068	1206833	1575	917	799
3069	1208548	259	882	605
3070	1208827	319	856	628
3071	1210163	299	297	482
3072	1210502	140	391	533
3073	1210661	179	476	562
3074	1210860	678	396	605
3075	1211558	2273	378	650
3076	1213851	179	388	693
3077	1214050	538	343	723
3078	1214609	180	386	629
3079	1215147	299	447	728
3080	1215466	120	377	749
3081	1215606	120	370	736
3082	1215805	219	440	715
3083	1216044	319	441	715
3084	1216383	857	441	720
3085	1217260	259	448	757
3086	1217540	678	506	739
3087	1218257	120	510	744
3088	1218397	139	462	748
3089	1218556	778	441	745
3090	1219354	558	432	770
3091	1219932	1077	457	730
3092	1221168	339	495	732
3093	1221527	120	452	722
3094	1221687	279	442	713
3095	1221986	678	456	724
3096	1222683	239	386	749
3097	1222942	359	421	714
3098	1223321	598	447	715
3099	1223939	219	432	718
3100	1224238	220	453	719
3101	1224518	219	540	705
3102	1224857	259	567	666
3103	1225176	100	564	670
3104	1225295	718	557	669
3105	1226093	219	441	677
3106	1226691	319	885	645
3107	1227030	279	889	609
3108	1227329	100	868	651
3109	1227807	199	890	742
3110	1228106	100	904	754
3111	1229083	300	1008	736
3112	1229582	120	930	791
3113	1229980	199	444	709
3114	1230220	219	458	718
3115	1230459	977	392	771
3116	1231456	120	433	753
3117	1231595	180	398	769
3118	1231855	219	330	562
3119	1232114	120	436	601
3120	1232253	299	531	590
3121	1232672	140	887	495
3122	1233011	259	916	659
3123	1233310	160	930	645
3124	1233669	120	907	629
3125	1233828	100	995	593
3126	1234147	179	970	590
3127	1234347	399	934	689
3128	1235025	518	871	649
3129	1235623	140	936	494
3130	1235862	219	925	484
3131	1236101	279	989	466
3132	1236759	219	510	569
3133	1237118	319	414	470
3134	1237716	120	460	556
3135	1238155	259	914	460
3136	1238434	140	964	480
3137	1238733	140	908	456
3138	1238932	140	754	468
3139	1239152	160	901	484
3140	1239331	179	953	478
3141	1239530	139	1008	481
3142	1239730	379	755	456
3143	1240208	140	900	491
3144	1240368	199	990	468
3145	1240587	159	1071	430
3146	1241185	179	943	410
3147	1241385	120	938	399
3148	1241664	120	971	410
3149	1241823	359	931	524
3150	1242202	239	988	576
3151	1242461	179	1048	567
3152	1242860	179	277	537
3153	1243059	140	319	547
3154	1243219	140	195	556
3155	1243378	160	169	574
3156	1243996	159	197	569
3157	1244196	199	268	554
3158	1244475	179	271	451
3159	1244774	160	460	603
3160	1244954	279	486	598
3161	1245432	179	907	488
3162	1245651	160	924	521
3163	1245970	558	355	562
3164	1246548	359	279	555
3165	1246987	100	228	243
3166	1247226	140	194	290
3167	1247386	160	309	284
3168	1247585	419	461	266
3169	1248164	319	176	275
3170	1248522	299	174	274
3171	1248841	339	134	286
3172	1250396	140	130	309
3173	1250556	439	110	289
3174	1251014	319	87	309
3175	1251553	857	106	279
3176	1252510	2133	267	263
3177	1254703	139	494	256
3178	1255201	120	882	484
3179	1255820	100	914	578
3180	1256059	219	802	559
3181	1256298	100	710	570
3182	1256477	140	249	576
3183	1256657	139	360	598
3184	1257155	817	398	510
3185	1257993	179	338	497
3186	1258192	219	282	492
3187	1258571	977	260	484
3188	1259588	199	306	525
3189	1259807	120	339	513
3190	1259946	100	376	547
3191	1260086	140	276	609
3192	1260246	159	251	612
3193	1260425	239	336	626
3194	1260684	120	291	623
3195	1260864	140	780	546
3196	1261143	259	912	546
3197	1261422	100	910	522
3198	1261641	179	914	521
3199	1261840	140	955	612
3200	1262000	159	981	611
3201	1262180	638	1051	568
3202	1262957	399	950	615
3203	1263396	399	1061	560
3204	1263834	179	1070	568
3205	1264034	160	1004	537
3206	1264652	219	899	511
3207	1265290	319	903	467
3208	1266267	259	194	617
3209	1266546	479	223	733
3210	1267064	479	186	639
3211	1267563	299	193	728
3212	1267882	499	206	636
3213	1268420	997	198	738
3214	1269437	618	238	755
3215	1270075	160	178	780
3216	1270254	319	147	830
3217	1270633	179	308	817
3218	1270832	439	362	797
3219	1271291	339	262	818
3220	1271650	239	240	816
3221	1271929	419	254	909
3222	1272388	219	238	776
3223	1272627	1097	241	701
3224	1273763	100	234	697
3225	1273903	199	248	710
3226	1274162	159	243	617
3227	1274341	140	299	609
3228	1274541	100	226	516
3229	1274860	160	193	506
3230	1275059	339	186	511
3231	1275458	140	786	545
3232	1275637	199	807	559
3233	1275857	100	719	583
3234	1276016	299	189	524
3235	1276415	200	688	589
3236	1276634	219	716	599
3237	1276874	160	738	538
3238	1277073	359	701	579
3239	1277691	199	695	577
3240	1278070	140	716	706
3241	1278428	319	762	690
3242	1279007	100	717	703
3243	1279246	120	751	709
3244	1279465	379	703	699
3245	1280083	817	747	525
3246	1280921	459	750	489
3247	1281399	578	760	644
3248	1281997	219	765	623
3249	1282276	180	256	437
3250	1282635	379	197	470
3251	1283034	120	276	558
3252	1283174	199	302	544
3253	1283393	319	389	460
3254	1283732	279	256	435
3255	1284031	199	287	540
3256	1284250	618	284	548
3257	1284888	279	285	595
3258	1285188	219	208	622
3259	1285427	379	273	662
3260	1285826	239	328	670
3261	1286164	179	343	671
3262	1286424	478	312	678
3263	1286922	179	282	543
3264	1287121	199	174	568
3265	1287360	1236	359	658
3266	1288617	140	267	643
3267	1288816	179	374	666
3268	1289155	159	389	758
3269	1289334	459	454	744
3270	1290012	119	720	703
3271	1290172	120	815	708
3272	1290311	199	841	722
3273	1290570	219	845	654
3274	1290810	339	828	634
3275	1291169	558	845	646
3276	1291807	100	922	644
3277	1292006	239	842	643
3278	1292265	239	810	689
3279	1292524	279	895	684
3280	1292823	399	988	701
3281	1293262	319	862	632
3282	1293820	1057	411	641
3283	1294897	419	394	667
3284	1295336	139	388	708
3285	1295495	199	367	753
3286	1295714	179	379	753
3287	1295914	259	423	753
3288	1296193	199	463	767
3289	1296412	160	491	765
3290	1296592	778	406	775
3291	1297389	179	465	764
3292	1297588	877	417	766
3293	1298685	160	829	676
3294	1299383	160	861	640
3295	1299622	140	352	848
3296	1299782	219	188	885
3297	1300061	120	154	257
3298	1300459	439	112	266
3299	1301038	319	94	287
3300	1301556	1097	90	307
3301	1302732	120	259	819
3302	1302912	140	112	337
3303	1303071	698	90	317
3304	1303889	100	289	850
3305	1304008	100	273	914
3306	1304208	100	300	926
3307	1304786	798	459	782
3308	1305862	179	132	290
3309	1306102	479	153	296
3310	1306879	339	152	279
3311	1307358	299	164	276
3312	1307697	259	168	270
3313	1308016	499	171	297
3314	1308534	1894	191	296
3315	1310668	160	829	742
3316	1310847	160	858	664
3317	1311405	1655	274	269
3318	1313379	379	265	215
3319	1313778	159	262	90
3320	1314555	100	278	425
3321	1314715	140	234	335
3322	1314874	199	148	335
3323	1315114	319	262	259
3324	1315472	897	303	245
3325	1316390	518	314	265
3326	1316928	259	369	268
3327	1317207	419	318	263
3328	1317785	419	322	274
3329	1318543	259	134	285
3330	1318822	159	152	216
3331	1319041	479	289	595
3332	1319679	120	276	521
3333	1319839	140	121	566
3334	1320238	159	95	360
3335	1320437	140	147	270
3336	1320596	160	147	213
3337	1320776	199	143	193
3338	1321075	180	247	195
3339	1321294	160	415	138
3340	1321533	159	934	95
3341	1321733	120	1100	110
3342	1322630	319	153	364
3343	1322989	239	237	139
3344	1323268	758	159	153
3345	1324065	538	249	217
