10	1	-1280	-1024	0.650	0.803	-1.000	-1.000	4	-1280	-1024	0.435	0.824	-1.000	-1.000	4
30	2	-1280	-1024	0.435	0.825	-1.000	-1.000	4	542	598	0.435	0.825	765.585	3.650	0
50	3	561	565	0.651	0.804	744.165	4.122	0	546	579	0.435	0.825	765.585	3.686	0
70	4	564	578	0.652	0.804	744.165	4.229	0	560	558	0.436	0.825	765.585	3.662	0
90	5	559	564	0.652	0.804	744.165	4.123	0	555	580	0.436	0.825	765.585	3.663	0
110	6	557	563	0.652	0.804	747.388	4.177	0	549	567	0.436	0.824	770.038	3.686	0
130	7	544	575	0.652	0.804	747.388	4.169	0	536	544	0.436	0.825	770.038	3.717	0
150	8	493	584	0.652	0.804	747.388	4.159	0	497	518	0.436	0.825	770.038	3.586	0
169	9	314	589	0.654	0.804	747.388	4.180	0	313	527	0.439	0.825	770.038	3.690	0
189	10	186	564	0.656	0.805	747.388	4.042	0	201	552	0.440	0.825	770.038	3.703	0
225	11	60	567	0.656	0.805	745.637	4.022	0	108	555	0.440	0.825	758.475	3.608	0
229	12	189	542	0.657	0.805	745.637	4.024	0	-1280	-1024	0.657	0.805	-1.000	-1.000	4
249	13	208	551	0.656	0.805	745.637	3.988	0	206	549	0.440	0.825	758.475	3.580	0
269	14	191	550	0.657	0.805	745.637	3.935	0	181	529	0.440	0.825	758.475	3.548	0
289	15	177	565	0.657	0.805	745.637	3.945	0	176	536	0.441	0.825	758.475	3.501	0
309	16	167	576	0.658	0.805	741.222	3.931	0	176	545	0.441	0.825	744.581	3.402	0
329	17	221	561	0.658	0.806	741.222	3.997	0	209	582	0.441	0.825	744.581	3.520	0
349	18	390	505	0.655	0.805	741.222	3.902	0	417	498	0.439	0.825	744.581	3.371	0
369	19	426	509	0.655	0.805	741.222	3.967	0	459	495	0.439	0.825	744.581	3.415	0
389	20	460	507	0.655	0.806	741.222	3.899	0	463	456	0.439	0.825	744.581	3.283	0
409	21	495	500	0.656	0.806	747.523	3.953	0	472	415	0.440	0.825	759.478	3.332	0
429	22	443	490	0.656	0.806	747.523	3.947	0	467	438	0.440	0.825	759.478	3.347	0
449	23	441	500	0.655	0.806	747.523	3.935	0	457	442	0.439	0.825	759.478	3.412	0
469	24	442	489	0.655	0.806	747.523	3.949	0	457	460	0.439	0.825	759.478	3.470	0
488	25	457	488	0.655	0.806	747.523	3.868	0	470	450	0.439	0.825	759.478	3.329	0
508	26	463	527	0.656	0.805	723.697	3.738	0	474	458	0.439	0.825	759.386	3.374	0
528	27	448	532	0.655	0.805	723.697	3.762	0	455	471	0.439	0.825	759.386	3.394	0
548	28	448	518	0.655	0.805	723.697	3.718	0	462	508	0.438	0.825	759.386	3.455	0
568	29	455	517	0.654	0.805	723.697	3.704	0	485	446	0.438	0.825	759.386	3.296	0
588	30	457	514	0.654	0.805	723.697	3.830	0	453	470	0.438	0.825	759.386	3.386	0
608	31	458	509	0.655	0.805	725.862	3.822	0	456	473	0.438	0.825	759.389	3.377	0
628	32	468	520	0.655	0.805	725.862	3.786	0	452	471	0.438	0.825	759.389	3.391	0
648	33	344	342	0.655	0.803	725.862	3.695	0	385	254	0.439	0.823	759.389	3.361	0
668	34	231	232	0.656	0.802	725.862	3.700	0	267	145	0.441	0.822	759.389	3.370	0
688	35	230	243	0.657	0.802	725.862	3.717	0	272	119	0.441	0.821	759.389	3.288	0
708	36	218	220	0.657	0.801	740.719	3.801	0	278	120	0.442	0.821	748.742	3.221	0
728	37	193	191	0.657	0.801	740.719	3.770	0	277	136	0.442	0.821	748.742	3.368	0
748	38	219	174	0.657	0.800	740.719	3.750	0	247	163	0.441	0.820	748.742	3.269	0
768	39	200	183	0.657	0.800	740.719	3.757	0	278	156	0.442	0.820	748.742	3.190	0
788	40	213	191	0.658	0.800	740.719	3.740	0	251	152	0.442	0.820	748.742	3.248	0
807	41	205	186	0.659	0.800	740.084	3.736	0	262	146	0.443	0.819	751.172	3.226	0
827	42	199	179	0.659	0.800	740.084	3.681	0	267	154	0.443	0.820	751.172	3.213	0
847	43	192	185	0.658	0.800	740.084	3.622	0	279	133	0.443	0.820	751.172	3.215	0
867	44	171	137	0.659	0.800	740.084	3.636	0	-1280	-1024	0.659	0.800	-1.000	-1.000	4
887	45	154	112	0.659	0.799	740.084	3.612	0	-1280	-1024	0.659	0.799	-1.000	-1.000	4
907	46	140	96	0.659	0.799	740.529	3.615	0	-1280	-1024	0.443	0.819	-1.000	-1.000	4
927	47	153	91	0.659	0.799	740.529	3.637	0	231	66	0.443	0.819	749.937	3.138	0
947	48	150	94	0.658	0.799	740.529	3.621	0	234	77	0.443	0.819	749.937	3.071	0
967	49	162	88	0.658	0.799	740.529	3.552	0	231	68	0.442	0.819	749.937	3.108	0
987	50	157	84	0.658	0.799	740.529	3.619	0	230	68	0.442	0.819	749.937	3.192	0
1007	51	162	80	0.659	0.799	742.117	3.603	0	229	68	0.443	0.819	749.840	3.172	0
1027	52	160	81	0.659	0.799	742.117	3.660	0	234	86	0.443	0.819	749.840	3.157	0
1047	53	160	90	0.659	0.799	742.117	3.631	0	-1280	-1024	0.659	0.799	-1.000	-1.000	4
1067	54	92	64	0.659	0.799	742.117	3.650	0	-1280	-1024	0.659	0.799	-1.000	-1.000	4
1087	55	92	76	0.659	0.799	742.117	3.636	0	-1280	-1024	0.659	0.799	-1.000	-1.000	4
1107	56	96	92	0.659	0.799	735.820	3.614	0	-1280	-1024	0.443	0.819	-1.000	-1.000	4
1126	57	99	105	0.659	0.799	735.820	3.562	0	190	76	0.443	0.819	752.412	3.098	0
1146	58	96	106	0.659	0.799	735.820	3.591	0	192	66	0.443	0.819	752.412	3.102	0
1166	59	90	93	0.659	0.800	735.820	3.541	0	185	71	0.443	0.819	752.412	3.128	0
1186	60	94	86	0.659	0.800	735.820	3.514	0	181	75	0.443	0.820	752.412	3.139	0
1206	61	86	69	0.659	0.800	740.720	3.535	0	182	74	0.443	0.820	751.546	3.147	0
1226	62	104	94	0.659	0.800	740.720	3.564	0	175	65	0.443	0.820	751.546	3.084	0
1246	63	101	90	0.659	0.799	740.720	3.557	0	177	63	0.443	0.819	751.546	3.123	0
1266	64	96	90	0.658	0.799	740.720	3.565	0	199	67	0.442	0.819	751.546	3.118	0
1286	65	110	82	0.658	0.799	740.720	3.607	0	183	70	0.442	0.819	751.546	3.117	0
1306	66	104	72	0.658	0.799	743.516	3.622	0	185	75	0.442	0.819	749.500	3.107	0
1326	67	129	65	0.657	0.799	743.516	3.590	0	231	83	0.441	0.819	749.500	3.085	0
1346	68	243	72	0.656	0.799	743.516	3.557	0	342	73	0.440	0.819	749.500	3.127	0
1366	69	250	69	0.655	0.799	743.516	3.603	0	370	80	0.440	0.819	749.500	3.116	0
1386	70	243	71	0.655	0.799	743.516	3.637	0	375	79	0.440	0.819	749.500	3.094	0
1406	71	242	67	0.655	0.799	744.493	3.641	0	383	83	0.439	0.819	747.951	3.106	0
1426	72	241	63	0.655	0.799	744.493	3.625	0	367	72	0.439	0.819	747.951	3.151	0
1445	73	243	60	0.655	0.799	744.493	3.602	0	369	71	0.439	0.819	747.951	3.093	0
1465	74	245	60	0.655	0.799	744.493	3.618	0	363	74	0.439	0.820	747.951	3.086	0
1485	75	251	42	0.655	0.799	744.493	3.602	0	364	71	0.439	0.819	747.951	3.065	0
1505	76	254	45	0.655	0.799	742.274	3.597	0	366	80	0.440	0.820	744.878	3.041	0
1525	77	253	67	0.655	0.799	742.274	3.608	0	378	81	0.440	0.820	744.878	3.101	0
1545	78	264	64	0.656	0.799	742.274	3.608	0	366	67	0.440	0.820	744.878	3.070	0
1565	79	257	54	0.656	0.799	742.274	3.571	0	357	71	0.440	0.820	744.878	3.081	0
1585	80	250	57	0.656	0.799	742.274	3.550	0	355	80	0.440	0.819	744.878	3.039	0
1605	81	253	60	0.656	0.799	742.328	3.536	0	350	74	0.440	0.820	745.138	3.033	0
1625	82	267	65	0.656	0.799	742.328	3.577	0	386	77	0.440	0.820	745.138	3.059	0
1645	83	322	32	0.656	0.799	742.328	3.614	0	418	61	0.440	0.820	745.138	3.104	0
1665	84	315	47	0.656	0.799	742.328	3.607	0	419	77	0.440	0.820	745.138	3.088	0
1685	85	326	50	0.656	0.799	742.328	3.605	0	418	77	0.440	0.820	745.138	3.097	0
1705	86	331	56	0.656	0.799	741.036	3.596	0	408	36	0.440	0.820	760.643	3.153	0
1725	87	317	56	0.656	0.799	741.036	3.579	0	420	37	0.440	0.820	760.643	3.196	0
1745	88	324	61	0.656	0.799	741.036	3.572	0	419	36	0.440	0.820	760.643	3.162	0
1764	89	305	66	0.657	0.799	741.036	3.589	0	405	42	0.441	0.819	760.643	3.173	0
1784	90	332	58	0.657	0.799	741.036	3.617	0	422	27	0.441	0.819	760.643	3.186	0
1804	91	331	63	0.657	0.799	740.426	3.618	0	425	34	0.442	0.819	757.651	3.158	0
1824	92	337	56	0.658	0.799	740.426	3.595	0	419	33	0.442	0.820	757.651	3.188	0
1844	93	307	63	0.658	0.799	740.426	3.644	0	412	55	0.442	0.819	757.651	3.167	0
1864	94	327	61	0.658	0.799	740.426	3.585	0	429	56	0.442	0.819	757.651	3.175	0
1884	95	323	61	0.659	0.799	740.426	3.615	0	423	52	0.443	0.819	757.651	3.195	0
1904	96	326	61	0.659	0.799	740.003	3.624	0	423	47	0.443	0.819	758.906	3.192	0
1924	97	334	77	0.659	0.800	740.003	3.552	0	425	47	0.443	0.819	758.906	3.224	0
1944	98	326	84	0.659	0.800	740.003	3.655	0	428	47	0.443	0.820	758.906	3.221	0
1964	99	314	93	0.659	0.800	740.003	3.632	0	419	41	0.443	0.820	758.906	3.218	0
1984	100	310	82	0.659	0.800	740.003	3.627	0	402	38	0.443	0.820	758.906	3.185	0
2004	101	309	75	0.660	0.800	743.615	3.638	0	397	46	0.443	0.819	755.333	3.165	0
2024	102	313	76	0.659	0.800	743.615	3.662	0	424	56	0.443	0.819	755.333	3.221	0
2044	103	322	75	0.659	0.799	743.615	3.648	0	426	72	0.443	0.819	755.333	3.198	0
2063	104	327	57	0.659	0.799	743.615	3.668	0	427	73	0.443	0.819	755.333	3.228	0
2083	105	301	60	0.659	0.799	743.615	3.671	0	413	63	0.443	0.819	755.333	3.238	0
2103	106	299	65	0.659	0.799	742.967	3.671	0	417	76	0.443	0.819	753.691	3.229	0
2123	107	324	68	0.658	0.799	742.967	3.621	0	431	70	0.442	0.819	753.691	3.232	0
2143	108	331	72	0.658	0.799	742.967	3.667	0	427	58	0.442	0.819	753.691	3.201	0
2163	109	324	77	0.658	0.800	742.967	3.646	0	419	72	0.442	0.820	753.691	3.241	0
2183	110	319	70	0.658	0.800	742.967	3.682	0	419	80	0.442	0.820	753.691	3.190	0
2203	111	322	74	0.658	0.800	742.642	3.678	0	417	70	0.442	0.820	757.024	3.214	0
2223	112	306	78	0.658	0.800	742.642	3.595	0	412	66	0.442	0.820	757.024	3.246	0
2243	113	206	84	0.659	0.800	742.642	3.700	0	296	80	0.443	0.820	757.024	3.246	0
2263	114	203	73	0.660	0.800	742.642	3.707	0	288	88	0.444	0.820	757.024	3.282	0
2283	115	194	72	0.660	0.800	742.642	3.724	0	274	80	0.444	0.820	757.024	3.258	0
2303	116	184	72	0.660	0.800	742.394	3.734	0	273	108	0.444	0.820	747.173	3.226	0
2323	117	185	77	0.660	0.800	742.394	3.766	0	285	103	0.444	0.820	747.173	3.222	0
2343	118	182	83	0.660	0.800	742.394	3.743	0	291	112	0.444	0.820	747.173	3.267	0
2363	119	200	86	0.660	0.800	742.394	3.709	0	286	120	0.444	0.820	747.173	3.193	0
2383	120	192	76	0.660	0.800	742.394	3.742	0	260	84	0.444	0.821	747.173	3.223	0
2402	121	191	80	0.659	0.800	742.182	3.730	0	259	92	0.444	0.821	746.216	3.223	0
2422	122	195	72	0.659	0.800	742.182	3.766	0	263	77	0.444	0.821	746.216	3.249	0
2442	123	198	70	0.658	0.800	742.182	3.726	0	259	87	0.443	0.821	746.216	3.223	0
2462	124	185	64	0.658	0.800	742.182	3.769	0	257	95	0.443	0.821	746.216	3.215	0
2482	125	201	78	0.658	0.800	742.182	3.731	0	267	94	0.442	0.821	746.216	3.245	0
2502	126	197	73	0.658	0.800	743.147	3.752	0	269	86	0.443	0.821	748.681	3.239	0
2522	127	193	84	0.658	0.800	743.147	3.692	0	304	117	0.443	0.821	748.681	3.229	0
2542	128	295	89	0.657	0.800	743.147	3.747	0	401	91	0.442	0.821	748.681	3.235	0
2562	129	280	95	0.657	0.800	743.147	3.701	0	387	82	0.441	0.821	748.681	3.225	0
2582	130	291	83	0.657	0.800	743.147	3.706	0	396	80	0.441	0.821	748.681	3.265	0
2602	131	294	83	0.656	0.800	743.841	3.727	0	388	69	0.441	0.821	751.791	3.282	0
2622	132	310	93	0.656	0.800	743.841	3.708	0	383	78	0.441	0.821	751.791	3.272	0
2642	133	282	86	0.656	0.800	743.841	3.693	0	394	109	0.440	0.821	751.791	3.330	0
2662	134	300	85	0.656	0.800	743.841	3.722	0	400	79	0.440	0.821	751.791	3.328	0
2682	135	306	73	0.655	0.800	743.841	3.730	0	389	87	0.440	0.821	751.791	3.249	0
2702	136	302	69	0.655	0.800	743.364	3.729	0	388	93	0.440	0.822	752.892	3.280	0
2722	137	206	223	0.656	0.802	743.364	3.743	0	276	207	0.441	0.823	752.892	3.249	0
2741	138	-1280	-1024	0.441	0.824	-1.000	-1.000	4	226	240	0.441	0.824	752.892	3.317	0
2761	139	161	251	0.656	0.803	743.364	3.714	0	226	250	0.441	0.824	752.892	3.271	0
2781	140	162	250	0.656	0.803	743.364	3.789	0	211	227	0.441	0.824	752.892	3.422	0
2801	141	162	249	0.656	0.803	743.580	3.790	0	211	224	0.441	0.824	753.857	3.447	0
2821	142	164	242	0.656	0.803	743.580	3.796	0	224	227	0.441	0.825	753.857	3.337	0
2841	143	171	255	0.655	0.803	743.580	3.781	0	203	256	0.440	0.825	753.857	3.406	0
2861	144	175	250	0.655	0.803	743.580	3.821	0	205	237	0.440	0.825	753.857	3.384	0
2881	145	157	218	0.655	0.802	743.580	3.773	0	199	196	0.440	0.824	753.857	3.312	0
2901	146	153	218	0.656	0.802	744.772	3.790	0	197	206	0.441	0.824	752.711	3.334	0
2921	147	118	195	0.656	0.802	744.772	3.812	0	193	212	0.441	0.824	752.711	3.386	0
2941	148	117	199	0.656	0.803	744.772	3.857	0	179	210	0.441	0.824	752.711	3.382	0
2961	149	132	209	0.656	0.803	744.772	3.809	0	201	234	0.441	0.824	752.711	3.410	0
2981	150	121	197	0.656	0.803	744.772	3.875	0	202	212	0.441	0.825	752.711	3.432	0
3001	151	123	205	0.657	0.803	743.012	3.856	0	201	217	0.441	0.825	753.551	3.444	0
3021	152	124	196	0.657	0.803	743.012	3.842	0	173	211	0.441	0.825	753.551	3.394	0
3041	153	127	191	0.657	0.803	743.012	3.810	0	202	216	0.442	0.825	753.551	3.392	0
3060	154	119	200	0.657	0.803	743.012	3.792	0	203	230	0.442	0.825	753.551	3.345	0
3080	155	98	191	0.658	0.803	743.012	3.804	0	161	218	0.442	0.825	753.551	3.413	0
3100	156	84	176	0.658	0.803	750.948	3.836	0	166	220	0.443	0.824	755.225	3.409	0
3120	157	-1280	-1024	-1.000	-1.000	-1.000	-1.000	4	-1280	-1024	-1.000	-1.000	-1.000	-1.000	4
3140	158	45	459	0.659	0.802	756.312	3.161	0	124	328	0.443	0.824	755.225	3.206	0
3160	159	-1280	-1024	0.443	0.824	-1.000	-1.000	4	150	233	0.443	0.824	755.225	3.273	0
3180	160	-1280	-1024	0.443	0.824	-1.000	-1.000	4	159	202	0.443	0.824	755.225	3.305	0
3200	161	-1280	-1024	0.659	0.803	-1.000	-1.000	4	171	168	0.444	0.824	756.482	3.343	0
3220	162	88	193	0.660	0.803	744.715	3.770	0	167	208	0.444	0.824	756.482	3.328	0
3240	163	114	188	0.660	0.803	744.715	3.814	0	159	181	0.444	0.824	756.482	3.340	0
3260	164	98	188	0.660	0.803	744.715	3.805	0	160	188	0.444	0.824	756.482	3.347	0
3280	165	91	200	0.660	0.803	744.715	3.758	0	152	191	0.444	0.824	756.482	3.347	0
3300	166	96	202	0.660	0.803	743.141	3.769	0	159	203	0.444	0.824	752.687	3.331	0
3320	167	103	201	0.660	0.803	743.141	3.803	0	167	208	0.444	0.824	752.687	3.359	0
3340	168	88	202	0.660	0.803	743.141	3.809	0	158	229	0.444	0.824	752.687	3.348	0
3360	169	103	190	0.660	0.803	743.141	3.812	0	156	228	0.444	0.824	752.687	3.321	0
3379	170	134	198	0.660	0.803	743.141	3.791	0	195	223	0.444	0.824	752.687	3.361	0
3399	171	137	199	0.660	0.803	741.381	3.785	0	190	231	0.444	0.824	754.121	3.355	0
3419	172	174	189	0.660	0.803	741.381	3.841	0	231	212	0.444	0.824	754.121	3.369	0
3439	173	163	193	0.660	0.803	741.381	3.829	0	222	172	0.444	0.824	754.121	3.420	0
3459	174	165	207	0.659	0.803	741.381	3.874	0	209	183	0.443	0.824	754.121	3.394	0
3479	175	169	211	0.659	0.803	741.381	3.833	0	216	169	0.443	0.824	754.121	3.414	0
3499	176	170	208	0.660	0.804	744.123	3.864	0	223	181	0.444	0.824	750.646	3.388	0
3519	177	162	229	0.660	0.803	744.123	3.858	0	198	176	0.444	0.824	750.646	3.411	0
3539	178	152	212	0.660	0.804	744.123	3.876	0	210	186	0.444	0.824	750.646	3.334	0
3559	179	164	223	0.660	0.803	744.123	3.863	0	197	212	0.443	0.824	750.646	3.348	0
3579	180	208	215	0.659	0.803	744.123	3.913	0	283	198	0.443	0.824	750.646	3.342	0
3599	181	168	216	0.659	0.803	744.512	3.925	0	250	204	0.443	0.824	751.741	3.354	0
3619	182	230	211	0.659	0.803	744.512	3.843	0	283	189	0.443	0.824	751.741	3.365	0
3639	183	213	206	0.659	0.803	744.512	3.807	0	-1280	-1024	0.659	0.803	-1.000	-1.000	4
3659	184	216	199	0.659	0.803	744.512	3.806	0	-1280	-1024	0.659	0.803	-1.000	-1.000	4
3679	185	223	202	0.659	0.803	744.512	3.781	0	-1280	-1024	0.659	0.803	-1.000	-1.000	4
3698	186	228	201	0.659	0.803	743.775	3.769	0	-1280	-1024	0.443	0.824	-1.000	-1.000	4
3718	187	209	213	0.660	0.803	743.775	3.801	0	268	188	0.443	0.824	751.799	3.312	0
3738	188	203	208	0.659	0.803	743.775	3.780	0	283	207	0.443	0.824	751.799	3.312	0
3758	189	223	210	0.659	0.803	743.775	3.755	0	282	196	0.443	0.824	751.799	3.282	0
3778	190	227	205	0.659	0.803	743.775	3.827	0	277	174	0.443	0.824	751.799	3.223	0
3798	191	232	204	0.660	0.804	743.410	3.810	0	274	179	0.444	0.824	751.579	3.208	0
3818	192	203	213	0.660	0.803	743.410	3.744	0	263	200	0.444	0.824	751.579	3.269	0
3838	193	209	208	0.660	0.804	743.410	3.756	0	289	206	0.444	0.824	751.579	3.261	0
3858	194	218	206	0.660	0.803	743.410	3.742	0	298	204	0.444	0.824	751.579	3.296	0
3878	195	218	210	0.661	0.804	743.410	3.704	0	308	208	0.445	0.824	751.579	3.279	0
3898	196	220	207	0.661	0.804	743.355	3.703	0	305	200	0.445	0.824	754.843	3.298	0
3918	197	215	215	0.661	0.804	743.355	3.792	0	269	181	0.445	0.824	754.843	3.330	0
3938	198	204	204	0.660	0.804	743.355	3.788	0	277	181	0.444	0.824	754.843	3.306	0
3958	199	227	209	0.661	0.804	743.355	3.774	0	275	188	0.445	0.824	754.843	3.319	0
3978	200	220	217	0.661	0.803	743.355	3.808	0	282	199	0.445	0.824	754.843	3.258	0
3998	201	210	207	0.661	0.804	745.760	3.816	0	284	205	0.445	0.824	753.424	3.238	0
4017	202	218	209	0.661	0.803	745.760	3.838	0	276	195	0.445	0.824	753.424	3.355	0
4037	203	212	204	0.661	0.804	745.760	3.787	0	282	193	0.445	0.824	753.424	3.274	0
4057	204	201	205	0.661	0.804	745.760	3.742	0	282	209	0.445	0.824	753.424	3.274	0
4077	205	198	203	0.661	0.804	745.760	3.816	0	295	210	0.445	0.824	753.424	3.337	0
4097	206	199	212	0.661	0.804	741.571	3.756	0	274	212	0.445	0.824	751.539	3.286	0
4117	207	216	224	0.661	0.804	741.571	3.802	0	291	225	0.445	0.824	751.539	3.342	0
4137	208	213	218	0.661	0.804	741.571	3.777	0	291	220	0.445	0.824	751.539	3.330	0
4157	209	219	206	0.661	0.804	741.571	3.778	0	300	213	0.445	0.824	751.539	3.369	0
4177	210	227	215	0.661	0.804	741.571	3.806	0	305	218	0.445	0.824	751.539	3.374	0
4197	211	221	201	0.660	0.803	745.469	3.813	0	304	206	0.444	0.824	755.632	3.398	0
4217	212	214	200	0.660	0.803	745.469	3.799	0	285	198	0.444	0.824	755.632	3.376	0
4237	213	214	198	0.660	0.804	745.469	3.799	0	278	197	0.444	0.824	755.632	3.329	0
4257	214	205	201	0.660	0.804	745.469	3.790	0	279	200	0.444	0.824	755.632	3.312	0
4277	215	215	194	0.660	0.804	745.469	3.753	0	281	193	0.444	0.824	755.632	3.366	0
4297	216	216	197	0.661	0.804	743.572	3.737	0	277	196	0.444	0.824	754.235	3.331	0
4316	217	223	187	0.661	0.804	743.572	3.776	0	304	197	0.445	0.824	754.235	3.353	0
4336	218	222	205	0.661	0.804	743.572	3.833	0	279	174	0.445	0.824	754.235	3.315	0
4356	219	217	200	0.660	0.804	743.572	3.786	0	271	175	0.444	0.824	754.235	3.252	0
4376	220	214	189	0.660	0.804	743.572	3.781	0	278	164	0.444	0.824	754.235	3.293	0
4396	221	213	199	0.660	0.804	742.541	3.794	0	285	164	0.444	0.824	753.790	3.263	0
4416	222	202	193	0.660	0.804	742.541	3.843	0	263	193	0.444	0.824	753.790	3.333	0
4436	223	212	215	0.660	0.804	742.541	3.802	0	277	157	0.443	0.824	753.790	3.340	0
4456	224	213	200	0.660	0.804	742.541	3.777	0	301	203	0.444	0.824	753.790	3.335	0
4476	225	217	196	0.660	0.804	742.541	3.779	0	290	190	0.444	0.824	753.790	3.332	0
4496	226	214	198	0.660	0.804	744.674	3.793	0	275	179	0.444	0.825	754.515	3.337	0
4516	227	229	203	0.660	0.804	744.674	3.811	0	293	204	0.444	0.825	754.515	3.350	0
4536	228	283	428	0.659	0.806	744.674	3.886	0	312	410	0.444	0.826	754.515	3.304	0
4556	229	336	588	0.658	0.807	744.674	3.838	0	333	562	0.443	0.828	754.515	3.338	0
4576	230	352	619	0.658	0.807	744.674	3.932	0	362	602	0.443	0.828	754.515	3.358	0
4596	231	361	640	0.658	0.807	753.106	3.976	0	378	635	0.443	0.828	759.603	3.366	0
4616	232	-1280	-1024	-1.000	-1.000	-1.000	-1.000	4	-1280	-1024	-1.000	-1.000	-1.000	-1.000	4
4635	233	347	615	0.658	0.808	753.106	3.955	0	314	630	0.442	0.828	759.603	3.454	0
4655	234	347	632	0.658	0.808	753.106	3.906	0	321	629	0.442	0.828	759.603	3.501	0
4675	235	353	623	0.658	0.808	753.106	3.958	0	332	612	0.442	0.828	759.603	3.352	0
4695	236	356	635	0.659	0.808	750.038	3.927	0	340	604	0.443	0.828	761.680	3.342	0
4715	237	335	625	0.659	0.808	750.038	3.922	0	341	615	0.443	0.828	761.680	3.547	0
4735	238	338	614	0.659	0.808	750.038	3.955	0	342	642	0.442	0.828	761.680	3.587	0
4755	239	351	615	0.659	0.808	750.038	3.972	0	356	611	0.443	0.828	761.680	3.520	0
4775	240	344	617	0.659	0.808	750.038	3.941	0	347	604	0.443	0.828	761.680	3.472	0
4795	241	350	619	0.659	0.808	749.301	3.959	0	352	615	0.443	0.828	756.425	3.445	0
4815	242	397	618	0.659	0.808	749.301	3.897	0	401	642	0.443	0.828	756.425	3.523	0
4835	243	563	611	0.656	0.808	749.301	3.915	0	556	604	0.440	0.828	756.425	3.393	0
4855	244	649	611	0.655	0.808	749.301	4.008	0	607	601	0.439	0.828	756.425	3.464	0
4875	245	662	612	0.655	0.808	749.301	3.975	0	635	599	0.439	0.828	756.425	3.420	0
4895	246	672	618	0.655	0.808	744.771	3.990	0	651	615	0.439	0.828	741.957	3.388	0
4915	247	644	625	0.656	0.808	744.771	3.962	0	638	631	0.440	0.829	741.957	3.381	0
4935	248	651	640	0.655	0.808	744.771	3.956	0	638	609	0.439	0.829	741.957	3.324	0
4954	249	633	617	0.655	0.808	744.771	4.011	0	631	614	0.439	0.829	741.957	3.292	0
4974	250	644	623	0.655	0.809	744.771	3.968	0	631	598	0.439	0.829	741.957	3.261	0
4994	251	637	624	0.656	0.809	745.279	3.982	0	631	597	0.440	0.829	741.722	3.229	0
5014	252	680	625	0.656	0.809	745.279	4.029	0	672	654	0.440	0.828	741.722	3.332	0
5034	253	655	622	0.657	0.809	745.279	3.929	0	668	662	0.440	0.828	741.722	3.300	0
5054	254	657	616	0.657	0.809	745.279	3.879	0	666	632	0.440	0.828	741.722	3.305	0
5074	255	661	610	0.657	0.809	745.279	3.880	0	665	644	0.440	0.829	741.722	3.336	0
5094	256	666	610	0.656	0.809	742.075	3.864	0	663	632	0.440	0.829	748.982	3.353	0
5114	257	664	629	0.656	0.809	742.075	3.913	0	663	637	0.440	0.829	748.982	3.319	0
5134	258	676	612	0.657	0.810	742.075	3.808	0	667	652	0.441	0.829	748.982	3.401	0
5154	259	679	618	0.657	0.810	742.075	3.870	0	670	645	0.441	0.829	748.982	3.371	0
5174	260	684	608	0.657	0.810	742.075	3.918	0	687	664	0.441	0.829	748.982	3.298	0
5194	261	685	604	0.657	0.810	746.250	3.902	0	695	671	0.440	0.830	744.293	3.309	0
5214	262	667	601	0.656	0.810	746.250	3.854	0	655	648	0.440	0.829	744.293	3.311	0
5234	263	664	619	0.657	0.810	746.250	3.889	0	658	648	0.440	0.829	744.293	3.306	0
5254	264	660	615	0.657	0.809	746.250	3.854	0	675	650	0.440	0.829	744.293	3.286	0
5274	265	680	623	0.657	0.809	746.250	3.933	0	691	643	0.440	0.829	744.293	3.206	0
5293	266	683	622	0.656	0.809	746.754	3.939	0	705	643	0.439	0.829	744.630	3.191	0
5313	267	681	623	0.656	0.809	746.754	3.956	0	671	657	0.439	0.829	744.630	3.357	0
5333	268	608	627	0.657	0.809	746.754	3.936	0	613	640	0.440	0.829	744.630	3.235	0
5353	269	467	624	0.659	0.810	746.754	3.813	0	481	674	0.442	0.830	744.630	3.338	0
5373	270	-1280	-1024	0.443	0.830	-1.000	-1.000	4	418	668	0.443	0.830	744.630	3.254	0
5393	271	-1280	-1024	0.659	0.810	-1.000	-1.000	4	364	648	0.443	0.830	758.043	3.353	0
5413	272	382	648	0.659	0.810	750.451	3.747	0	401	597	0.443	0.830	758.043	3.344	0
5433	273	381	632	0.658	0.810	750.451	3.786	0	387	614	0.442	0.830	758.043	3.359	0
5453	274	386	636	0.658	0.810	750.451	3.812	0	390	620	0.442	0.830	758.043	3.309	0
5473	275	402	632	0.659	0.810	750.451	3.738	0	395	615	0.442	0.830	758.043	3.251	0
5493	276	412	639	0.659	0.810	745.350	3.738	0	399	618	0.443	0.830	757.984	3.238	0
5513	277	389	630	0.659	0.810	745.350	3.689	0	381	653	0.443	0.830	757.984	3.409	0
5533	278	397	623	0.660	0.810	745.350	3.779	0	398	627	0.444	0.830	757.984	3.318	0
5553	279	405	631	0.660	0.810	745.350	3.783	0	403	614	0.444	0.830	757.984	3.325	0
5573	280	568	641	0.658	0.810	745.350	3.844	0	602	666	0.442	0.830	757.984	3.322	0
5592	281	607	649	0.655	0.810	737.662	3.828	0	650	645	0.440	0.830	763.378	3.350	0
5612	282	798	660	0.655	0.810	737.662	3.780	0	793	617	0.439	0.830	763.378	3.320	0
5632	283	801	655	0.655	0.810	737.662	3.848	0	819	616	0.439	0.830	763.378	3.308	0
5652	284	793	652	0.655	0.810	737.662	3.748	0	830	606	0.439	0.830	763.378	3.240	0
5672	285	803	656	0.655	0.810	737.662	3.733	0	836	605	0.439	0.830	763.378	3.217	0
5692	286	805	651	0.655	0.810	742.028	3.740	0	816	627	0.439	0.830	744.168	3.115	0
5712	287	831	633	0.655	0.810	742.028	3.875	0	828	665	0.439	0.830	744.168	3.242	0
5732	288	827	661	0.655	0.810	742.028	3.965	0	850	658	0.440	0.830	744.168	3.163	0
5752	289	839	655	0.655	0.810	742.028	3.943	0	843	662	0.439	0.831	744.168	3.182	0
5772	290	915	641	0.654	0.810	742.028	3.732	0	864	669	0.438	0.831	744.168	3.198	0
5792	291	949	654	0.653	0.810	740.965	3.754	0	872	649	0.437	0.832	760.456	3.228	0
5812	292	907	629	0.652	0.810	740.965	3.873	0	903	657	0.437	0.832	760.456	3.379	0
5832	293	922	639	0.653	0.810	740.965	3.796	0	934	625	0.437	0.832	760.456	3.245	0
5852	294	935	633	0.653	0.810	740.965	3.835	0	908	630	0.437	0.832	760.456	3.236	0
5872	295	933	643	0.653	0.810	740.965	3.872	0	887	639	0.437	0.832	760.456	3.223	0
5892	296	930	641	0.652	0.810	743.471	3.856	0	937	623	0.436	0.832	760.523	3.213	0
5911	297	930	618	0.652	0.810	743.471	3.810	0	874	672	0.436	0.832	760.523	3.435	0
5931	298	925	618	0.653	0.810	743.471	3.774	0	900	642	0.437	0.831	760.523	3.222	0
5951	299	917	637	0.653	0.810	743.471	3.805	0	906	636	0.437	0.831	760.523	3.241	0
5971	300	918	634	0.653	0.810	743.471	3.812	0	919	640	0.437	0.831	760.523	3.214	0
5991	301	918	637	0.653	0.810	737.666	3.773	0	929	632	0.437	0.832	764.731	3.235	0
6011	302	908	669	0.653	0.810	737.666	3.777	0	901	639	0.437	0.832	764.731	3.209	0
6031	303	924	650	0.653	0.811	737.666	3.827	0	901	635	0.437	0.832	764.731	3.325	0
6051	304	987	657	0.653	0.811	737.666	3.800	0	980	640	0.437	0.832	764.731	3.219	0
6071	305	1004	661	0.652	0.811	737.666	3.792	0	989	654	0.437	0.832	764.731	3.282	0
6091	306	1020	654	0.652	0.811	736.554	3.806	0	1000	654	0.436	0.833	765.374	3.235	0
6111	307	1015	645	0.652	0.811	736.554	3.832	0	992	648	0.436	0.832	765.374	3.331	0
6131	308	1003	659	0.652	0.811	736.554	3.753	0	1040	620	0.437	0.832	765.374	3.201	0
6151	309	1014	660	0.652	0.811	736.554	3.823	0	1023	627	0.437	0.832	765.374	3.242	0
6171	310	1015	650	0.652	0.811	736.554	3.821	0	1021	620	0.436	0.832	765.374	3.235	0
6191	311	1021	648	0.652	0.811	745.434	3.865	0	1016	627	0.436	0.832	761.172	3.211	0
6211	312	1016	633	0.652	0.811	745.434	3.847	0	988	652	0.436	0.832	761.172	3.272	0
6230	313	1015	649	0.652	0.812	745.434	3.892	0	1004	639	0.436	0.833	761.172	3.320	0
6250	314	1012	611	0.652	0.812	745.434	3.856	0	1004	617	0.436	0.833	761.172	3.298	0
6270	315	1011	621	0.652	0.812	745.434	3.951	0	994	640	0.437	0.833	761.172	3.373	0
6290	316	1009	625	0.652	0.812	739.796	3.930	0	993	627	0.436	0.833	765.783	3.404	0
6310	317	1008	639	0.652	0.812	739.796	3.895	0	1010	619	0.436	0.833	765.783	3.396	0
6330	318	1015	638	0.653	0.812	739.796	3.909	0	999	632	0.437	0.833	765.783	3.480	0
6350	319	1021	635	0.653	0.812	739.796	3.897	0	1018	621	0.437	0.833	765.783	3.240	0
6370	320	1018	631	0.653	0.812	739.796	3.933	0	988	634	0.437	0.833	765.783	3.382	0
6390	321	1021	628	0.652	0.812	740.596	3.941	0	989	634	0.436	0.833	763.545	3.353	0
6410	322	1006	636	0.652	0.812	740.596	3.941	0	1004	611	0.436	0.833	763.545	3.285	0
6430	323	1008	612	0.653	0.812	740.596	3.960	0	994	622	0.437	0.833	763.545	3.329	0
6450	324	1007	645	0.653	0.812	740.596	3.972	0	1002	609	0.437	0.833	763.545	3.282	0
6470	325	1011	624	0.653	0.812	740.596	4.017	0	999	625	0.437	0.833	763.545	3.355	0
6490	326	1012	617	0.653	0.812	742.274	4.045	0	997	622	0.437	0.833	763.666	3.349	0
6510	327	933	636	0.653	0.812	742.274	4.013	0	926	623	0.437	0.832	763.666	3.389	0
6529	328	936	627	0.654	0.812	742.274	4.033	0	908	633	0.437	0.832	763.666	3.384	0
6549	329	942	621	0.654	0.812	742.274	3.969	0	917	652	0.437	0.832	763.666	3.466	0
6569	330	937	635	0.654	0.812	742.274	3.990	0	941	631	0.437	0.832	763.666	3.389	0
6589	331	939	630	0.653	0.812	741.092	3.976	0	955	637	0.437	0.832	763.497	3.406	0
6609	332	927	629	0.653	0.812	741.092	4.021	0	926	652	0.437	0.832	763.497	3.467	0
6629	333	937	624	0.653	0.812	741.092	3.972	0	919	626	0.437	0.832	763.497	3.418	0
6649	334	918	642	0.653	0.812	741.092	4.018	0	923	638	0.437	0.833	763.497	3.433	0
6669	335	921	642	0.653	0.812	741.092	3.972	0	907	641	0.437	0.833	763.497	3.422	0
6689	336	923	649	0.653	0.812	735.497	3.957	0	904	644	0.436	0.832	764.097	3.431	0
6709	337	929	640	0.652	0.812	735.497	3.957	0	901	643	0.436	0.832	764.097	3.433	0
6729	338	920	647	0.653	0.812	735.497	3.964	0	920	628	0.437	0.832	764.097	3.419	0
6749	339	924	659	0.653	0.812	735.497	3.985	0	893	646	0.437	0.832	764.097	3.403	0
6769	340	928	657	0.653	0.811	735.497	3.980	0	891	635	0.437	0.832	764.097	3.335	0
6789	341	932	653	0.653	0.811	738.514	3.992	0	888	634	0.436	0.832	761.304	3.304	0
6809	342	940	639	0.653	0.812	738.514	4.008	0	900	640	0.436	0.832	761.304	3.429	0
6829	343	923	516	0.653	0.812	738.514	3.799	0	911	627	0.436	0.832	761.304	3.356	0
6848	344	906	663	0.653	0.812	738.514	3.925	0	918	627	0.436	0.832	761.304	3.291	0
6868	345	953	640	0.653	0.812	738.514	3.917	0	901	624	0.436	0.832	761.304	3.344	0
6888	346	944	611	0.653	0.812	742.076	3.928	0	918	627	0.436	0.832	757.922	3.304	0
6908	347	948	635	0.653	0.812	742.076	3.994	0	904	629	0.436	0.832	757.922	3.285	0
6928	348	942	636	0.653	0.812	742.076	3.967	0	895	642	0.437	0.832	757.922	3.367	0
6948	349	927	653	0.653	0.812	742.076	3.997	0	912	631	0.437	0.832	757.922	3.349	0
6968	350	936	648	0.653	0.812	742.076	4.002	0	904	658	0.437	0.832	757.922	3.462	0
6988	351	928	646	0.652	0.811	740.603	3.989	0	913	659	0.436	0.832	759.587	3.496	0
7008	352	940	641	0.652	0.811	740.603	3.907	0	894	649	0.435	0.832	759.587	3.476	0
7028	353	934	645	0.652	0.811	740.603	3.917	0	901	636	0.436	0.832	759.587	3.333	0
7048	354	932	644	0.652	0.811	740.603	3.909	0	904	633	0.436	0.832	759.587	3.358	0
7068	355	921	640	0.652	0.811	740.603	3.949	0	902	633	0.436	0.832	759.587	3.316	0
7088	356	916	632	0.653	0.810	749.000	3.999	0	902	636	0.437	0.831	758.106	3.312	0
7108	357	847	442	0.653	0.810	749.000	3.999	0	843	435	0.437	0.830	758.106	3.377	0
7128	358	860	426	0.654	0.810	749.000	3.936	0	855	462	0.438	0.831	758.106	3.367	0
7148	359	842	439	0.654	0.810	749.000	3.968	0	845	439	0.438	0.831	758.106	3.403	0
7167	360	850	417	0.654	0.810	749.000	4.001	0	863	455	0.438	0.831	758.106	3.367	0
7187	361	841	427	0.653	0.810	743.618	3.950	0	862	444	0.437	0.831	758.121	3.379	0
7207	362	851	432	0.653	0.810	743.618	3.949	0	847	445	0.437	0.831	758.121	3.376	0
7227	363	843	436	0.654	0.810	743.618	3.905	0	852	453	0.437	0.831	758.121	3.351	0
7247	364	835	425	0.654	0.810	743.618	3.978	0	851	447	0.438	0.831	758.121	3.316	0
7267	365	812	306	0.654	0.809	743.618	3.893	0	854	331	0.438	0.829	758.121	3.363	0
7287	366	843	301	0.654	0.809	739.367	3.891	0	853	322	0.438	0.829	759.347	3.346	0
7307	367	809	248	0.654	0.809	739.367	3.900	0	836	226	0.438	0.829	759.347	3.393	0
7327	368	815	242	0.655	0.809	739.367	3.852	0	846	233	0.439	0.829	759.347	3.316	0
7347	369	804	235	0.655	0.809	739.367	3.882	0	837	211	0.439	0.829	759.347	3.428	0
7367	370	798	239	0.654	0.809	739.367	3.857	0	806	221	0.438	0.829	759.347	3.311	0
7387	371	832	230	0.654	0.809	740.521	3.874	0	837	224	0.438	0.829	756.801	3.336	0
7407	372	798	214	0.655	0.809	740.521	3.881	0	821	215	0.438	0.829	756.801	3.320	0
7427	373	762	103	0.655	0.808	740.521	3.934	0	807	133	0.439	0.828	756.801	3.353	0
7447	374	747	114	0.654	0.807	740.521	3.891	0	758	88	0.438	0.828	756.801	3.298	0
7467	375	742	78	0.655	0.808	740.521	3.934	0	794	85	0.439	0.828	756.801	3.353	0
7487	376	704	80	0.655	0.808	738.468	3.909	0	763	79	0.439	0.828	758.240	3.340	0
7507	377	749	98	0.654	0.808	738.468	3.856	0	780	88	0.438	0.828	758.240	3.372	0
7526	378	738	98	0.655	0.808	738.468	3.875	0	788	77	0.439	0.828	758.240	3.332	0
7546	379	744	96	0.655	0.808	738.468	3.899	0	783	91	0.439	0.828	758.240	3.398	0
7566	380	705	69	0.656	0.808	738.468	3.969	0	756	73	0.440	0.828	758.240	3.349	0
7586	381	734	58	0.656	0.808	740.886	4.007	0	797	82	0.440	0.828	756.183	3.335	0
7606	382	623	54	0.656	0.807	740.886	3.890	0	701	75	0.440	0.828	756.183	3.377	0
7626	383	623	56	0.656	0.807	740.886	3.964	0	705	70	0.440	0.828	756.183	3.401	0
7646	384	617	63	0.656	0.807	740.886	3.938	0	706	62	0.440	0.828	756.183	3.370	0
7666	385	605	54	0.656	0.808	740.886	3.908	0	708	70	0.440	0.828	756.183	3.388	0
7686	386	604	55	0.656	0.808	741.569	3.944	0	710	67	0.440	0.828	756.203	3.393	0
7706	387	622	30	0.656	0.808	741.569	3.951	0	702	51	0.440	0.828	756.203	3.392	0
7726	388	631	50	0.656	0.808	741.569	3.905	0	706	51	0.440	0.828	756.203	3.342	0
7746	389	638	38	0.657	0.808	741.569	3.902	0	723	53	0.440	0.828	756.203	3.320	0
7766	390	568	25	0.657	0.808	741.569	3.927	0	638	59	0.441	0.828	756.203	3.397	0
7786	391	569	33	0.657	0.808	740.774	3.897	0	641	59	0.441	0.828	756.830	3.370	0
7806	392	546	34	0.657	0.808	740.774	3.897	0	626	53	0.441	0.828	756.830	3.403	0
7826	393	543	39	0.657	0.808	740.774	3.895	0	612	57	0.441	0.828	756.830	3.397	0
7845	394	546	38	0.657	0.808	740.774	3.875	0	614	53	0.441	0.828	756.830	3.421	0
7865	395	551	40	0.657	0.808	740.774	3.887	0	613	55	0.441	0.828	756.830	3.363	0
7885	396	552	41	0.657	0.808	740.475	3.879	0	611	56	0.441	0.828	756.866	3.363	0
7905	397	547	48	0.657	0.808	740.475	3.847	0	634	46	0.441	0.828	756.866	3.410	0
7925	398	548	51	0.658	0.808	740.475	3.848	0	620	41	0.441	0.828	756.866	3.376	0
7945	399	544	53	0.658	0.808	740.475	3.900	0	585	35	0.441	0.828	756.866	3.418	0
7965	400	467	52	0.658	0.808	740.475	3.841	0	537	27	0.442	0.828	756.866	3.391	0
7985	401	458	64	0.659	0.808	736.713	3.834	0	525	41	0.443	0.828	750.139	3.353	0
8005	402	419	44	0.659	0.808	736.713	3.905	0	490	52	0.443	0.828	750.139	3.359	0
8025	403	412	52	0.659	0.808	736.713	3.826	0	497	48	0.443	0.828	750.139	3.346	0
8045	404	409	72	0.659	0.808	736.713	3.805	0	488	50	0.443	0.828	750.139	3.360	0
8065	405	409	81	0.659	0.808	736.713	3.791	0	482	57	0.443	0.828	750.139	3.362	0
8085	406	407	87	0.659	0.809	738.105	3.783	0	481	51	0.443	0.828	751.928	3.367	0
8105	407	396	46	0.660	0.809	738.105	3.782	0	490	43	0.443	0.828	751.928	3.261	0
8125	408	404	61	0.660	0.809	738.105	3.783	0	519	56	0.443	0.828	751.928	3.318	0
8145	409	408	46	0.660	0.809	738.105	3.786	0	499	64	0.443	0.828	751.928	3.305	0
8164	410	410	56	0.660	0.809	738.105	3.787	0	499	59	0.443	0.828	751.928	3.302	0
8184	411	410	50	0.660	0.809	737.895	3.787	0	504	61	0.443	0.828	753.015	3.304	0
8204	412	392	45	0.660	0.809	737.895	3.807	0	477	49	0.444	0.828	753.015	3.385	0
8224	413	293	64	0.661	0.809	737.895	3.783	0	408	58	0.445	0.828	753.015	3.357	0
8244	414	307	76	0.661	0.809	737.895	3.752	0	387	70	0.445	0.828	753.015	3.317	0
8264	415	298	77	0.661	0.809	737.895	3.741	0	379	77	0.445	0.828	753.015	3.386	0
8284	416	293	69	0.662	0.809	740.785	3.744	0	377	87	0.445	0.828	752.007	3.357	0
8304	417	290	61	0.662	0.809	740.785	3.792	0	403	69	0.445	0.828	752.007	3.311	0
8324	418	300	64	0.662	0.809	740.785	3.832	0	389	80	0.445	0.828	752.007	3.326	0
8344	419	306	84	0.662	0.809	740.785	3.789	0	385	84	0.446	0.829	752.007	3.302	0
8364	420	284	77	0.662	0.809	740.785	3.785	0	390	84	0.446	0.829	752.007	3.318	0
8384	421	283	81	0.662	0.809	742.084	3.800	0	381	82	0.446	0.829	752.616	3.323	0
8404	422	315	69	0.663	0.809	742.084	3.804	0	383	69	0.446	0.828	752.616	3.378	0
8424	423	307	84	0.663	0.809	742.084	3.757	0	385	67	0.446	0.828	752.616	3.352	0
8444	424	294	61	0.663	0.809	742.084	3.738	0	366	59	0.446	0.828	752.616	3.292	0
8464	425	292	57	0.663	0.809	742.084	3.791	0	383	54	0.447	0.828	752.616	3.328	0
8483	426	292	67	0.663	0.809	738.819	3.745	0	383	55	0.447	0.828	750.749	3.292	0
8503	427	304	71	0.663	0.809	738.819	3.764	0	382	79	0.447	0.828	750.749	3.332	0
8523	428	225	81	0.664	0.810	738.819	3.741	0	343	102	0.448	0.828	750.749	3.369	0
8543	429	111	111	0.665	0.810	738.819	3.751	0	178	130	0.449	0.829	750.749	3.339	0
8563	430	125	115	0.666	0.810	738.819	3.728	0	172	146	0.449	0.829	750.749	3.334	0
8583	431	126	118	0.666	0.810	739.102	3.729	0	174	149	0.450	0.829	756.496	3.371	0
8603	432	112	126	0.666	0.810	739.102	3.740	0	177	148	0.450	0.829	756.496	3.340	0
8623	433	111	103	0.666	0.811	739.102	3.774	0	177	155	0.450	0.829	756.496	3.310	0
8643	434	124	114	0.666	0.811	739.102	3.753	0	182	144	0.450	0.829	756.496	3.326	0
8663	435	130	112	0.666	0.811	739.102	3.722	0	176	143	0.450	0.829	756.496	3.346	0
8683	436	128	109	0.666	0.811	739.572	3.734	0	172	134	0.450	0.829	759.455	3.348	0
8703	437	130	102	0.666	0.811	739.572	3.727	0	167	134	0.450	0.829	759.455	3.390	0
8723	438	104	99	0.667	0.811	739.572	3.795	0	168	140	0.450	0.829	759.455	3.376	0
8743	439	120	109	0.667	0.811	739.572	3.770	0	164	127	0.450	0.829	759.455	3.369	0
8763	440	126	115	0.667	0.811	739.572	3.797	0	166	125	0.450	0.830	759.455	3.378	0
8783	441	124	119	0.667	0.812	738.906	3.786	0	197	166	0.451	0.831	742.611	3.303	0
8802	442	113	204	0.667	0.812	738.906	3.750	0	167	331	0.451	0.830	742.611	3.400	0
8822	443	97	216	0.667	0.812	738.906	3.796	0	165	361	0.451	0.830	742.611	3.385	0
8842	444	96	205	0.667	0.812	738.906	3.825	0	167	345	0.451	0.830	742.611	3.370	0
8862	445	94	202	0.667	0.812	738.906	3.847	0	166	348	0.451	0.830	742.611	3.356	0
8882	446	95	207	0.667	0.813	738.456	3.865	0	163	347	0.451	0.832	744.744	3.352	0
8902	447	98	209	0.667	0.813	738.456	3.840	0	165	347	0.451	0.830	744.744	3.434	0
8922	448	99	209	0.667	0.812	738.456	3.808	0	154	357	0.451	0.830	744.744	3.448	0
8942	449	97	222	0.667	0.812	738.456	3.809	0	212	325	0.451	0.831	744.744	3.452	0
8962	450	104	209	0.668	0.812	738.456	3.821	0	183	363	0.451	0.830	744.744	3.450	0
8982	451	101	206	0.668	0.812	741.414	3.819	0	184	348	0.451	0.832	746.187	3.459	0
9002	452	105	205	0.668	0.812	741.414	3.858	0	172	362	0.451	0.830	746.187	3.442	0
9022	453	145	220	0.668	0.812	741.414	3.841	0	205	231	0.451	0.831	746.187	3.470	0
9042	454	212	199	0.667	0.812	741.414	3.803	0	289	212	0.450	0.831	746.187	3.384	0
9062	455	206	203	0.667	0.812	741.414	3.777	0	250	223	0.450	0.831	746.187	3.469	0
9082	456	212	198	0.667	0.812	743.398	3.761	0	256	195	0.450	0.831	752.960	3.470	0
9102	457	218	214	0.667	0.812	743.398	3.850	0	275	208	0.450	0.831	752.960	3.481	0
9121	458	225	217	0.666	0.812	743.398	3.766	0	264	191	0.449	0.832	752.960	3.497	0
9141	459	233	211	0.666	0.812	743.398	3.780	0	258	206	0.449	0.832	752.960	3.471	0
9161	460	222	192	0.666	0.812	743.398	3.784	0	268	186	0.449	0.832	752.960	3.403	0
9181	461	224	193	0.666	0.812	742.312	3.783	0	266	183	0.449	0.831	756.036	3.411	0
9201	462	224	199	0.666	0.812	742.312	3.811	0	-1280	-1024	0.666	0.812	-1.000	-1.000	4
9221	463	227	196	0.666	0.812	742.312	3.806	0	-1280	-1024	0.666	0.812	-1.000	-1.000	4
9241	464	224	180	0.666	0.812	742.312	3.810	0	-1280	-1024	0.666	0.812	-1.000	-1.000	4
9261	465	221	204	0.665	0.811	742.312	3.759	0	-1280	-1024	0.665	0.811	-1.000	-1.000	4
9281	466	217	197	0.665	0.811	742.569	3.755	0	-1280	-1024	0.449	0.830	-1.000	-1.000	4
9301	467	220	189	0.665	0.811	742.569	3.820	0	261	194	0.449	0.830	754.761	3.396	0
9321	468	226	196	0.665	0.811	742.569	3.788	0	257	214	0.449	0.830	754.761	3.404	0
9341	469	223	201	0.665	0.811	742.569	3.806	0	270	214	0.449	0.830	754.761	3.419	0
9361	470	226	200	0.666	0.811	742.569	3.809	0	287	215	0.449	0.831	754.761	3.421	0
9381	471	226	203	0.666	0.812	741.087	3.805	0	291	221	0.449	0.831	752.093	3.410	0
9401	472	233	193	0.666	0.812	741.087	3.798	0	286	213	0.449	0.831	752.093	3.425	0
9420	473	221	187	0.666	0.812	741.087	3.852	0	266	215	0.449	0.831	752.093	3.389	0
9440	474	212	186	0.666	0.812	741.087	3.796	0	272	229	0.449	0.830	752.093	3.361	0
9460	475	211	209	0.666	0.811	741.087	3.800	0	271	219	0.449	0.830	752.093	3.403	0
9480	476	212	208	0.666	0.811	740.889	3.812	0	269	220	0.449	0.830	753.967	3.406	0
9500	477	232	206	0.666	0.811	740.889	3.807	0	293	210	0.449	0.830	753.967	3.373	0
9520	478	231	199	0.666	0.811	740.889	3.869	0	281	197	0.449	0.830	753.967	3.388	0
9540	479	235	200	0.666	0.811	740.889	3.848	0	277	191	0.449	0.830	753.967	3.437	0
9560	480	222	261	0.665	0.812	740.889	3.835	0	295	297	0.449	0.831	753.967	3.385	0
9580	481	221	257	0.664	0.813	743.462	3.876	0	294	295	0.449	0.832	755.088	3.406	0
9600	482	347	708	0.664	0.814	743.462	3.986	0	320	710	0.449	0.834	755.088	3.478	0
9620	483	342	707	0.664	0.814	743.462	3.908	0	330	696	0.448	0.834	755.088	3.495	0
9640	484	351	733	0.664	0.814	743.462	3.993	0	314	741	0.448	0.834	755.088	3.590	0
9660	485	356	728	0.664	0.814	743.462	3.939	0	338	721	0.447	0.833	755.088	3.546	0
9680	486	359	720	0.664	0.814	747.212	3.997	0	329	728	0.448	0.833	753.967	3.579	0
9700	487	341	734	0.664	0.814	747.212	4.006	0	303	736	0.448	0.833	753.967	3.519	0
9720	488	341	735	0.663	0.814	747.212	3.942	0	319	737	0.447	0.833	753.967	3.574	0
9739	489	357	673	0.663	0.814	747.212	4.002	0	343	666	0.447	0.833	753.967	3.495	0
9759	490	363	687	0.663	0.814	747.212	4.028	0	334	686	0.447	0.833	753.967	3.540	0
9779	491	369	700	0.664	0.814	747.244	4.012	0	346	658	0.447	0.833	760.505	3.579	0
9799	492	363	673	0.664	0.814	747.244	4.066	0	329	662	0.447	0.833	760.505	3.577	0
9819	493	371	680	0.663	0.814	747.244	4.021	0	313	676	0.446	0.833	760.505	3.629	0
9839	494	374	681	0.663	0.813	747.244	4.005	0	-1280	-1024	0.663	0.813	-1.000	-1.000	4
9859	495	349	688	0.663	0.813	747.244	4.020	0	346	690	0.447	0.832	760.505	3.603	0
9879	496	330	694	0.663	0.813	745.034	4.003	0	345	688	0.447	0.832	762.056	3.610	0
9899	497	-1280	-1024	0.447	0.832	-1.000	-1.000	4	448	434	0.447	0.832	762.056	5.060	0
9919	498	367	660	0.662	0.813	745.034	4.028	0	354	663	0.446	0.832	762.056	3.522	0
9939	499	372	674	0.662	0.813	745.034	4.008	0	363	656	0.445	0.832	762.056	3.544	0
9959	500	377	670	0.662	0.813	745.034	4.023	0	360	651	0.445	0.832	762.056	3.634	0
9979	501	382	664	0.662	0.813	746.748	4.024	0	364	649	0.446	0.832	759.074	3.665	0
9999	502	393	675	0.662	0.813	746.748	3.972	0	368	660	0.446	0.833	759.074	3.587	0
10019	503	388	686	0.662	0.813	746.748	3.988	0	366	668	0.445	0.833	759.074	3.560	0
10039	504	389	679	0.662	0.813	746.748	3.984	0	392	657	0.446	0.832	759.074	3.497	0
10058	505	377	681	0.662	0.813	746.748	3.938	0	389	657	0.446	0.832	759.074	3.470	0
10078	506	353	682	0.662	0.813	747.854	3.948	0	370	657	0.446	0.832	758.585	3.441	0
10098	507	-1280	-1024	0.446	0.832	-1.000	-1.000	4	354	664	0.446	0.832	758.585	3.531	0
10118	508	377	669	0.662	0.813	747.854	3.923	0	366	653	0.445	0.832	758.585	3.482	0
10138	509	378	665	0.662	0.813	747.854	3.978	0	373	657	0.445	0.832	758.585	3.575	0
10158	510	379	682	0.662	0.813	747.854	3.942	0	357	641	0.445	0.832	758.585	3.468	0
