1	264	100	673	469
2	504	140	705	553
3	763	179	648	534
4	1142	179	641	454
5	1780	120	674	482
6	3534	120	134	189
7	4112	139	388	191
8	4591	199	350	454
9	4810	359	479	452
10	5568	100	686	432
11	5687	100	679	425
12	6624	219	119	193
13	6963	299	119	196
14	7781	160	292	203
15	7980	499	471	228
16	8499	299	471	232
17	8818	279	556	240
18	9117	180	604	235
19	9755	140	201	179
20	10034	120	200	174
21	10173	140	311	207
22	10333	120	313	193
23	10672	120	447	189
24	10891	100	554	204
25	11130	319	698	212
26	11788	120	244	208
27	11988	139	91	246
28	12606	160	123	229
29	13004	160	295	218
30	13184	180	269	233
31	13403	219	77	271
32	13842	119	263	215
33	14500	120	579	242
34	14699	140	626	250
35	14958	119	628	220
36	15098	259	617	194
37	15397	239	620	188
38	15656	339	491	172
39	16334	100	254	201
40	16573	319	72	239
41	16932	299	266	214
42	17291	180	525	190
43	17490	159	608	199
44	17670	359	612	225
45	18049	120	513	237
46	18188	139	505	220
47	18368	778	609	221
48	19165	758	619	220
49	19963	279	623	208
50	20262	1196	622	206
51	21478	399	623	222
52	21897	259	667	211
53	22235	518	619	207
54	22794	1635	623	199
55	24449	279	598	191
56	24867	139	580	212
57	25047	399	586	201
58	25605	578	503	195
59	26203	498	617	204
60	26921	399	753	218
61	27359	957	622	194
62	28436	798	617	198
63	29293	179	507	182
64	29612	379	479	195
65	30011	100	474	236
66	30131	259	601	279
67	30470	239	608	275
68	30829	179	718	264
69	31028	299	787	239
70	31566	120	686	291
71	31726	100	686	297
72	32005	538	575	245
73	32782	1057	612	231
74	33879	140	572	247
75	34039	239	567	235
76	34298	618	607	238
77	34936	179	605	236
78	35135	279	589	185
79	35434	678	629	170
80	36152	339	590	244
81	36531	319	570	249
82	36870	299	571	241
83	37209	199	450	225
84	38524	199	446	232
85	39282	120	448	233
86	39442	219	608	239
87	39781	100	614	247
88	39900	558	609	242
89	40478	100	603	238
90	40598	279	607	242
91	40897	199	601	274
92	41116	139	638	259
93	41276	199	730	265
94	41615	159	604	269
95	41794	359	609	279
96	42173	319	606	273
97	42512	140	606	267
98	42751	339	513	260
99	43170	140	647	260
100	43728	439	611	260
101	44227	239	608	263
102	44486	100	604	272
103	44605	199	606	268
104	44825	439	614	265
105	45303	160	612	263
106	45503	219	616	275
107	45841	578	515	304
108	46898	199	257	247
109	47177	100	92	265
110	47317	160	81	255
111	47596	100	275	242
112	47775	140	505	270
113	48094	459	493	274
114	48712	120	483	306
115	48932	259	457	265
116	49211	140	440	225
117	49370	279	450	233
118	50148	279	622	285
119	50547	299	609	302
120	51125	180	675	292
121	51384	120	728	294
122	51524	179	768	302
123	51723	199	657	315
124	51962	658	451	282
125	52660	179	278	271
126	52859	180	255	283
127	53079	120	62	296
128	53378	179	419	269
129	53577	120	416	288
130	53876	279	444	285
131	54315	379	596	288
132	54734	120	598	290
133	54993	498	626	284
134	55531	120	624	292
135	55671	120	624	270
136	56010	160	451	296
137	56468	100	256	281
138	56667	100	70	286
139	56787	160	79	293
140	57724	159	461	275
141	57983	100	620	294
142	58263	339	609	298
143	58721	299	619	293
144	59080	179	608	300
145	59299	219	606	294
146	59698	259	517	254
147	60137	259	454	276
148	60416	160	461	290
149	60595	459	439	249
150	61074	399	266	249
151	61492	180	250	240
152	61772	199	65	250
153	61991	159	109	260
154	62190	140	272	242
155	62489	140	318	233
156	62709	359	443	246
157	63107	160	118	247
158	64583	259	446	246
159	64862	399	441	231
160	65360	319	271	226
161	65759	100	94	239
162	65879	239	69	241
163	66377	159	272	228
164	66616	120	79	229
165	66856	479	437	241
166	67394	279	440	241
167	67713	339	268	222
168	68451	439	280	213
169	68949	180	444	245
170	69168	159	456	248
171	69348	100	451	233
172	69467	518	451	240
173	70006	219	447	232
174	70245	319	446	235
175	70584	339	460	283
176	70943	199	466	298
177	71162	359	451	279
178	71661	219	444	246
179	71900	419	435	231
180	72338	100	430	237
181	72458	658	442	226
182	73973	140	459	209
183	74133	339	445	227
184	74492	419	444	221
185	74930	2054	443	231
186	77024	199	450	269
187	77442	120	453	279
188	77582	299	452	271
189	77901	499	445	250
190	78439	319	283	238
191	78798	359	66	254
192	79456	160	291	222
193	79635	299	273	241
194	80134	399	264	228
195	80593	259	336	237
196	81131	199	64	238
197	81450	578	273	247
198	82048	219	314	248
199	82327	100	274	244
200	82546	259	60	250
201	82965	140	264	262
202	83424	778	616	265
203	84241	558	613	277
204	84819	419	610	270
205	85278	259	507	292
206	85557	140	500	281
207	85716	100	509	296
208	85836	160	507	286
209	86135	259	506	299
210	87391	120	520	299
211	87690	618	523	304
212	88448	199	500	287
213	88986	140	613	273
214	89166	279	598	283
215	89485	140	497	300
216	89764	219	263	253
217	90123	299	49	235
218	90462	259	252	237
219	90840	179	258	243
220	91199	219	267	251
221	91439	100	273	266
222	91558	877	270	253
223	92455	120	289	249
224	92595	219	325	255
225	92934	239	330	252
226	93193	160	323	252
227	93372	160	325	253
228	93572	239	509	288
229	93831	379	487	275
230	94230	499	585	280
231	94748	319	611	290
232	95326	279	610	288
233	95685	140	427	265
234	95845	279	428	281
235	96323	180	39	243
236	96702	160	274	253
237	96881	120	276	248
238	97101	120	324	270
239	97320	139	321	264
240	97480	100	320	264
241	97779	199	323	265
242	97998	160	322	268
243	98257	120	444	284
244	98417	239	442	278
245	98676	120	441	281
246	98975	279	248	254
247	99294	160	236	234
248	99473	100	284	234
249	99593	100	256	221
250	99752	239	75	220
251	100071	180	275	210
252	100371	299	260	248
253	100889	259	63	236
254	101447	239	535	260
255	101886	299	244	234
256	102524	279	270	237
257	102823	140	312	236
258	103022	239	622	262
259	103281	319	615	264
260	103720	678	615	261
261	104438	598	531	285
262	105136	299	475	249
263	105455	339	457	260
264	105813	299	453	258
265	106770	179	622	264
266	106970	199	617	274
267	107189	459	621	267
268	107747	319	498	287
269	108166	139	251	244
270	108385	359	68	260
271	109322	279	242	237
272	109622	498	250	247
273	110240	180	531	307
274	110598	259	264	257
275	111256	279	274	274
276	111555	279	350	267
277	111855	359	282	260
278	112253	339	352	253
279	112612	120	367	239
280	112812	778	605	241
281	113609	439	518	287
282	114167	219	285	227
283	114407	139	457	243
284	114566	219	453	247
285	115005	100	234	225
286	115224	140	66	239
287	115383	140	49	225
288	115623	179	46	219
289	116001	100	47	225
290	116161	279	54	219
291	116540	1017	249	237
292	117656	140	260	237
293	117856	140	632	253
294	118015	219	623	254
295	118254	120	621	261
296	118454	279	472	258
297	118813	279	445	247
298	119211	120	312	237
299	119351	100	274	239
300	119471	259	275	241
301	119829	140	104	326
302	120168	179	57	241
303	120707	199	308	225
304	121125	100	443	240
305	121245	160	489	270
306	121424	419	471	252
307	121863	120	471	251
308	122003	279	499	261
309	122302	658	471	262
310	123458	120	723	539
311	123598	120	739	568
312	124076	100	639	390
313	124415	120	466	217
314	124973	100	446	221
315	125193	179	449	218
316	125611	160	272	216
317	125811	259	76	202
318	126349	100	93	173
319	126568	857	265	248
320	127446	219	274	233
321	127685	199	277	212
322	128223	219	445	219
323	128462	279	448	230
324	128801	638	443	245
325	129539	199	517	244
326	129758	219	519	261
327	129998	179	472	383
328	130257	120	445	435
329	130656	179	67	563
330	131294	100	499	762
331	131413	160	456	829
332	132849	120	45	524
333	133208	160	442	246
334	133487	140	188	229
335	133865	199	64	252
336	134424	140	89	256
337	134583	100	88	250
338	134743	100	77	256
339	134962	100	80	230
340	135361	359	38	223
341	135760	259	41	222
342	136039	179	42	238
343	136318	100	54	250
344	136836	578	70	563
345	137554	100	55	311
346	137694	119	42	249
347	138212	279	59	267
348	138810	279	67	252
349	139109	179	85	274
350	139428	339	424	255
351	139787	139	459	233
352	139946	319	455	238
353	140345	140	75	216
354	140664	459	271	233
355	141242	259	278	241
356	141522	179	273	233
357	141821	100	254	284
358	141940	199	256	267
359	142160	140	264	250
360	142339	159	277	255
361	142718	120	49	263
362	143435	120	62	535
363	144233	140	60	514
364	144732	100	41	505
365	145150	100	72	515
366	146187	140	97	532
367	146944	100	182	207
368	147164	259	275	214
369	147463	120	505	298
370	148500	279	387	217
371	148799	159	310	202
372	148978	199	440	225
373	149197	479	456	217
374	149796	638	37	198
375	150473	140	406	203
376	150733	339	446	216
377	151111	160	110	223
378	151311	299	72	230
379	151690	219	284	247
380	151929	120	280	236
381	152108	140	47	535
382	152268	120	60	551
383	152407	120	60	540
384	152886	140	82	553
385	153045	379	90	545
386	153524	100	92	557
387	153823	100	93	561
388	154002	199	97	571
389	154381	279	88	543
390	154700	100	79	248
391	154959	140	85	216
392	155338	179	74	286
393	155717	199	287	247
394	156654	120	112	556
395	157033	179	107	575
396	157452	100	105	592
397	157571	100	95	558
398	159724	140	131	644
399	160243	219	96	625
400	161419	179	102	653
401	161718	239	76	663
402	162575	100	71	661
403	162735	120	128	659
404	164190	219	78	554
405	164470	120	130	619
406	165387	100	223	650
407	165766	199	304	648
408	167181	179	139	682
409	167580	119	152	673
410	168537	100	245	709
411	169673	100	115	637
412	170092	139	87	639
413	170291	100	87	629
414	170491	100	81	661
415	171049	100	117	643
416	171667	120	119	672
417	172345	120	117	655
418	172484	140	119	647
419	172963	219	107	681
420	173342	100	51	718
421	173601	239	85	715
422	173900	159	117	723
423	174079	100	111	715
424	175555	120	140	726
425	175754	100	134	731
426	175993	120	130	704
427	176133	100	118	714
428	176253	100	139	716
429	176472	140	138	719
430	176751	100	136	276
431	177150	100	100	293
432	177289	319	283	268
433	177628	100	451	269
434	177748	299	449	273
435	178187	140	153	272
436	178426	100	271	245
437	178545	100	271	252
438	179024	179	94	640
439	179223	139	86	596
440	179662	179	106	677
441	179961	140	109	659
442	180420	100	91	738
443	180739	120	89	775
444	182772	140	740	525
445	183271	120	758	567
446	184208	120	747	574
447	184407	120	706	548
448	184606	179	691	485
449	184846	139	696	482
450	185025	160	685	464
451	185224	259	692	552
452	185623	160	674	536
453	185843	140	734	550
454	186022	160	735	569
455	186520	180	757	575
456	187238	180	733	556
457	187617	100	767	572
458	187976	319	714	604
459	188375	119	713	640
460	188953	139	738	640
461	189312	399	696	681
462	189770	120	719	686
463	189930	120	720	679
464	190508	100	724	596
465	190647	139	715	594
466	190907	100	726	594
467	191226	120	756	571
468	191804	179	777	567
469	192003	139	776	553
470	192920	199	721	533
471	193578	179	711	312
472	193778	179	716	323
473	194077	100	325	335
474	194416	259	99	363
475	194775	179	76	542
476	194994	100	85	556
477	195133	159	75	543
478	196030	120	715	551
479	196290	259	64	531
480	196788	399	741	542
481	197327	120	749	574
482	197785	120	740	567
483	197925	140	748	560
484	198443	179	151	228
485	199081	120	39	228
486	199300	180	49	203
487	199579	120	83	239
488	199799	279	275	223
489	200098	359	268	209
490	200477	100	299	224
491	201095	279	446	220
492	201394	498	446	275
493	201912	359	478	226
494	202291	140	610	260
495	202450	120	654	308
496	202630	140	636	303
497	202789	379	469	231
498	203208	219	269	218
499	203547	120	69	192
500	203766	299	270	221
501	204205	239	75	558
502	204484	100	93	568
503	204644	160	102	564
504	204823	100	103	543
505	205102	160	745	559
506	206039	120	743	561
507	206438	120	729	538
508	206777	100	729	698
509	206996	359	740	672
510	207415	160	739	690
511	207594	120	740	739
512	208013	140	768	773
513	209269	179	757	850
514	209588	100	760	854
515	210266	120	1101	757
516	211083	159	500	613
517	212180	159	276	206
518	212379	299	258	208
519	212698	100	259	202
520	213416	379	66	530
521	214214	179	131	721
522	216566	160	744	670
523	216925	100	746	692
524	217264	120	747	690
525	218321	120	80	597
526	218540	837	54	539
527	219776	279	61	553
528	220175	339	70	556
529	220554	159	82	574
530	224143	159	87	248
531	224322	239	83	211
532	224601	419	280	197
533	229406	558	69	529
534	230004	160	75	525
535	230562	160	75	565
536	231081	399	76	596
537	231719	259	52	592
538	232117	239	69	508
539	232496	359	59	515
540	232915	160	43	514
541	233673	180	280	188
542	234171	179	67	217
543	234370	199	69	216
544	235008	299	746	553
545	235467	279	746	527
546	235766	180	740	528
547	236025	239	729	520
548	236384	199	718	523
549	236863	279	748	531
550	237182	100	758	532
551	237301	140	754	520
552	237500	100	750	535
553	237620	120	757	527
554	238178	159	731	533
555	238358	100	747	541
556	238478	179	758	546
557	238896	100	758	540
558	239016	160	735	545
559	239315	140	742	549
560	239554	119	365	201
561	239714	618	275	172
562	240392	140	75	195
563	240571	159	86	198
564	241089	199	440	192
565	241368	259	274	185
566	241767	160	301	190
567	241947	678	298	183
568	242764	120	309	183
569	243302	140	773	567
570	243462	100	741	534
571	243601	140	744	537
572	243861	199	718	535
573	244100	140	745	532
574	244499	179	746	539
575	244957	179	736	530
576	245176	160	741	542
577	245495	239	756	532
578	245914	120	748	531
579	246253	239	760	548
580	246732	120	793	566
581	247110	100	745	581
582	247250	139	752	598
583	247410	100	751	596
584	247848	199	722	603
585	249902	199	789	659
586	250201	119	796	664
587	250360	219	795	655
588	251397	120	760	599
589	251536	239	764	585
590	252394	100	104	205
591	252593	379	270	203
592	253311	159	76	218
593	253590	179	277	212
594	253989	279	290	212
595	255325	140	83	216
596	255584	180	264	211
597	255823	259	261	207
598	256122	140	74	241
599	256860	120	756	599
600	257259	140	772	686
601	257717	159	784	701
602	258594	339	797	728
603	259153	120	776	689
604	259531	100	769	703
605	260728	159	803	728
606	261226	100	748	751
607	261406	160	753	750
608	261705	100	748	605
609	263100	120	461	214
610	264117	100	254	226
611	264536	100	769	579
612	264655	179	739	559
613	264934	120	750	626
614	265254	120	752	599
615	266071	140	747	864
616	266470	140	712	847
617	266789	120	706	839
618	267188	140	752	864
619	267586	180	766	919
620	268164	100	758	913
621	269141	160	755	850
622	269660	100	751	872
623	270218	199	775	853
624	270517	199	755	846
625	270736	199	751	833
626	271933	120	851	875
627	272650	100	754	851
628	272949	139	763	888
629	288740	140	756	585
630	289119	100	757	579
631	289498	100	738	774
632	289717	100	722	828
633	290335	179	755	899
634	290554	140	754	926
635	291152	120	81	563
636	291511	259	69	598
637	291810	299	79	616
638	292408	199	74	596
639	292628	139	84	595
640	292987	100	63	524
641	293106	359	70	541
642	293585	179	96	557
643	293884	100	100	564
644	294083	279	91	557
645	294402	180	91	551
646	294602	299	104	566
647	294921	239	108	571
648	295200	160	103	567
649	295479	139	94	570
650	295678	120	90	578
651	295818	160	101	591
652	296815	100	165	194
653	297891	319	277	214
654	298250	179	83	207
655	298509	100	98	559
656	299028	100	104	563
657	299466	140	106	206
658	299646	319	300	199
659	300005	359	93	195
660	300423	199	266	194
661	300722	219	296	188
662	301001	100	728	494
663	304989	100	736	535
664	305228	140	725	519
665	312466	259	1101	753
666	312864	140	479	741
667	313283	120	445	653
668	313682	140	463	435
669	313841	120	454	426
670	314120	120	157	398
671	314260	100	124	420
672	314380	140	125	425
673	314539	259	157	366
674	314838	160	274	362
675	315157	279	418	380
676	315835	139	203	388
677	316094	359	82	302
678	316493	179	270	282
679	316692	100	266	283
680	316872	598	445	220
681	317510	359	436	232
682	317889	100	459	222
683	318008	239	459	198
684	318267	319	449	213
685	318806	140	271	196
686	320082	140	88	220
687	320401	180	279	218
688	320640	339	255	217
689	321019	179	261	206
690	321218	100	293	214
691	321338	140	285	207
692	321637	100	243	216
693	321856	140	77	249
694	322016	180	75	236
695	322614	259	276	189
696	322893	179	191	178
697	323092	279	165	180
698	324129	100	244	162
699	324249	219	334	184
700	324727	239	585	194
701	325106	259	695	180
702	325385	279	605	194
703	325684	179	548	189
704	325943	120	437	199
705	326203	159	238	164
706	326382	279	196	177
707	326681	199	266	169
708	326980	399	250	201
709	327498	140	86	222
710	327658	299	67	234
711	328196	179	105	225
712	328396	678	81	235
713	329193	359	249	205
714	329572	120	252	212
715	329791	199	132	219
716	330569	180	84	600
717	330888	159	87	573
718	331067	120	99	574
719	331426	120	100	593
720	331984	120	791	648
721	332423	120	759	582
722	332742	100	285	200
723	332981	140	262	181
724	333260	140	258	222
725	333440	359	254	215
726	334018	100	762	570
727	334576	219	771	649
728	335254	140	753	616
729	335533	160	751	597
730	336211	100	93	546
731	336590	100	102	571
732	336729	159	95	556
733	337208	219	94	556
734	337846	120	123	564
735	337986	119	105	548
736	338185	100	93	557
737	338384	100	96	551
738	338624	140	95	563
739	339042	120	102	590
740	339202	100	91	560
741	339341	120	87	536
742	339481	279	102	568
743	340398	119	105	567
744	340896	180	780	617
745	341096	100	765	599
746	341235	100	754	596
747	341455	139	752	552
748	341694	100	744	547
749	341814	160	751	576
750	342272	140	792	676
751	343149	120	446	216
752	343329	219	73	236
753	344704	100	85	664
754	344924	239	55	664
755	345741	120	106	679
756	346299	160	116	761
757	346798	100	743	791
758	346918	139	733	830
759	347994	159	738	855
760	348233	120	727	838
761	348393	100	736	829
762	348911	140	717	528
763	349649	139	704	839
764	349888	160	691	821
765	350088	120	686	816
766	350287	160	683	547
767	350586	179	700	522
768	350825	319	699	540
769	351483	100	697	535
770	351902	100	730	557
771	352420	259	717	599
772	352699	140	699	559
773	352899	180	704	561
774	354354	219	708	519
775	354693	120	87	513
776	355411	100	79	662
777	355909	160	273	220
778	356129	100	254	223
779	356488	279	445	251
780	356807	219	248	235
781	357205	299	106	256
782	357883	140	294	221
783	358282	140	87	641
784	358461	159	115	816
785	358760	100	112	803
786	358880	239	121	778
787	359179	100	110	741
788	359737	180	104	652
789	360236	199	89	795
790	360535	299	76	651
791	361153	120	65	634
792	361392	139	106	662
793	361930	120	114	681
794	362728	100	78	637
795	363426	199	66	634
796	363645	199	61	659
797	363864	239	98	674
798	364383	120	87	688
799	364542	120	87	682
800	364722	279	88	679
801	365120	100	114	695
802	365559	160	730	628
803	366018	199	735	585
804	366436	219	720	560
805	366835	179	692	548
806	367074	219	732	578
807	367314	100	720	540
808	367732	159	752	566
809	367912	100	761	607
810	368131	120	765	591
811	368510	100	721	547
812	369148	239	92	623
813	369566	140	87	666
814	370005	140	84	636
815	370364	120	105	221
816	370743	199	302	232
817	371102	279	458	242
818	371461	159	450	251
819	371700	578	622	238
820	372318	359	627	243
821	372737	239	459	243
822	374052	160	445	271
823	374232	459	445	243
824	374750	837	451	258
825	375628	379	448	276
826	376086	239	272	255
827	376584	100	70	259
828	377661	239	276	248
829	378060	179	96	255
830	378259	279	268	252
831	378558	239	294	248
832	378817	160	266	251
833	379057	140	95	247
834	379256	199	81	258
835	379495	339	269	243
836	380054	159	448	267
837	380233	598	450	268
838	380951	1077	261	253
839	382047	120	85	262
840	382366	319	65	260
841	382765	598	267	250
842	383383	259	268	260
843	383662	239	324	254
844	383922	159	287	268
845	384161	100	68	258
846	384460	379	268	257
847	384878	100	431	265
848	385397	140	90	554
849	385696	140	79	622
850	386892	140	80	634
851	387052	120	83	639
852	387291	160	101	639
853	387570	120	98	621
854	387889	239	109	656
855	388706	159	83	713
856	389444	199	51	687
857	389663	120	49	696
858	390262	359	100	712
859	391338	100	99	635
860	391936	419	135	694
861	392834	120	99	675
862	392973	140	88	656
863	393372	100	88	659
864	393691	219	114	673
865	393990	120	107	671
866	394608	120	112	681
867	394748	279	132	691
868	395067	100	120	687
869	395186	120	112	672
870	396263	140	284	239
871	396841	100	746	541
872	397060	259	738	548
873	397339	199	728	551
874	397718	140	727	550
875	397918	199	747	575
876	398516	180	766	576
877	398974	120	753	587
878	399134	219	747	568
879	400430	100	109	667
880	400749	140	101	667
881	400908	120	126	688
882	401048	140	129	677
883	401207	139	117	679
884	401526	319	98	644
885	402005	100	78	603
886	402124	159	95	635
887	402324	120	99	663
888	402623	100	103	664
889	402902	120	740	548
890	403121	160	762	552
891	403301	100	766	544
892	403520	100	776	568
893	403979	100	360	205
894	404138	140	273	226
895	404497	179	254	233
896	405255	199	795	584
897	406072	179	734	559
898	406271	459	745	558
899	406850	100	723	543
900	407248	120	91	621
901	407647	179	103	689
902	408165	120	143	673
903	408345	120	145	692
904	408504	120	135	693
905	408704	140	117	689
906	409242	180	775	542
907	409442	100	776	565
908	409760	219	464	242
909	410119	259	253	237
910	410578	140	53	255
911	410797	299	289	242
912	411136	598	605	272
913	411794	100	587	285
914	412013	319	517	304
915	412432	199	479	276
916	412691	239	281	235
917	413070	179	48	253
918	413389	837	274	238
919	414286	179	79	241
920	414506	179	442	244
921	414725	199	601	254
922	415144	159	597	271
923	415323	1176	627	248
924	416519	379	628	253
925	416998	359	456	246
926	417396	359	448	247
927	417795	100	449	264
928	417995	259	445	248
929	418274	578	445	247
930	419091	359	448	250
931	419470	180	266	254
932	419789	160	77	274
933	419968	199	324	251
934	420208	339	473	268
935	420567	279	526	281
936	420866	279	610	278
937	421205	140	215	260
938	421563	180	81	265
939	421783	219	273	248
940	422201	239	85	612
941	422500	140	78	526
942	422899	239	108	650
943	423258	119	110	678
944	423398	379	125	690
945	424494	259	770	593
946	425092	139	772	559
947	425252	140	772	567
948	425491	100	502	242
949	425671	100	435	260
950	425830	120	156	238
951	425970	140	82	272
952	426229	160	285	224
953	426508	100	253	232
954	426707	179	91	230
955	426907	179	113	244
956	427106	319	269	236
957	427664	160	96	635
958	428262	120	134	682
959	428641	100	758	625
960	428940	160	764	559
961	429219	120	738	564
962	430117	259	287	222
963	430416	160	82	237
964	430934	140	457	243
965	431293	180	463	245
966	431532	339	604	254
967	431911	379	435	244
968	432469	479	437	239
969	432968	618	452	257
970	433606	259	513	270
971	434044	180	263	251
972	434264	179	83	274
973	434543	219	268	237
974	434842	578	618	259
975	435440	778	512	312
976	436397	120	731	600
977	436636	179	761	588
978	437573	140	104	706
979	437912	120	111	676
980	438231	139	141	674
981	439647	120	769	566
982	439946	179	742	547
983	440145	120	754	558
984	440365	140	767	553
985	440584	120	781	544
986	440823	100	781	579
987	441042	219	115	685
988	441840	399	89	641
989	442338	120	121	684
990	442757	100	148	678
991	443415	140	774	615
992	443754	140	779	564
993	444053	339	766	571
994	445130	160	803	547
995	445628	140	782	569
996	445867	120	784	574
997	446007	140	794	556
998	446166	199	790	577
999	446565	100	748	553
1000	446904	100	152	701
1001	447024	120	117	680
1002	447602	100	146	682
1003	449077	259	447	256
1004	449436	199	440	248
1005	449735	100	452	218
1006	449875	239	265	213
1007	450473	139	58	218
1008	450931	140	266	222
1009	451410	259	260	197
1010	451689	379	254	198
1011	453444	159	266	207
1012	453643	259	254	219
1013	453962	159	246	217
1014	454141	419	248	220
1015	454640	100	285	219
1016	454999	140	275	217
1017	455377	279	264	220
1018	456095	179	251	221
1019	456295	259	60	237
1020	457710	658	259	220
1021	458667	159	102	226
1022	458847	140	250	212
1023	459006	219	249	217
1024	459245	179	282	215
1025	459445	140	82	239
1026	459644	239	75	634
1027	459963	160	74	564
1028	460142	100	87	579
1029	460302	219	94	779
1030	460541	219	100	757
1031	461339	259	111	759
1032	468596	100	377	219
1033	468716	259	441	223
1034	469035	279	287	211
1035	469354	160	66	224
1036	469553	180	530	205
1037	469752	239	619	207
1038	470032	359	266	214
1039	470430	359	69	216
1040	470829	419	274	219
1041	471288	259	446	213
1042	471587	199	221	220
1043	471806	299	73	236
1044	472145	239	279	227
1045	472404	239	324	228
1046	472683	140	196	235
1047	472843	279	83	241
1048	473162	219	278	234
1049	473401	120	342	232
1050	477309	160	116	662
1051	477648	140	130	683
1052	477987	179	736	623
1053	478266	279	767	602
1054	478565	100	752	585
1055	478784	219	732	557
1056	479103	259	754	559
1057	479382	219	769	601
1058	479980	159	756	559
1059	480160	299	758	553
1060	480479	179	775	568
1061	480698	159	762	608
1062	481077	199	765	612
1063	481336	140	773	588
1064	481575	498	777	602
1065	482094	160	787	587
1066	482373	160	770	608
1067	482552	100	764	620
1068	483190	180	800	658
1069	483390	180	797	643
1070	483988	120	743	663
1071	484167	100	763	634
1072	484327	239	751	644
1073	484586	139	746	661
1074	484765	100	748	672
1075	484925	120	741	652
1076	485064	100	742	650
1077	485463	179	811	672
1078	485663	140	847	660
1079	485822	179	809	647
1080	486221	179	769	645
1081	486619	479	724	553
1082	487317	100	775	646
1083	487517	100	122	687
1084	487676	120	123	676
1085	488573	259	113	661
1086	490228	160	305	228
1087	490507	180	446	237
1088	490806	139	592	230
1089	491006	199	261	241
1090	491245	439	95	237
1091	491704	279	281	233
1092	492003	180	329	241
1093	492202	618	427	254
1094	492840	239	439	233
1095	493099	239	288	200
1096	493398	279	88	222
1097	493717	279	265	201
1098	494016	160	319	203
1099	495013	259	143	733
1100	495392	159	144	760
1101	496050	219	157	728
1102	496947	120	769	629
1103	497246	100	777	646
1104	497765	100	797	678
1105	497964	100	778	632
1106	498143	120	765	597
1107	498383	100	777	590
1108	498642	199	744	608
1109	498981	179	777	613
1110	499200	339	793	631
1111	500815	199	739	557
1112	501174	120	728	596
1113	501612	140	713	572
1114	501872	179	706	568
1115	502071	179	721	569
1116	502470	219	721	584
1117	502809	100	721	607
1118	503128	140	710	555
1119	503287	100	704	563
1120	503447	140	711	562
1121	503726	100	721	562
1122	503905	259	738	565
1123	504184	100	781	571
1124	504583	140	761	582
1125	504802	120	744	585
1126	505022	160	764	602
1127	505500	259	795	620
1128	505919	159	796	669
1129	506278	100	770	612
1130	506437	159	732	600
1131	506796	219	745	599
1132	507036	140	749	604
1133	507315	199	774	614
1134	507534	120	742	585
1135	507674	120	730	609
1136	507893	120	724	583
1137	508072	140	721	571
1138	508232	219	724	557
1139	508471	199	752	557
1140	509508	120	74	643
1141	509986	100	115	705
1142	517981	140	423	203
1143	518141	279	290	208
1144	518460	180	88	255
1145	518699	279	462	200
1146	518998	578	617	183
1147	519616	199	477	223
1148	519835	299	513	231
1149	520154	578	443	207
1150	520772	259	279	219
1151	521072	140	87	233
1152	521430	159	237	227
1153	521610	1196	270	200
1154	522846	359	87	230
1155	523245	658	287	226
1156	523962	239	100	233
1157	524242	359	269	224
1158	524620	199	103	223
1159	525039	180	108	697
1160	525238	100	124	716
1161	525936	160	99	645
1162	526156	100	91	552
1163	526435	120	88	539
1164	526774	180	107	828
1165	527152	120	116	848
1166	527511	159	131	896
1167	527691	100	121	892
1168	535028	199	45	617
1169	535247	120	40	612
1170	535447	199	52	612
1171	535666	638	46	525
1172	536802	100	32	507
1173	536922	140	37	508
1174	543043	100	717	591
1175	543162	140	723	588
1176	543421	239	708	516
1177	544040	120	58	674
1178	544498	140	432	248
1179	544777	239	278	224
1180	545335	299	451	222
1181	545654	179	442	213
1182	546073	140	274	215
1183	546332	179	81	229
1184	546532	100	273	210
1185	546771	498	621	231
1186	547289	239	620	228
1187	547548	259	517	266
1188	547828	279	446	222
1189	548186	179	449	228
1190	548426	279	262	222
1191	548745	678	71	240
1192	549442	299	103	246
1193	549841	199	259	227
1194	550061	120	94	238
1195	550459	259	82	248
1196	550758	160	261	231
1197	551137	279	449	233
1198	551456	459	265	226
1199	552234	100	70	661
1200	552493	179	78	662
1201	552692	120	83	670
1202	552852	120	86	654
1203	553151	159	82	643
1204	553330	179	96	645
1205	553629	180	88	640
1206	553968	100	97	672
1207	554088	120	100	671
1208	554447	179	124	777
1209	554646	160	115	760
1210	554985	259	118	756
1211	555364	100	126	769
1212	556162	140	118	822
1213	556540	159	75	606
1214	556780	139	82	614
1215	557059	140	84	552
1216	557278	160	102	590
1217	557457	100	113	574
1218	557617	219	116	570
1219	558076	219	79	528
1220	558833	199	105	562
1221	559152	179	699	530
1222	559371	120	720	547
1223	559611	120	735	541
1224	560109	180	723	520
1225	560368	219	741	527
1226	560767	100	749	574
1227	561904	239	727	538
1228	562202	140	732	559
1229	562601	199	748	571
1230	562920	219	769	589
1231	563219	100	785	573
1232	563339	200	773	602
1233	563698	179	793	620
1234	563897	100	779	606
1235	564017	120	769	591
1236	564316	199	726	529
1237	564555	140	737	535
1238	564874	219	750	543
1239	565213	239	717	539
1240	565472	160	737	573
1241	565692	140	725	580
1242	565971	100	727	588
1243	566190	259	732	575
1244	566748	100	763	589
1245	566948	219	745	545
1246	567207	120	751	553
1247	567346	339	742	557
1248	568064	219	808	543
1249	568443	120	724	595
1250	568862	100	783	646
1251	569300	100	780	628
1252	569659	120	783	656
1253	570257	100	437	239
1254	572371	180	772	681
1255	572730	120	766	652
1256	572869	140	785	684
1257	573168	100	779	691
1258	573388	120	782	673
1259	573527	120	780	695
1260	573786	120	785	627
1261	574663	140	265	248
1262	575142	100	252	224
1263	575461	100	774	797
1264	576338	160	731	833
1265	577554	160	762	717
1266	578133	100	738	685
1267	578950	299	727	732
1268	580186	159	766	721
1269	580824	180	735	671
1270	581063	100	805	691
1271	581322	279	796	691
1272	582260	140	802	706
1273	583316	140	815	730
1274	583675	140	838	731
1275	584413	299	781	722
1276	585350	159	777	662
1277	585928	120	778	606
1278	592129	120	722	541
1279	592288	100	735	514
1280	592647	120	741	500
1281	593106	120	751	505
1282	594162	120	736	528
1283	594800	199	774	580
1284	595398	100	725	592
1285	595797	100	732	570
1286	596056	379	743	591
1287	596654	140	776	601
1288	597352	120	713	529
1289	598290	120	717	542
1290	598588	120	725	568
1291	598828	100	711	561
1292	599047	259	707	574
1293	599944	159	708	551
1294	600124	140	736	558
1295	600782	100	717	557
1296	601200	259	741	602
1297	601838	179	722	602
1298	602117	140	708	598
1299	602995	160	718	551
1300	603274	180	734	591
1301	604430	120	733	541
1302	604689	100	700	529
1303	605028	239	731	643
1304	605507	179	97	584
1305	606185	100	81	541
1306	607062	199	743	522
1307	607361	120	738	527
1308	607660	140	67	508
1309	608497	140	85	535
1310	608876	120	88	537
1311	609155	120	80	527
1312	609474	160	727	511
1313	609714	219	730	530
1314	609953	140	737	535
1315	611588	100	732	530
1316	612206	100	731	529
1317	612684	120	748	537
1318	613761	239	751	653
1319	614040	120	757	651
1320	614319	100	718	524
1321	614738	160	753	556
1322	615196	100	755	626
1323	616492	100	67	516
1324	617070	140	58	534
1325	629292	100	758	532
1326	629651	100	430	191
1327	629950	120	272	206
1328	630110	159	68	202
1329	630309	100	62	203
1330	630688	100	277	200
1331	630808	140	318	200
1332	630987	439	618	215
1333	631485	199	324	204
1334	631705	239	253	209
1335	631984	459	75	210
1336	632482	239	240	216
1337	632741	120	280	211
1338	633260	578	606	239
1339	633858	359	615	240
1340	634257	160	279	231
1341	634655	120	84	238
1342	634974	239	514	266
1343	635234	498	251	222
1344	635772	180	433	232
1345	636250	179	744	545
1346	636450	120	738	537
1347	637925	299	82	248
1348	638264	140	257	217
1349	638444	459	260	217
1350	638962	339	78	222
1351	639540	120	284	206
1352	639799	159	288	201
1353	640178	199	336	190
1354	640477	180	102	210
1355	641016	100	89	182
1356	641733	120	99	719
1357	641893	120	94	649
1358	642511	100	98	777
1359	642630	120	104	740
1360	643288	160	82	660
1361	643827	120	50	546
1362	644166	179	67	646
1363	644604	140	112	750
1364	645103	140	749	823
1365	645462	140	772	696
1366	646877	100	824	620
1367	646997	100	802	617
1368	647216	140	741	587
1369	647954	339	721	532
1370	648412	259	721	544
1371	648691	399	706	533
1372	649150	140	711	744
1373	649409	180	717	671
1374	649648	100	743	638
1375	649848	180	749	626
1376	651243	100	691	514
1377	651483	179	712	599
1378	652300	120	64	529
1379	652878	159	106	656
1380	653337	100	117	757
1381	653835	100	777	622
1382	654134	100	577	258
1383	654274	180	456	210
1384	654553	199	272	202
1385	654932	678	615	213
1386	656965	160	238	200
1387	657265	179	86	216
1388	657564	678	62	228
1389	658361	160	83	220
1390	658800	339	254	212
1391	659537	239	246	213
1392	659996	299	250	217
1393	660454	279	89	251
1394	660873	160	102	250
1395	661272	159	103	242
1396	661870	159	85	233
1397	662249	180	244	222
1398	662468	159	281	221
1399	662867	120	99	755
1400	663086	239	97	672
1401	663485	100	102	658
1402	663605	120	99	645
1403	663884	140	107	693
1404	664103	419	119	726
1405	665818	120	102	704
1406	666216	259	94	702
1407	668828	160	577	739
1408	670024	100	506	714
1409	670244	219	503	730
1410	670483	479	500	740
1411	672178	120	497	777
1412	675248	140	286	198
1413	675926	120	767	628
1414	676464	100	730	600
1415	676604	100	726	603
1416	678717	100	503	206
1417	678837	120	460	185
1418	678996	339	612	205
1419	679375	339	287	197
1420	679754	538	78	194
1421	680312	399	248	184
1422	686632	100	155	222
1423	687091	199	257	210
1424	692374	100	96	685
1425	692494	119	112	716
1426	692773	180	111	709
1427	694827	100	125	709
1428	695604	179	775	613
1429	696143	339	776	610
1430	696820	219	765	621
1431	697299	120	768	623
1432	698136	100	788	614
1433	698555	140	839	621
1434	699333	160	766	615
1435	699512	100	788	682
1436	700549	120	789	673
1437	701606	279	59	227
1438	701984	100	133	724
1439	702104	100	118	718
1440	702224	199	104	708
1441	703639	140	789	684
1442	703798	100	802	692
1443	704197	100	779	657
1444	705992	120	496	240
1445	706131	140	446	225
1446	706311	140	264	217
1447	706590	120	605	231
1448	706729	120	603	219
1449	706869	239	605	220
1450	707128	120	618	238
1451	707308	459	499	260
1452	707786	140	505	268
1453	708185	319	445	216
1454	708723	140	310	154
1455	708883	219	311	155
1456	709182	678	441	231
1457	709939	458	441	235
1458	710418	140	424	231
1459	710577	399	429	241
1460	711176	100	257	230
1461	711295	100	228	218
1462	711474	339	71	243
1463	711833	140	95	236
1464	712192	558	267	218
1465	712790	279	92	247
1466	713189	359	76	240
1467	713767	678	262	213
1468	714465	518	271	223
1469	715004	139	278	230
1470	715502	279	96	735
1471	715881	100	99	737
1472	716000	140	106	756
1473	716559	139	103	641
1474	716718	219	106	630
1475	717655	120	42	539
1476	717894	140	45	521
1477	718134	100	708	588
1478	718493	239	740	572
1479	718752	100	758	554
1480	718891	100	760	567
1481	719190	140	723	506
1482	719350	219	699	585
1483	719609	279	699	569
1484	720167	160	744	572
1485	720367	259	750	587
1486	720646	120	755	571
1487	720965	120	79	624
1488	721144	120	87	650
1489	721463	180	43	632
1490	721702	120	103	640
1491	721842	120	106	659
1492	721982	100	108	636
1493	722281	139	109	667
1494	722739	100	99	630
1495	724554	120	820	592
1496	724972	160	760	625
1497	726109	120	756	594
1498	726766	120	778	575
1499	727066	299	708	517
1500	728162	120	433	218
1501	728521	100	274	219
1502	728720	159	278	231
1503	729139	159	595	253
1504	729358	120	622	240
1505	729757	219	618	245
1506	730016	100	616	242
1507	730355	140	594	266
1508	730515	199	526	272
1509	730794	179	280	246
1510	731013	100	278	255
1511	731153	319	440	261
1512	731791	100	82	241
1513	732170	160	268	238
1514	732349	140	270	261
1515	732509	259	278	215
1516	732867	100	68	206
1517	733107	140	278	203
1518	733426	219	82	609
1519	734801	140	114	648
1520	735838	100	134	710
1521	738151	100	65	603
1522	739008	100	86	618
1523	739447	100	47	611
1524	739925	100	88	599
1525	740145	100	86	620
1526	741201	140	71	642
1527	741680	120	96	647
1528	743275	100	73	716
1529	745049	100	59	482
1530	746465	120	55	176
1531	746904	100	272	169
1532	747143	100	78	584
1533	747502	100	90	884
1534	748359	100	77	663
1535	748837	159	39	637
1536	749515	140	39	612
1537	749675	140	76	618
1538	750293	120	90	650
1539	752665	259	748	549
1540	752984	120	735	542
1541	753343	160	731	509
1542	753582	100	732	525
1543	753941	100	747	545
1544	754141	140	779	604
1545	756932	140	799	733
1546	757510	140	723	510
1547	758348	199	743	531
1548	759025	140	723	650
1549	759285	100	723	546
1550	760042	140	757	717
1551	760780	100	715	512
1552	763212	100	76	596
1553	763830	160	69	623
1554	764728	120	145	706
1555	765126	100	85	585
1556	768576	100	102	630
1557	768715	219	76	609
1558	769493	159	775	575
1559	770290	100	742	532
1560	772523	219	439	200
1561	772782	180	267	198
1562	773061	120	57	232
1563	773281	120	255	185
1564	773440	259	609	195
1565	773979	120	516	203
1566	774377	219	236	214
1567	776451	319	238	178
1568	776909	379	247	194
1569	777308	299	270	196
1570	779003	359	71	227
1571	779402	100	68	241
1572	779521	140	71	228
1573	779681	259	96	219
1574	779960	379	116	223
1575	780458	159	108	209
1576	780718	100	239	205
1577	780857	100	241	189
1578	781535	279	271	206
1579	782014	119	279	184
1580	782293	199	268	215
1581	782572	100	238	192
1582	782691	419	236	194
1583	783409	120	277	208
1584	783648	219	229	187
1585	783907	538	82	222
1586	784665	120	104	234
1587	784805	459	88	230
1588	785283	379	101	219
1589	785682	160	96	218
1590	785921	199	96	235
1591	786141	139	138	277
1592	786639	179	91	251
1593	786878	239	246	250
1594	787676	120	257	241
1595	787915	179	256	246
1596	788114	120	280	227
1597	788334	100	274	229
1598	788453	459	252	233
1599	789011	479	273	227
1600	789769	160	79	253
1601	789968	100	81	256
1602	790128	120	77	227
1603	791005	279	107	239
1604	791444	140	72	228
1605	791603	139	70	206
1606	791962	100	112	230
1607	792082	160	120	235
1608	792261	100	227	223
1609	792600	199	262	214
1610	793019	199	272	224
1611	793438	1097	267	217
1612	794734	100	55	205
1613	794873	219	41	196
1614	795192	179	69	245
1615	795391	598	36	213
1616	796209	159	82	224
1617	796408	120	122	255
1618	796687	279	84	234
1619	797146	120	63	220
1620	797285	439	120	242
1621	797764	199	121	228
1622	797983	578	113	223
1623	798601	359	249	215
1624	799140	160	266	212
1625	799439	100	291	233
1626	799558	279	267	208
1627	800216	179	256	211
1628	800615	299	74	211
1629	801014	439	252	217
1630	801831	159	84	617
1631	802110	100	78	549
1632	803526	159	82	754
1633	803765	119	104	822
1634	804024	179	123	840
1635	807653	100	779	850
1636	809088	100	778	881
1637	814512	139	767	866
1638	815449	199	766	868
1639	816146	120	761	878
1640	819436	259	97	842
1641	820234	100	105	815
1642	821131	100	67	229
1643	821370	120	80	234
1644	822845	120	103	773
1645	826653	140	107	200
1646	826813	140	79	216
1647	827012	219	284	216
1648	827252	279	266	210
1649	827551	319	73	203
1650	827910	359	267	217
1651	828328	319	596	209
1652	828667	180	623	208
1653	828867	2333	619	209
1654	831219	877	609	202
1655	832136	160	445	205
1656	832674	1017	440	221
1657	833711	1595	442	213
1658	835366	160	240	236
1659	835566	199	83	252
1660	835904	140	242	222
1661	836383	379	463	235
1662	836782	199	571	223
1663	837101	100	616	223
1664	837360	100	90	715
1665	838995	100	99	883
1666	839114	180	107	896
1667	839453	120	115	867
1668	840091	100	790	823
1669	849063	199	241	225
1670	849302	199	73	238
1671	849801	439	606	219
1672	850259	120	615	209
1673	850419	299	459	241
1674	850738	199	507	251
1675	852532	100	105	775
1676	853469	279	443	217
1677	853768	100	444	216
1678	853928	179	437	196
1679	854426	439	62	218
1680	854905	199	258	180
1681	855144	159	95	215
1682	855423	120	260	172
1683	856699	120	111	687
1684	857417	100	90	624
1685	858314	119	82	603
1686	858753	379	74	216
1687	859271	179	82	602
1688	859510	159	80	611
1689	859969	100	63	608
1690	860567	100	75	602
1691	860866	199	58	598
1692	863338	100	756	671
1693	863757	100	750	548
1694	864096	140	732	526
1695	865252	299	106	240
1696	865571	219	87	232
1697	865830	219	274	204
1698	866090	179	578	199
1699	866289	618	618	209
1700	866947	239	499	194
1701	867206	219	515	209
1702	867466	100	515	213
1703	872769	179	1091	718
1704	872968	239	1121	690
1705	874782	339	449	175
1706	875141	279	251	188
1707	875460	100	66	230
1708	876118	160	173	303
1709	876338	239	250	296
1710	876597	120	196	275
1711	876816	419	259	247
1712	877255	179	219	255
1713	877514	359	273	248
1714	877893	239	123	296
1715	878172	160	246	239
1716	878411	379	109	253
1717	878810	160	144	209
1718	879009	299	252	222
1719	879468	100	515	200
1720	879707	160	625	218
1721	879887	120	626	205
1722	880046	319	450	207
1723	880405	618	455	204
1724	881063	538	618	218
1725	881701	179	648	248
1726	881900	359	648	246
1727	882299	259	494	212
1728	882598	199	217	215
1729	882837	379	106	215
1730	883396	199	59	226
1731	883615	120	84	245
1732	884034	279	124	229
1733	884353	379	280	206
1734	884751	1097	277	212
1735	886087	120	310	177
1736	886406	678	482	197
1737	887104	180	521	205
1738	887303	259	451	234
1739	887582	160	519	200
1740	887802	200	283	227
1741	888041	100	286	230
1742	888181	259	450	213
1743	888460	120	491	209
1744	888659	419	523	215
1745	889357	419	264	251
1746	889795	199	272	277
1747	890114	279	53	299
1748	890493	179	338	249
1749	890713	159	286	241
1750	890892	199	258	241
1751	891111	160	70	263
1752	891410	100	142	250
1753	891590	199	279	245
1754	891909	359	453	262
1755	892308	180	459	261
1756	892507	1156	453	262
1757	893683	179	457	259
1758	893962	199	279	236
1759	894920	399	206	192
1760	895358	299	241	198
1761	895777	159	156	208
1762	896435	279	159	206
1763	897292	120	131	183
1764	897531	180	165	209
1765	897731	239	206	126
1766	898349	239	138	178
1767	898608	120	179	198
1768	898787	139	225	184
1769	899346	159	242	194
1770	899545	160	231	176
1771	899804	199	240	194
1772	900841	160	1108	105
1773	901519	100	877	827
1774	902456	339	1109	120
1775	903393	239	101	206
1776	903672	259	129	160
1777	904011	319	217	167
1778	904350	100	191	99
1779	904549	219	433	131
1780	904788	179	493	129
1781	904988	179	513	146
1782	905227	219	559	139
1783	905466	139	463	141
1784	905666	160	164	206
1785	905845	120	96	181
1786	906124	100	122	156
1787	906264	100	154	214
1788	906523	219	225	195
1789	907360	159	214	183
1790	907859	219	135	176
1791	908098	140	100	175
1792	908278	140	102	171
1793	908577	140	130	176
1794	908736	100	151	211
1795	908955	100	210	200
1796	909235	120	225	177
1797	909414	339	230	187
1798	909773	100	235	198
1799	910112	140	222	193
1800	910431	239	285	200
1801	910770	120	200	190
1802	912305	279	134	163
1803	912763	758	236	189
1804	913541	140	217	203
1805	913740	279	266	192
1806	914040	140	272	200
1807	914299	100	51	608
1808	914618	100	63	531
1809	914757	140	44	520
1810	914917	160	53	532
1811	915415	160	67	536
1812	915714	160	54	516
1813	916013	100	716	531
1814	916253	160	734	530
1815	916532	100	729	496
1816	916831	100	197	191
1817	917090	179	250	200
1818	917369	199	83	185
1819	917808	159	183	192
1820	918027	180	187	422
1821	918545	359	48	541
1822	918944	279	38	525
1823	919622	160	42	557
1824	920041	239	78	549
1825	920300	299	68	550
1826	920978	100	40	591
1827	921217	160	34	596
1828	921596	259	31	598
1829	922094	100	76	589
1830	922333	120	81	597
1831	922573	100	48	601
1832	922872	100	28	578
1833	923031	219	67	589
1834	923270	319	72	592
1835	923629	120	73	577
1836	924128	219	70	551
1837	924527	160	60	567
1838	924766	100	728	542
1839	924886	159	722	543
1840	925125	259	699	543
1841	925583	100	701	551
1842	925882	359	699	579
1843	926580	120	692	577
1844	927079	100	704	595
1845	927517	120	713	580
1846	929650	100	52	506
1847	929770	120	55	520
1848	930049	219	70	537
1849	930288	758	47	518
1850	931086	199	44	511
1851	931564	160	80	529
1852	931764	159	69	547
1853	932681	219	70	593
1854	933020	139	710	580
1855	933518	140	733	502
1856	933917	100	734	483
1857	934914	100	758	525
1858	935412	140	51	537
1859	935632	159	43	526
1860	935811	180	77	572
1861	936011	180	62	557
1862	936569	140	726	524
1863	936908	299	747	561
1864	937306	199	71	551
1865	937626	299	64	572
1866	937944	160	73	583
1867	938363	239	248	203
1868	938862	419	280	209
1869	940317	100	735	552
1870	940556	219	739	542
1871	941115	120	742	543
1872	941294	100	727	539
1873	941513	160	741	531
1874	942231	239	744	564
1875	943148	120	752	569
1876	944205	100	766	565
1877	944404	140	755	582
1878	945620	120	780	606
1879	945820	219	755	606
1880	946976	140	56	556
1881	947435	100	763	550
1882	948412	120	66	535
1883	949668	140	736	520
1884	949907	219	707	513
1885	950505	120	74	525
1886	951422	100	80	544
1887	951542	100	77	528
1888	951941	199	100	561
1889	952200	119	96	555
1890	952419	160	730	513
1891	952618	100	728	504
1892	953296	179	701	530
1893	953595	140	682	530
1894	953994	179	754	553
1895	954213	100	745	544
1896	954712	120	790	640
1897	955330	160	800	699
1898	955908	100	782	626
1899	956606	100	825	625
1900	956885	100	773	617
1901	957224	100	789	580
1902	958998	180	745	580
1903	959238	120	718	507
1904	959497	100	189	229
1905	960912	259	194	186
1906	961491	179	214	183
1907	961710	399	243	186
1908	962408	459	474	403
1909	967113	100	160	200
1910	967711	140	160	205
1911	967871	199	166	187
1912	968130	160	213	194
1913	968409	179	164	194
1914	968608	160	240	197
1915	968788	179	240	196
1916	969047	160	233	205
1917	969426	239	460	137
1918	969685	219	502	126
1919	971001	140	299	170
1920	971280	179	289	194
1921	971679	319	255	198
1922	972935	120	52	482
1923	973074	179	56	478
1924	973473	159	34	454
1925	974051	140	379	423
1926	974410	120	487	458
1927	975566	160	60	599
1928	975985	100	62	633
1929	978856	140	587	974
1930	979694	140	605	958
1931	981747	259	69	541
1932	982046	160	82	531
1933	982784	140	80	550
1934	982963	279	87	538
1935	983482	399	94	210
1936	983900	100	149	182
1937	984319	279	237	192
1938	984698	279	127	166
1939	985097	159	136	172
1940	985336	239	144	195
1941	985595	259	138	169
1942	985914	239	202	180
1943	986313	399	236	188
1944	987051	219	218	187
1945	987290	758	249	185
1946	988984	299	75	550
1947	989602	160	60	541
1948	989822	259	53	547
1949	990340	120	56	541
1950	990480	219	59	550
1951	990739	339	67	534
1952	991397	479	130	448
1953	991975	199	449	413
1954	992274	239	481	453
1955	992892	160	42	523
1956	993092	120	46	533
1957	993231	339	40	518
1958	993730	120	65	552
1959	994009	139	58	516
1960	994826	160	61	522
1961	995165	140	64	514
1962	995823	100	59	536
1963	995943	439	49	509
1964	996700	279	54	506
1965	997039	140	53	504
1966	997219	100	52	510
1967	997518	140	49	497
1968	997737	259	60	518
1969	998016	279	59	515
1970	998355	159	53	523
1971	998535	159	55	521
1972	998814	499	60	527
1973	999412	339	59	562
1974	999830	259	75	636
1975	1000329	219	53	631
1976	1000668	279	46	642
1977	1000967	120	41	630
1978	1001166	179	41	626
1979	1001366	140	45	643
1980	1001705	120	45	650
1981	1001844	299	40	643
1982	1002223	479	66	569
1983	1002721	120	75	540
1984	1002861	140	73	531
1985	1003698	479	57	537
1986	1004197	180	55	545
1987	1004516	259	44	536
1988	1004895	279	39	543
1989	1005313	479	47	533
1990	1005812	359	49	530
1991	1006629	239	67	544
1992	1006888	259	75	541
1993	1007606	140	69	457
1994	1007965	100	140	431
1995	1008085	160	132	432
1996	1008364	159	53	504
1997	1008543	678	42	512
1998	1009241	100	45	523
1999	1009739	120	37	561
2000	1009879	179	39	578
2001	1010078	339	48	523
2002	1010437	578	46	523
2003	1011135	100	362	452
2004	1011255	120	379	424
2005	1011394	140	377	444
2006	1011853	259	53	521
2007	1012351	159	62	528
2008	1013248	160	43	524
2009	1013428	259	82	539
2010	1013747	140	81	538
2011	1013926	100	73	537
2012	1014066	120	87	547
2013	1014245	199	89	540
2014	1014624	199	117	544
2015	1015362	299	84	553
2016	1016060	199	101	560
2017	1016279	100	93	566
2018	1016399	339	89	562
2019	1016777	279	95	576
2020	1017076	160	94	575
2021	1017256	199	104	589
2022	1017475	100	91	565
2023	1018332	259	123	590
2024	1019130	239	78	610
2025	1019648	159	71	602
2026	1019947	120	87	615
2027	1020127	359	81	615
2028	1020865	120	90	628
2029	1021004	159	94	626
2030	1021303	219	94	623
2031	1021702	120	111	621
2032	1022001	199	100	656
2033	1022340	279	86	645
2034	1022639	140	93	648
2035	1023437	100	88	654
2036	1024573	140	104	253
2037	1024872	160	76	211
2038	1025171	159	105	206
2039	1025650	259	173	198
2040	1026068	139	225	177
2041	1026327	259	182	205
2042	1026606	1117	255	190
2043	1027743	199	284	195
2044	1028182	140	70	564
2045	1028700	120	93	556
2046	1028859	179	101	564
2047	1029059	100	105	554
2048	1029198	120	108	567
2049	1029637	120	83	547
2050	1029777	100	105	564
2051	1029996	778	65	534
2052	1031352	160	40	483
2053	1031551	359	35	477
2054	1032030	239	50	518
2055	1032329	199	59	527
2056	1032787	120	92	549
2057	1032927	179	68	526
2058	1033365	259	81	537
2059	1033644	339	94	558
2060	1034183	179	103	544
2061	1034402	219	107	541
2062	1034641	279	120	547
2063	1035060	160	104	555
2064	1035399	160	98	557
2065	1035678	160	108	548
2066	1036137	199	104	580
2067	1036356	100	94	592
2068	1036496	140	100	571
2069	1036655	279	78	612
2070	1037154	159	74	611
2071	1037333	100	70	605
2072	1037472	100	84	618
2073	1037652	219	93	618
2074	1038270	140	89	624
2075	1038489	120	89	641
2076	1038748	120	124	629
2077	1038928	120	755	582
2078	1039227	100	747	559
2079	1039686	120	766	533
2080	1041460	100	710	762
2081	1041719	100	740	778
2082	1043214	379	786	715
2083	1043773	120	764	722
2084	1044132	100	778	684
2085	1045089	100	754	700
2086	1045228	120	767	693
2087	1045368	120	770	706
2088	1045627	100	732	688
2089	1046604	120	767	700
2090	1049216	160	782	710
2091	1049614	100	768	755
2092	1050950	120	781	759
2093	1052924	139	790	882
2094	1055137	180	98	636
2095	1055755	239	157	631
2096	1056314	159	756	672
2097	1057031	160	135	626
2098	1057350	120	194	623
2099	1058128	160	114	727
2100	1059683	120	123	678
2101	1060142	140	113	736
2102	1060321	100	114	732
2103	1060640	120	117	744
2104	1061039	120	93	797
2105	1061716	100	68	792
2106	1061836	199	81	792
2107	1062374	100	121	815
2108	1062634	219	122	795
2109	1062933	100	792	695
2110	1063252	160	764	669
2111	1063571	140	788	687
2112	1063930	100	757	710
2113	1064727	139	773	874
2114	1065246	100	773	802
2115	1065485	120	788	837
2116	1067518	180	140	808
2117	1067817	100	719	711
2118	1067997	160	769	694
2119	1068535	120	771	681
2120	1068974	140	780	855
2121	1069313	179	772	845
2122	1069970	100	805	895
2123	1071266	120	114	774
2124	1074357	100	749	717
2125	1074576	100	750	726
2126	1074975	120	737	688
2127	1075653	120	751	677
2128	1075972	159	130	655
2129	1076470	100	104	619
2130	1077886	120	104	632
2131	1078444	120	136	667
2132	1079959	120	128	681
2133	1081814	100	148	727
2134	1086658	100	808	703
2135	1089808	100	970	571
2136	1090008	120	992	515
2137	1091025	259	743	563
2138	1092221	100	62	551
2139	1092640	140	87	539
2140	1093238	159	102	556
2141	1093437	120	82	536
2142	1093616	160	745	578
2143	1093995	120	727	521
2144	1094135	120	731	519
2145	1094673	100	801	598
2146	1094793	259	831	575
2147	1095590	100	781	688
2148	1096009	100	761	566
2149	1096986	199	747	554
2150	1097684	180	736	527
2151	1098581	100	89	559
2152	1098720	140	94	567
2153	1099678	100	85	612
2154	1099976	120	710	605
2155	1100136	180	735	571
2156	1103984	159	766	767
2157	1104323	120	756	738
2158	1109626	100	721	819
2159	1110045	200	93	849
2160	1110524	140	54	845
2161	1121948	100	86	859
2162	1123503	160	163	169
2163	1124201	160	245	175
2164	1124440	140	221	167
2165	1125018	100	790	861
2166	1125317	100	766	806
2167	1125736	120	96	845
2168	1127710	120	110	873
2169	1129205	100	121	844
2170	1129743	120	116	845
2171	1130102	160	126	860
2172	1130302	160	117	854
2173	1130501	199	124	858
2174	1131617	139	122	853
2175	1131876	120	837	849
2176	1136881	120	102	223
2177	1137419	160	770	863
2178	1140250	120	870	881
2179	1141626	100	774	860
2180	1143201	100	804	849
2181	1143340	120	810	894
2182	1144118	140	794	878
2183	1146172	100	113	839
2184	1148046	120	785	834
2185	1148484	100	777	852
2186	1148704	120	763	861
2187	1150000	120	773	880
2188	1150678	100	847	876
2189	1151096	140	782	881
2190	1151276	239	775	881
2191	1151555	120	779	887
2192	1151694	140	768	871
2193	1151854	279	797	898
2194	1152173	140	788	893
2195	1153588	120	782	818
2196	1154127	140	91	217
2197	1156240	239	88	231
2198	1157217	160	92	213
2199	1158952	100	144	235
2200	1159330	179	115	243
2201	1159829	120	736	648
2202	1159988	140	734	658
2203	1160148	160	771	720
2204	1163238	120	781	905
2205	1163796	199	846	910
2206	1165770	100	806	901
2207	1166069	180	151	224
2208	1166408	239	137	210
2209	1166687	160	138	215
2210	1167764	259	31	228
2211	1169239	100	94	237
2212	1170456	159	146	218
2213	1173945	120	135	632
2214	1174184	180	53	633
2215	1174622	160	52	623
2216	1175380	199	712	562
2217	1175620	160	711	564
2218	1176277	100	721	525
2219	1176497	100	734	523
2220	1176716	179	752	521
2221	1177294	120	67	533
2222	1177494	159	81	532
2223	1177793	179	93	561
2224	1177992	120	82	552
2225	1178132	219	85	552
2226	1178490	160	101	562
2227	1178989	219	748	554
2228	1179228	120	746	538
2229	1179467	100	747	556
2230	1179946	140	114	568
2231	1180105	140	95	563
2232	1181282	159	113	241
2233	1181621	120	69	531
2234	1183435	100	741	577
2235	1184212	159	743	547
2236	1184492	239	743	524
2237	1185050	180	739	582
2238	1185269	119	744	563
2239	1185668	160	753	542
2240	1186146	100	98	514
2241	1187143	100	88	220
2242	1187362	339	76	208
2243	1187861	100	258	194
2244	1187981	239	256	192
2245	1189137	179	117	226
2246	1189436	379	146	218
2247	1190154	160	58	241
2248	1191071	140	734	546
2249	1191829	100	772	543
2250	1192466	100	768	534
2251	1192586	119	760	539
2252	1192865	140	755	525
2253	1193264	159	777	574
2254	1193822	120	768	573
2255	1194042	160	765	534
2256	1194341	219	99	550
2257	1195577	219	50	254
2258	1195936	159	50	251
2259	1196135	159	54	241
2260	1197351	160	64	255
2261	1197531	160	64	258
2262	1197870	120	75	255
2263	1198667	120	88	267
2264	1199245	100	1045	164
2265	1199484	259	1112	126
2266	1199903	140	1202	124
2267	1200182	658	1075	123
2268	1200980	160	1123	143
2269	1201159	339	1120	148
2270	1201658	299	1101	176
2271	1201977	1316	1083	185
2272	1203312	359	1095	185
2273	1203691	140	1143	178
2274	1203951	180	1205	188
2275	1204250	179	1124	261
2276	1204449	339	1078	129
2277	1205087	140	114	227
2278	1206024	100	34	259
2279	1206263	379	42	254
2280	1206961	120	145	268
2281	1207160	120	148	252
2282	1207300	100	43	266
2283	1207420	120	27	255
2284	1208357	120	745	551
2285	1208795	100	749	545
2286	1209414	120	767	572
2287	1210191	459	837	541
2288	1210789	140	798	536
2289	1210988	180	809	546
2290	1211567	180	847	559
2291	1212863	100	753	581
2292	1213162	100	745	581
2293	1213301	120	754	577
2294	1213640	100	755	606
2295	1215514	100	731	530
2296	1216651	239	619	682
2297	1217030	100	608	692
2298	1218146	100	719	544
2299	1218266	179	714	540
2300	1218724	339	733	538
2301	1219083	120	753	540
2302	1219223	199	736	552
2303	1219781	120	761	547
2304	1220240	120	754	603
2305	1222871	120	740	785
2306	1223011	100	752	793
2307	1223130	160	746	785
2308	1224367	259	65	670
2309	1225244	140	694	862
2310	1226500	100	806	812
2311	1227118	120	44	660
2312	1227297	100	48	670
2313	1227816	120	45	679
2314	1229032	239	103	681
2315	1230308	120	125	690
2316	1230547	120	144	295
2317	1230727	140	174	277
2318	1231105	159	1219	259
2319	1231285	419	1315	275
2320	1232102	120	771	807
2321	1236190	120	766	885
2322	1236608	100	757	852
2323	1237824	259	85	676
2324	1239419	100	768	851
2325	1239539	140	756	818
2326	1240097	179	105	714
2327	1243068	140	763	835
2328	1244484	160	714	836
2329	1245221	120	772	855
2330	1249687	100	751	918
2331	1251242	140	720	712
2332	1252718	120	730	700
2333	1253934	160	752	578
2334	1254392	100	740	519
2335	1255808	100	718	772
2336	1256306	140	85	667
2337	1256645	140	76	628
2338	1257303	140	725	795
2339	1258121	160	39	604
2340	1258659	239	66	535
2341	1259815	120	713	800
2342	1260055	119	719	816
2343	1260732	100	695	771
2344	1260992	140	688	752
2345	1261191	120	684	764
2346	1261690	120	715	528
2347	1262148	120	686	512
2348	1262627	100	675	497
2349	1262826	100	712	545
2350	1262946	159	720	539
2351	1263364	100	690	583
2352	1263982	100	746	602
2353	1264302	120	730	580
2354	1264640	139	86	734
2355	1265059	120	63	647
2356	1266196	179	54	537
2357	1266554	120	31	641
2358	1267093	120	48	551
2359	1267232	179	40	550
2360	1267571	140	45	571
2361	1267830	120	51	560
2362	1268488	319	65	594
2363	1270342	100	721	375
2364	1270622	140	804	395
2365	1270781	120	797	418
2366	1270921	120	846	418
2367	1271280	120	186	398
2368	1271818	379	190	421
2369	1272256	160	201	425
2370	1272456	140	116	435
2371	1273054	239	42	477
2372	1273313	100	46	440
2373	1273433	160	60	446
2374	1273712	239	106	451
2375	1274410	100	22	484
2376	1274709	179	19	489
2377	1274948	100	10	487
2378	1275068	140	18	481
2379	1275227	160	58	498
2380	1275905	179	42	434
2381	1276224	160	43	441
2382	1276702	120	674	463
2383	1276962	439	829	405
2384	1277420	100	837	405
2385	1277659	120	847	391
2386	1278258	219	823	400
2387	1278916	140	699	488
2388	1279075	120	693	472
2389	1279374	120	670	487
2390	1281468	100	287	179
2391	1282923	180	124	311
2392	1283222	119	123	310
2393	1283382	100	65	275
2394	1283501	100	39	253
2395	1283820	419	337	226
2396	1284338	459	226	221
2397	1284857	159	256	229
2398	1285136	140	94	155
2399	1285634	100	206	189
2400	1285794	159	152	151
2401	1287469	140	215	187
2402	1287628	259	238	181
2403	1288107	100	92	507
2404	1289821	159	286	181
2405	1290360	319	287	196
2406	1290699	139	286	207
2407	1290958	179	415	219
2408	1291277	159	467	229
2409	1291556	219	651	270
2410	1291974	698	282	235
2411	1292692	140	255	191
2412	1293769	199	42	174
2413	1293988	199	42	182
2414	1294347	180	250	193
2415	1294546	199	114	205
2416	1296979	259	48	227
2417	1297298	339	62	210
2418	1297756	120	73	206
2419	1297896	100	96	194
2420	1298295	399	147	215
2421	1298833	160	150	216
2422	1299032	100	139	203
2423	1299232	299	40	200
2424	1300767	100	53	222
2425	1301146	140	99	226
2426	1301305	259	98	233
2427	1301664	179	145	232
2428	1301883	419	159	228
2429	1302462	219	163	229
2430	1303897	239	52	247
2431	1304276	219	447	333
2432	1304794	159	77	246
2433	1305712	139	84	275
2434	1307267	100	941	960
2435	1309400	259	708	473
2436	1310018	139	1107	813
2437	1311154	100	558	284
2438	1311374	419	565	163
2439	1311852	439	318	156
2440	1312311	179	239	232
2441	1312829	100	121	195
2442	1313108	179	96	255
2443	1313348	159	94	246
2444	1313547	279	140	323
2445	1313846	439	277	210
