6	1	-1280	-1024	0.716	0.454	-1.000	-1.000	4	-1280	-1024	0.453	0.484	-1.000	-1.000	4
26	2	-1280	-1024	-1.000	-1.000	-1.000	-1.000	4	-1280	-1024	-1.000	-1.000	-1.000	-1.000	4
46	3	392	271	0.717	0.454	737.810	3.143	0	-1280	-1024	0.717	0.454	-1.000	-1.000	4
66	4	399	261	0.717	0.454	737.810	3.136	0	-1280	-1024	0.717	0.454	-1.000	-1.000	4
86	5	414	260	0.718	0.453	737.810	3.163	0	-1280	-1024	0.718	0.453	-1.000	-1.000	4
106	6	425	262	0.718	0.453	736.585	3.161	0	-1280	-1024	0.454	0.483	-1.000	-1.000	4
126	7	415	264	0.718	0.453	736.585	3.135	0	-1280	-1024	0.718	0.453	-1.000	-1.000	4
146	8	411	248	0.718	0.453	736.585	3.139	0	381	257	0.454	0.482	742.950	3.252	0
166	9	-1280	-1024	0.454	0.482	-1.000	-1.000	4	413	235	0.454	0.482	742.950	3.114	0
186	10	428	214	0.719	0.452	736.585	3.004	0	-1280	-1024	0.719	0.452	-1.000	-1.000	4
206	11	427	208	0.720	0.452	739.161	3.015	0	-1280	-1024	0.456	0.481	-1.000	-1.000	4
226	12	-1280	-1024	-1.000	-1.000	-1.000	-1.000	4	-1280	-1024	-1.000	-1.000	-1.000	-1.000	4
268	13	419	223	0.720	0.452	739.161	2.954	0	379	249	0.456	0.481	745.742	3.056	0
270	14	-1280	-1024	-1.000	-1.000	-1.000	-1.000	4	-1280	-1024	-1.000	-1.000	-1.000	-1.000	4
285	15	-1280	-1024	-1.000	-1.000	-1.000	-1.000	4	-1280	-1024	-1.000	-1.000	-1.000	-1.000	4
305	16	-1280	-1024	0.722	0.452	-1.000	-1.000	4	-1280	-1024	0.457	0.480	-1.000	-1.000	4
325	17	-1280	-1024	-1.000	-1.000	-1.000	-1.000	4	-1280	-1024	-1.000	-1.000	-1.000	-1.000	4
345	18	-1280	-1024	-1.000	-1.000	-1.000	-1.000	4	-1280	-1024	-1.000	-1.000	-1.000	-1.000	4
365	19	-1280	-1024	-1.000	-1.000	-1.000	-1.000	4	-1280	-1024	-1.000	-1.000	-1.000	-1.000	4
385	20	-1280	-1024	-1.000	-1.000	-1.000	-1.000	4	-1280	-1024	-1.000	-1.000	-1.000	-1.000	4
405	21	-1280	-1024	0.724	0.452	-1.000	-1.000	4	-1280	-1024	0.459	0.480	-1.000	-1.000	4
425	22	314	204	0.725	0.453	737.052	3.107	0	-1280	-1024	0.725	0.453	-1.000	-1.000	4
445	23	311	173	0.725	0.453	737.052	3.062	0	-1280	-1024	0.725	0.453	-1.000	-1.000	4
465	24	298	186	0.725	0.453	737.052	3.035	0	-1280	-1024	0.725	0.453	-1.000	-1.000	4
485	25	-1280	-1024	0.460	0.481	-1.000	-1.000	4	284	209	0.460	0.481	744.007	3.033	0
505	26	-1280	-1024	0.725	0.453	-1.000	-1.000	4	283	203	0.460	0.481	746.472	3.043	0
525	27	310	206	0.725	0.454	738.129	3.128	0	-1280	-1024	0.725	0.454	-1.000	-1.000	4
545	28	-1280	-1024	-1.000	-1.000	-1.000	-1.000	4	-1280	-1024	-1.000	-1.000	-1.000	-1.000	4
564	29	-1280	-1024	-1.000	-1.000	-1.000	-1.000	4	-1280	-1024	-1.000	-1.000	-1.000	-1.000	4
584	30	319	196	0.725	0.454	738.129	3.197	0	279	203	0.461	0.481	746.472	3.119	0
604	31	319	192	0.725	0.454	739.738	3.204	0	281	214	0.461	0.481	741.841	3.100	0
624	32	-1280	-1024	-1.000	-1.000	-1.000	-1.000	4	-1280	-1024	-1.000	-1.000	-1.000	-1.000	4
644	33	231	162	0.725	0.453	739.738	3.181	0	-1280	-1024	0.725	0.453	-1.000	-1.000	4
664	34	-1280	-1024	-1.000	-1.000	-1.000	-1.000	4	-1280	-1024	-1.000	-1.000	-1.000	-1.000	4
684	35	-1280	-1024	0.461	0.481	-1.000	-1.000	4	250	136	0.461	0.481	741.841	3.149	0
704	36	-1280	-1024	0.724	0.454	-1.000	-1.000	4	249	128	0.460	0.481	744.724	3.161	0
724	37	230	131	0.724	0.454	741.986	3.227	0	-1280	-1024	0.724	0.454	-1.000	-1.000	4
744	38	225	141	0.723	0.454	741.986	3.195	0	-1280	-1024	0.723	0.454	-1.000	-1.000	4
764	39	228	142	0.723	0.454	741.986	3.210	0	-1280	-1024	0.723	0.454	-1.000	-1.000	4
784	40	230	149	0.723	0.454	741.986	3.179	0	225	132	0.459	0.482	744.724	3.240	0
804	41	231	157	0.722	0.454	740.240	3.172	0	225	128	0.459	0.482	746.327	3.247	0
824	42	-1280	-1024	-1.000	-1.000	-1.000	-1.000	4	-1280	-1024	-1.000	-1.000	-1.000	-1.000	4
844	43	226	137	0.722	0.454	740.240	3.124	0	-1280	-1024	0.722	0.454	-1.000	-1.000	4
863	44	-1280	-1024	-1.000	-1.000	-1.000	-1.000	4	-1280	-1024	-1.000	-1.000	-1.000	-1.000	4
884	45	230	153	0.721	0.455	740.240	3.177	0	215	144	0.458	0.483	746.327	3.135	0
904	46	224	140	0.721	0.455	744.881	3.197	0	214	138	0.458	0.483	748.402	3.144	0
923	47	188	120	0.721	0.455	744.881	3.162	0	-1280	-1024	0.721	0.455	-1.000	-1.000	4
943	48	-1280	-1024	-1.000	-1.000	-1.000	-1.000	4	-1280	-1024	-1.000	-1.000	-1.000	-1.000	4
963	49	-1280	-1024	-1.000	-1.000	-1.000	-1.000	4	-1280	-1024	-1.000	-1.000	-1.000	-1.000	4
983	50	-1280	-1024	0.458	0.483	-1.000	-1.000	4	127	102	0.458	0.483	748.402	3.178	0
1003	51	-1280	-1024	0.721	0.455	-1.000	-1.000	4	127	101	0.458	0.483	748.464	3.178	0
1023	52	-1280	-1024	0.458	0.483	-1.000	-1.000	4	106	84	0.458	0.483	748.464	3.036	0
1043	53	-1280	-1024	-1.000	-1.000	-1.000	-1.000	4	-1280	-1024	-1.000	-1.000	-1.000	-1.000	4
1063	54	-1280	-1024	-1.000	-1.000	-1.000	-1.000	4	-1280	-1024	-1.000	-1.000	-1.000	-1.000	4
1083	55	-1280	-1024	-1.000	-1.000	-1.000	-1.000	4	-1280	-1024	-1.000	-1.000	-1.000	-1.000	4
1103	56	-1280	-1024	0.721	0.456	-1.000	-1.000	4	-1280	-1024	0.458	0.483	-1.000	-1.000	4
1123	57	-1280	-1024	-1.000	-1.000	-1.000	-1.000	4	-1280	-1024	-1.000	-1.000	-1.000	-1.000	4
1143	58	-1280	-1024	-1.000	-1.000	-1.000	-1.000	4	-1280	-1024	-1.000	-1.000	-1.000	-1.000	4
1163	59	-1280	-1024	0.458	0.484	-1.000	-1.000	4	148	113	0.458	0.484	750.735	3.077	0
1183	60	-1280	-1024	-1.000	-1.000	-1.000	-1.000	4	-1280	-1024	-1.000	-1.000	-1.000	-1.000	4
1203	61	-1280	-1024	0.722	0.458	-1.000	-1.000	4	-1280	-1024	0.459	0.484	-1.000	-1.000	4
1222	62	-1280	-1024	-1.000	-1.000	-1.000	-1.000	4	-1280	-1024	-1.000	-1.000	-1.000	-1.000	4
1242	63	-1280	-1024	-1.000	-1.000	-1.000	-1.000	4	-1280	-1024	-1.000	-1.000	-1.000	-1.000	4
1262	64	-1280	-1024	0.458	0.484	-1.000	-1.000	4	195	92	0.458	0.484	749.019	3.114	0
1282	65	216	102	0.721	0.458	745.849	3.101	0	217	63	0.458	0.484	749.019	3.110	0
1302	66	217	108	0.720	0.458	743.533	3.092	0	218	70	0.457	0.484	746.571	3.100	0
1322	67	-1280	-1024	-1.000	-1.000	-1.000	-1.000	4	-1280	-1024	-1.000	-1.000	-1.000	-1.000	4
1342	68	206	121	0.720	0.458	743.533	3.158	0	-1280	-1024	0.720	0.458	-1.000	-1.000	4
1362	69	-1280	-1024	-1.000	-1.000	-1.000	-1.000	4	-1280	-1024	-1.000	-1.000	-1.000	-1.000	4
1382	70	-1280	-1024	0.457	0.483	-1.000	-1.000	4	202	99	0.457	0.483	746.571	3.155	0
1402	71	-1280	-1024	0.719	0.457	-1.000	-1.000	4	201	93	0.456	0.483	748.736	3.164	0
1422	72	280	124	0.719	0.457	744.901	3.168	0	-1280	-1024	0.719	0.457	-1.000	-1.000	4
1442	73	-1280	-1024	-1.000	-1.000	-1.000	-1.000	4	-1280	-1024	-1.000	-1.000	-1.000	-1.000	4
1462	74	270	108	0.718	0.457	744.901	3.110	0	-1280	-1024	0.718	0.457	-1.000	-1.000	4
1482	75	293	93	0.718	0.457	744.901	3.193	0	266	91	0.455	0.482	748.736	3.168	0
1502	76	290	85	0.718	0.457	744.446	3.175	0	266	92	0.455	0.482	748.445	3.167	0
1522	77	-1280	-1024	-1.000	-1.000	-1.000	-1.000	4	-1280	-1024	-1.000	-1.000	-1.000	-1.000	4
1541	78	276	108	0.717	0.456	744.446	3.193	0	-1280	-1024	0.717	0.456	-1.000	-1.000	4
1561	79	-1280	-1024	-1.000	-1.000	-1.000	-1.000	4	-1280	-1024	-1.000	-1.000	-1.000	-1.000	4
1581	80	-1280	-1024	0.454	0.482	-1.000	-1.000	4	280	81	0.454	0.482	748.445	3.154	0
1601	81	-1280	-1024	0.715	0.456	-1.000	-1.000	4	280	79	0.452	0.482	749.254	3.158	0
1621	82	-1280	-1024	-1.000	-1.000	-1.000	-1.000	4	-1280	-1024	-1.000	-1.000	-1.000	-1.000	4
1641	83	-1280	-1024	-1.000	-1.000	-1.000	-1.000	4	-1280	-1024	-1.000	-1.000	-1.000	-1.000	4
1661	84	-1280	-1024	-1.000	-1.000	-1.000	-1.000	4	-1280	-1024	-1.000	-1.000	-1.000	-1.000	4
1681	85	-1280	-1024	0.451	0.482	-1.000	-1.000	4	405	113	0.451	0.482	749.254	3.248	0
1701	86	-1280	-1024	0.713	0.455	-1.000	-1.000	4	405	118	0.450	0.482	747.357	3.240	0
1721	87	423	111	0.713	0.454	739.178	3.043	0	393	100	0.450	0.482	747.357	3.197	0
1741	88	415	142	0.713	0.454	739.178	3.166	0	401	104	0.450	0.481	747.357	3.270	0
1761	89	421	121	0.713	0.454	739.178	3.183	0	414	101	0.449	0.481	747.357	3.247	0
1781	90	421	123	0.712	0.454	739.178	3.187	0	395	77	0.449	0.481	747.357	3.284	0
1801	91	421	117	0.712	0.454	742.195	3.203	0	398	75	0.449	0.482	747.656	3.282	0
1821	92	449	127	0.712	0.454	742.195	3.187	0	-1280	-1024	0.712	0.454	-1.000	-1.000	4
1841	93	-1280	-1024	-1.000	-1.000	-1.000	-1.000	4	-1280	-1024	-1.000	-1.000	-1.000	-1.000	4
1860	94	449	122	0.712	0.454	742.195	3.194	0	435	130	0.449	0.482	747.656	3.181	0
1880	95	474	121	0.712	0.454	742.195	3.191	0	439	101	0.449	0.482	747.656	3.230	0
1900	96	479	130	0.713	0.455	738.380	3.178	0	439	102	0.449	0.482	747.503	3.229	0
1920	97	451	127	0.713	0.455	738.380	3.186	0	444	92	0.450	0.482	747.503	3.222	0
1940	98	506	126	0.712	0.455	738.380	3.162	0	-1280	-1024	0.712	0.455	-1.000	-1.000	4
1960	99	570	126	0.712	0.455	738.380	3.144	0	552	124	0.449	0.483	747.503	3.214	0
1980	100	-1280	-1024	0.449	0.483	-1.000	-1.000	4	549	106	0.449	0.483	747.503	3.242	0
2000	101	-1280	-1024	0.712	0.456	-1.000	-1.000	4	548	110	0.449	0.483	746.257	3.237	0
2020	102	566	145	0.712	0.456	736.236	3.184	0	541	114	0.449	0.483	746.257	3.259	0
2040	103	581	117	0.712	0.456	736.236	3.242	0	561	117	0.449	0.483	746.257	3.294	0
2060	104	570	128	0.712	0.456	736.236	3.199	0	542	116	0.449	0.483	746.257	3.238	0
2080	105	564	128	0.713	0.456	736.236	3.203	0	545	131	0.449	0.483	746.257	3.127	0
2100	106	569	125	0.713	0.456	736.745	3.209	0	550	135	0.450	0.483	745.830	3.118	0
2120	107	558	128	0.713	0.456	736.745	3.213	0	-1280	-1024	0.713	0.456	-1.000	-1.000	4
2140	108	575	134	0.714	0.456	736.745	3.301	0	544	125	0.450	0.483	745.830	3.224	0
2159	109	640	138	0.713	0.456	736.745	3.217	0	-1280	-1024	0.713	0.456	-1.000	-1.000	4
2179	110	655	158	0.713	0.456	736.745	3.172	0	628	131	0.450	0.482	745.830	3.208	0
2199	111	671	157	0.714	0.456	739.415	3.203	0	628	131	0.451	0.482	746.067	3.209	0
2219	112	653	133	0.714	0.455	739.415	3.226	0	616	122	0.451	0.481	746.067	3.194	0
2239	113	660	134	0.715	0.455	739.415	3.250	0	619	130	0.452	0.481	746.067	3.212	0
2259	114	-1280	-1024	0.452	0.480	-1.000	-1.000	4	633	135	0.452	0.480	746.067	3.208	0
2279	115	-1280	-1024	-1.000	-1.000	-1.000	-1.000	4	-1280	-1024	-1.000	-1.000	-1.000	-1.000	4
2299	116	-1280	-1024	0.716	0.455	-1.000	-1.000	4	-1280	-1024	0.453	0.480	-1.000	-1.000	4
2319	117	628	136	0.717	0.455	740.903	3.238	0	-1280	-1024	0.717	0.455	-1.000	-1.000	4
2339	118	-1280	-1024	0.458	0.479	-1.000	-1.000	4	379	143	0.458	0.479	747.287	3.249	0
2359	119	-1280	-1024	-1.000	-1.000	-1.000	-1.000	4	-1280	-1024	-1.000	-1.000	-1.000	-1.000	4
2379	120	184	165	0.723	0.456	740.903	3.174	0	-1280	-1024	0.723	0.456	-1.000	-1.000	4
2399	121	177	151	0.724	0.456	746.245	3.197	0	-1280	-1024	0.461	0.478	-1.000	-1.000	4
2419	122	162	175	0.724	0.456	746.245	3.239	0	-1280	-1024	0.724	0.456	-1.000	-1.000	4
2439	123	174	146	0.725	0.456	746.245	3.252	0	159	150	0.462	0.477	747.530	3.244	0
2459	124	-1280	-1024	-1.000	-1.000	-1.000	-1.000	4	-1280	-1024	-1.000	-1.000	-1.000	-1.000	4
2479	125	165	157	0.726	0.457	746.245	3.215	0	-1280	-1024	0.726	0.457	-1.000	-1.000	4
2498	126	171	163	0.726	0.456	746.161	3.214	0	-1280	-1024	0.463	0.477	-1.000	-1.000	4
2518	127	150	164	0.727	0.456	746.161	3.143	0	-1280	-1024	0.727	0.456	-1.000	-1.000	4
2538	128	171	153	0.727	0.456	746.161	3.232	0	-1280	-1024	0.727	0.456	-1.000	-1.000	4
2558	129	-1280	-1024	0.465	0.476	-1.000	-1.000	4	138	112	0.465	0.476	748.377	3.273	0
2578	130	-1280	-1024	-1.000	-1.000	-1.000	-1.000	4	-1280	-1024	-1.000	-1.000	-1.000	-1.000	4
2598	131	-1280	-1024	0.729	0.457	-1.000	-1.000	4	-1280	-1024	0.466	0.476	-1.000	-1.000	4
2618	132	-1280	-1024	-1.000	-1.000	-1.000	-1.000	4	-1280	-1024	-1.000	-1.000	-1.000	-1.000	4
2638	133	-1280	-1024	-1.000	-1.000	-1.000	-1.000	4	-1280	-1024	-1.000	-1.000	-1.000	-1.000	4
2658	134	-1280	-1024	0.468	0.476	-1.000	-1.000	4	137	137	0.468	0.476	746.938	3.268	0
2678	135	-1280	-1024	-1.000	-1.000	-1.000	-1.000	4	-1280	-1024	-1.000	-1.000	-1.000	-1.000	4
2698	136	-1280	-1024	0.733	0.459	-1.000	-1.000	4	-1280	-1024	0.469	0.476	-1.000	-1.000	4
2718	137	-1280	-1024	-1.000	-1.000	-1.000	-1.000	4	-1280	-1024	-1.000	-1.000	-1.000	-1.000	4
2738	138	-1280	-1024	-1.000	-1.000	-1.000	-1.000	4	-1280	-1024	-1.000	-1.000	-1.000	-1.000	4
2758	139	-1280	-1024	0.471	0.475	-1.000	-1.000	4	141	119	0.471	0.475	745.404	3.270	0
2778	140	138	142	0.735	0.460	743.900	3.225	0	132	123	0.472	0.475	745.404	3.210	0
2797	141	137	140	0.736	0.460	744.764	3.229	0	131	121	0.473	0.475	746.333	3.214	0
2818	142	-1280	-1024	-1.000	-1.000	-1.000	-1.000	4	-1280	-1024	-1.000	-1.000	-1.000	-1.000	4
2837	143	137	146	0.737	0.461	744.764	3.241	0	-1280	-1024	0.737	0.461	-1.000	-1.000	4
2857	144	141	161	0.738	0.461	744.764	3.220	0	-1280	-1024	0.738	0.461	-1.000	-1.000	4
2877	145	126	158	0.738	0.461	744.764	3.264	0	124	137	0.475	0.475	746.333	3.267	0
2897	146	127	160	0.739	0.461	743.377	3.258	0	125	141	0.475	0.474	745.028	3.261	0
2917	147	-1280	-1024	-1.000	-1.000	-1.000	-1.000	4	-1280	-1024	-1.000	-1.000	-1.000	-1.000	4
2937	148	136	153	0.739	0.461	743.377	3.326	0	-1280	-1024	0.739	0.461	-1.000	-1.000	4
2957	149	136	144	0.739	0.461	743.377	3.257	0	143	121	0.476	0.473	745.028	3.236	0
2977	150	125	147	0.740	0.461	743.377	3.301	0	-1280	-1024	0.740	0.461	-1.000	-1.000	4
2997	151	121	143	0.740	0.460	743.172	3.269	0	-1280	-1024	0.476	0.472	-1.000	-1.000	4
3017	152	-1280	-1024	-1.000	-1.000	-1.000	-1.000	4	-1280	-1024	-1.000	-1.000	-1.000	-1.000	4
3037	153	134	169	0.740	0.459	743.172	3.282	0	-1280	-1024	0.740	0.459	-1.000	-1.000	4
3057	154	135	151	0.740	0.459	743.172	3.324	0	148	143	0.476	0.471	742.117	3.199	0
3077	155	-1280	-1024	-1.000	-1.000	-1.000	-1.000	4	-1280	-1024	-1.000	-1.000	-1.000	-1.000	4
3097	156	-1280	-1024	0.740	0.458	-1.000	-1.000	4	-1280	-1024	0.477	0.470	-1.000	-1.000	4
3116	157	154	134	0.741	0.458	744.217	3.241	0	-1280	-1024	0.741	0.458	-1.000	-1.000	4
3136	158	146	163	0.741	0.458	744.217	3.247	0	-1280	-1024	0.741	0.458	-1.000	-1.000	4
3156	159	153	156	0.741	0.457	744.217	3.299	0	-1280	-1024	0.741	0.457	-1.000	-1.000	4
3176	160	154	142	0.742	0.457	744.217	3.364	0	148	131	0.478	0.468	741.561	3.278	0
3196	161	152	162	0.742	0.457	741.911	3.380	0	146	126	0.479	0.467	743.460	3.286	0
3216	162	168	156	0.742	0.457	741.911	3.324	0	-1280	-1024	0.742	0.457	-1.000	-1.000	4
3236	163	146	168	0.743	0.456	741.911	3.317	0	139	124	0.479	0.466	743.460	3.321	0
3256	164	152	148	0.743	0.456	741.911	3.278	0	141	131	0.479	0.466	743.460	3.361	0
3276	165	142	144	0.743	0.456	741.911	3.367	0	166	131	0.480	0.465	743.460	3.296	0
3296	166	145	144	0.744	0.456	742.209	3.358	0	175	132	0.480	0.465	744.573	3.306	0
3316	167	144	170	0.744	0.456	742.209	3.293	0	-1280	-1024	0.744	0.456	-1.000	-1.000	4
3336	168	178	133	0.744	0.456	742.209	3.324	0	172	110	0.480	0.465	744.573	3.327	0
3356	169	198	123	0.744	0.456	742.209	3.303	0	195	101	0.480	0.465	744.573	3.325	0
3376	170	190	128	0.744	0.456	742.209	3.344	0	179	121	0.480	0.465	744.573	3.368	0
3396	171	199	117	0.744	0.456	744.185	3.352	0	188	127	0.480	0.465	742.871	3.373	0
3416	172	192	134	0.744	0.457	744.185	3.297	0	-1280	-1024	0.744	0.457	-1.000	-1.000	4
3436	173	190	133	0.744	0.457	744.185	3.319	0	185	99	0.481	0.465	742.871	3.390	0
3455	174	195	115	0.744	0.457	744.185	3.314	0	180	115	0.481	0.465	742.871	3.302	0
3475	175	183	122	0.744	0.457	744.185	3.328	0	200	111	0.481	0.465	742.871	3.279	0
3495	176	186	123	0.744	0.457	741.938	3.319	0	204	127	0.480	0.466	740.276	3.246	0
3515	177	226	119	0.744	0.458	741.938	3.360	0	-1280	-1024	0.744	0.458	-1.000	-1.000	4
3535	178	243	131	0.743	0.458	741.938	3.338	0	237	108	0.479	0.466	740.276	3.413	0
3555	179	250	125	0.743	0.458	741.938	3.440	0	250	120	0.479	0.466	740.276	3.290	0
3575	180	236	122	0.743	0.458	741.938	3.353	0	260	108	0.479	0.467	740.276	3.444	0
3595	181	249	132	0.742	0.458	740.077	3.358	0	271	109	0.478	0.467	741.526	3.419	0
3615	182	-1280	-1024	-1.000	-1.000	-1.000	-1.000	4	-1280	-1024	-1.000	-1.000	-1.000	-1.000	4
3635	183	-1280	-1024	-1.000	-1.000	-1.000	-1.000	4	-1280	-1024	-1.000	-1.000	-1.000	-1.000	4
3655	184	-1280	-1024	-1.000	-1.000	-1.000	-1.000	4	-1280	-1024	-1.000	-1.000	-1.000	-1.000	4
3675	185	-1280	-1024	-1.000	-1.000	-1.000	-1.000	4	-1280	-1024	-1.000	-1.000	-1.000	-1.000	4
3695	186	-1280	-1024	0.740	0.458	-1.000	-1.000	4	-1280	-1024	0.476	0.468	-1.000	-1.000	4
3715	187	252	135	0.740	0.458	738.168	3.365	0	255	107	0.476	0.468	741.613	3.314	0
3735	188	347	138	0.738	0.458	738.168	3.416	0	349	103	0.474	0.468	741.613	3.344	0
3755	189	385	135	0.738	0.458	738.168	3.493	0	357	90	0.474	0.468	741.613	3.296	0
3774	190	366	133	0.737	0.458	738.168	3.402	0	-1280	-1024	0.737	0.458	-1.000	-1.000	4
3794	191	356	123	0.737	0.458	741.764	3.439	0	-1280	-1024	0.473	0.468	-1.000	-1.000	4
3814	192	-1280	-1024	-1.000	-1.000	-1.000	-1.000	4	-1280	-1024	-1.000	-1.000	-1.000	-1.000	4
3834	193	-1280	-1024	-1.000	-1.000	-1.000	-1.000	4	-1280	-1024	-1.000	-1.000	-1.000	-1.000	4
3854	194	-1280	-1024	0.472	0.468	-1.000	-1.000	4	362	112	0.472	0.468	741.187	3.235	0
3874	195	355	130	0.736	0.457	741.764	3.357	0	-1280	-1024	0.736	0.457	-1.000	-1.000	4
3894	196	358	141	0.736	0.457	737.846	3.339	0	-1280	-1024	0.472	0.468	-1.000	-1.000	4
3914	197	373	118	0.736	0.457	737.846	3.330	0	-1280	-1024	0.736	0.457	-1.000	-1.000	4
3934	198	352	131	0.735	0.457	737.846	3.368	0	340	126	0.471	0.467	739.136	3.311	0
3954	199	353	139	0.735	0.457	737.846	3.410	0	354	126	0.471	0.467	739.136	3.363	0
3974	200	355	139	0.735	0.456	737.846	3.344	0	353	106	0.471	0.467	739.136	3.390	0
3994	201	353	127	0.735	0.456	741.922	3.393	0	350	98	0.471	0.467	739.097	3.417	0
4014	202	-1280	-1024	-1.000	-1.000	-1.000	-1.000	4	-1280	-1024	-1.000	-1.000	-1.000	-1.000	4
4034	203	-1280	-1024	-1.000	-1.000	-1.000	-1.000	4	-1280	-1024	-1.000	-1.000	-1.000	-1.000	4
4054	204	-1280	-1024	-1.000	-1.000	-1.000	-1.000	4	-1280	-1024	-1.000	-1.000	-1.000	-1.000	4
4073	205	-1280	-1024	-1.000	-1.000	-1.000	-1.000	4	-1280	-1024	-1.000	-1.000	-1.000	-1.000	4
4093	206	-1280	-1024	0.734	0.456	-1.000	-1.000	4	-1280	-1024	0.470	0.467	-1.000	-1.000	4
4113	207	372	147	0.734	0.456	740.677	3.351	0	-1280	-1024	0.734	0.456	-1.000	-1.000	4
4133	208	357	124	0.734	0.456	740.677	3.336	0	348	122	0.470	0.467	740.136	3.297	0
4153	209	391	115	0.734	0.456	740.677	3.343	0	388	92	0.469	0.467	740.136	3.300	0
4173	210	448	126	0.733	0.456	740.677	3.362	0	-1280	-1024	0.733	0.456	-1.000	-1.000	4
4193	211	441	124	0.733	0.456	740.304	3.355	0	-1280	-1024	0.469	0.467	-1.000	-1.000	4
4213	212	453	130	0.734	0.456	740.304	3.329	0	-1280	-1024	0.734	0.456	-1.000	-1.000	4
4233	213	438	138	0.734	0.456	740.304	3.333	0	434	124	0.470	0.467	739.010	3.365	0
4253	214	447	135	0.734	0.456	740.304	3.355	0	444	112	0.470	0.467	739.010	3.376	0
4273	215	449	134	0.734	0.456	740.304	3.400	0	444	115	0.470	0.467	739.010	3.306	0
4293	216	448	143	0.734	0.456	736.570	3.396	0	444	119	0.470	0.467	739.004	3.290	0
4313	217	-1280	-1024	-1.000	-1.000	-1.000	-1.000	4	-1280	-1024	-1.000	-1.000	-1.000	-1.000	4
4333	218	-1280	-1024	-1.000	-1.000	-1.000	-1.000	4	-1280	-1024	-1.000	-1.000	-1.000	-1.000	4
4353	219	-1280	-1024	-1.000	-1.000	-1.000	-1.000	4	-1280	-1024	-1.000	-1.000	-1.000	-1.000	4
4373	220	-1280	-1024	-1.000	-1.000	-1.000	-1.000	4	-1280	-1024	-1.000	-1.000	-1.000	-1.000	4
4392	221	-1280	-1024	0.735	0.456	-1.000	-1.000	4	-1280	-1024	0.471	0.467	-1.000	-1.000	4
4412	222	488	132	0.735	0.456	736.964	3.333	0	455	124	0.471	0.467	741.443	3.328	0
4432	223	484	134	0.735	0.456	736.964	3.388	0	479	116	0.470	0.467	741.443	3.373	0
4452	224	497	140	0.735	0.456	736.964	3.244	0	473	97	0.470	0.467	741.443	3.363	0
4472	225	479	134	0.735	0.456	736.964	3.329	0	472	117	0.470	0.467	741.443	3.355	0
4492	226	474	124	0.735	0.456	741.129	3.339	0	471	115	0.470	0.467	739.874	3.340	0
4512	227	-1280	-1024	-1.000	-1.000	-1.000	-1.000	4	-1280	-1024	-1.000	-1.000	-1.000	-1.000	4
4532	228	-1280	-1024	-1.000	-1.000	-1.000	-1.000	4	-1280	-1024	-1.000	-1.000	-1.000	-1.000	4
4552	229	-1280	-1024	-1.000	-1.000	-1.000	-1.000	4	-1280	-1024	-1.000	-1.000	-1.000	-1.000	4
4572	230	-1280	-1024	-1.000	-1.000	-1.000	-1.000	4	-1280	-1024	-1.000	-1.000	-1.000	-1.000	4
4592	231	-1280	-1024	0.735	0.455	-1.000	-1.000	4	-1280	-1024	0.471	0.467	-1.000	-1.000	4
4612	232	512	115	0.735	0.455	737.522	3.409	0	499	123	0.471	0.467	741.564	3.331	0
4632	233	529	124	0.735	0.455	737.522	3.327	0	532	128	0.471	0.467	741.564	3.365	0
4652	234	529	136	0.735	0.455	737.522	3.295	0	516	119	0.471	0.467	741.564	3.287	0
4672	235	527	143	0.735	0.455	737.522	3.320	0	520	105	0.471	0.467	741.564	3.462	0
4692	236	520	142	0.735	0.455	740.043	3.319	0	521	106	0.471	0.466	740.603	3.466	0
4711	237	-1280	-1024	-1.000	-1.000	-1.000	-1.000	4	-1280	-1024	-1.000	-1.000	-1.000	-1.000	4
4731	238	-1280	-1024	-1.000	-1.000	-1.000	-1.000	4	-1280	-1024	-1.000	-1.000	-1.000	-1.000	4
4751	239	-1280	-1024	-1.000	-1.000	-1.000	-1.000	4	-1280	-1024	-1.000	-1.000	-1.000	-1.000	4
4771	240	-1280	-1024	-1.000	-1.000	-1.000	-1.000	4	-1280	-1024	-1.000	-1.000	-1.000	-1.000	4
4791	241	-1280	-1024	0.736	0.454	-1.000	-1.000	4	-1280	-1024	0.471	0.466	-1.000	-1.000	4
4811	242	-1280	-1024	0.471	0.465	-1.000	-1.000	4	497	146	0.471	0.465	738.949	3.239	0
4831	243	539	126	0.735	0.454	740.342	3.286	0	-1280	-1024	0.735	0.454	-1.000	-1.000	4
4851	244	532	139	0.736	0.454	740.342	3.397	0	536	96	0.471	0.465	738.949	3.275	0
4871	245	532	134	0.735	0.453	740.342	3.285	0	516	109	0.471	0.465	738.949	3.272	0
4891	246	545	150	0.735	0.453	736.945	3.307	0	517	101	0.471	0.465	741.795	3.284	0
4911	247	-1280	-1024	0.471	0.465	-1.000	-1.000	4	518	125	0.471	0.465	741.795	3.271	0
4931	248	531	153	0.735	0.453	736.945	3.337	0	532	108	0.471	0.465	741.795	3.318	0
4951	249	538	138	0.735	0.453	736.945	3.278	0	521	119	0.471	0.465	741.795	3.281	0
4971	250	542	141	0.735	0.453	736.945	3.176	0	510	121	0.471	0.465	741.795	3.262	0
4991	251	546	143	0.736	0.454	737.312	3.104	0	512	116	0.471	0.465	741.469	3.274	0
5010	252	-1280	-1024	-1.000	-1.000	-1.000	-1.000	4	-1280	-1024	-1.000	-1.000	-1.000	-1.000	4
5030	253	-1280	-1024	0.472	0.465	-1.000	-1.000	4	509	132	0.472	0.465	741.469	3.233	0
5050	254	-1280	-1024	-1.000	-1.000	-1.000	-1.000	4	-1280	-1024	-1.000	-1.000	-1.000	-1.000	4
5070	255	-1280	-1024	0.471	0.465	-1.000	-1.000	4	616	132	0.471	0.465	741.469	3.327	0
5090	256	-1280	-1024	0.735	0.454	-1.000	-1.000	4	616	132	0.471	0.465	741.476	3.327	0
5110	257	-1280	-1024	-1.000	-1.000	-1.000	-1.000	4	-1280	-1024	-1.000	-1.000	-1.000	-1.000	4
5130	258	-1280	-1024	-1.000	-1.000	-1.000	-1.000	4	-1280	-1024	-1.000	-1.000	-1.000	-1.000	4
5150	259	-1280	-1024	0.470	0.465	-1.000	-1.000	4	614	121	0.470	0.465	741.476	3.322	0
5170	260	628	154	0.734	0.454	736.376	3.177	0	624	136	0.470	0.465	741.476	3.303	0
5190	261	628	157	0.734	0.454	735.480	3.173	0	624	136	0.470	0.465	741.408	3.303	0
5210	262	-1280	-1024	0.470	0.465	-1.000	-1.000	4	633	141	0.470	0.465	741.408	3.252	0
5230	263	632	147	0.734	0.453	735.480	3.226	0	615	113	0.469	0.465	741.408	3.206	0
5250	264	-1280	-1024	0.469	0.465	-1.000	-1.000	4	632	113	0.469	0.465	741.408	3.216	0
5270	265	-1280	-1024	0.469	0.465	-1.000	-1.000	4	582	141	0.469	0.465	741.408	3.250	0
5290	266	-1280	-1024	0.736	0.453	-1.000	-1.000	4	577	126	0.472	0.465	742.009	3.232	0
5310	267	175	161	0.737	0.454	741.204	3.247	0	189	119	0.473	0.465	742.009	3.356	0
5330	268	202	145	0.736	0.453	741.204	3.326	0	177	148	0.473	0.465	742.009	3.271	0
5349	269	192	159	0.736	0.453	741.204	3.198	0	189	147	0.472	0.465	742.009	3.240	0
5369	270	201	169	0.736	0.453	741.204	3.178	0	207	132	0.472	0.465	742.009	3.292	0
5389	271	198	168	0.736	0.453	739.928	3.152	0	208	147	0.472	0.465	742.255	3.290	0
5409	272	198	168	0.736	0.453	739.928	3.334	0	196	146	0.472	0.465	742.255	3.292	0
5429	273	189	146	0.736	0.453	739.928	3.309	0	184	137	0.471	0.465	742.255	3.253	0
5449	274	158	170	0.736	0.453	739.928	3.318	0	141	142	0.472	0.465	742.255	3.281	0
5469	275	125	157	0.736	0.453	739.928	3.324	0	133	139	0.472	0.465	742.255	3.268	0
5489	276	104	147	0.737	0.453	741.450	3.320	0	124	134	0.472	0.465	743.006	3.285	0
5509	277	138	159	0.737	0.453	741.450	3.287	0	-1280	-1024	0.737	0.453	-1.000	-1.000	4
5529	278	132	171	0.737	0.453	741.450	3.342	0	117	128	0.473	0.465	743.006	3.344	0
5549	279	125	163	0.737	0.453	741.450	3.333	0	132	138	0.473	0.465	743.006	3.348	0
5569	280	130	156	0.737	0.454	741.450	3.275	0	130	127	0.473	0.465	743.006	3.427	0
5589	281	127	159	0.738	0.454	741.857	3.301	0	127	127	0.474	0.464	743.687	3.459	0
5609	282	-1280	-1024	-1.000	-1.000	-1.000	-1.000	4	-1280	-1024	-1.000	-1.000	-1.000	-1.000	4
5629	283	-1280	-1024	-1.000	-1.000	-1.000	-1.000	4	-1280	-1024	-1.000	-1.000	-1.000	-1.000	4
5649	284	-1280	-1024	-1.000	-1.000	-1.000	-1.000	4	-1280	-1024	-1.000	-1.000	-1.000	-1.000	4
5669	285	129	157	0.739	0.454	741.857	3.324	0	150	103	0.475	0.464	743.687	3.363	0
5688	286	128	157	0.739	0.454	742.072	3.325	0	151	107	0.475	0.464	742.294	3.357	0
5708	287	136	196	0.740	0.454	742.072	3.351	0	138	106	0.475	0.464	742.294	3.287	0
5728	288	144	162	0.740	0.455	742.072	3.308	0	129	132	0.476	0.465	742.294	3.351	0
5748	289	140	154	0.740	0.455	742.072	3.314	0	135	136	0.476	0.465	742.294	3.322	0
5768	290	127	161	0.740	0.456	742.072	3.271	0	133	114	0.476	0.465	742.294	3.312	0
5788	291	122	160	0.741	0.456	741.444	3.258	0	135	131	0.477	0.465	742.018	3.338	0
5808	292	-1280	-1024	-1.000	-1.000	-1.000	-1.000	4	-1280	-1024	-1.000	-1.000	-1.000	-1.000	4
5828	293	-1280	-1024	-1.000	-1.000	-1.000	-1.000	4	-1280	-1024	-1.000	-1.000	-1.000	-1.000	4
5848	294	-1280	-1024	-1.000	-1.000	-1.000	-1.000	4	-1280	-1024	-1.000	-1.000	-1.000	-1.000	4
5868	295	-1280	-1024	0.478	0.465	-1.000	-1.000	4	156	136	0.478	0.465	742.018	3.307	0
5888	296	-1280	-1024	0.741	0.456	-1.000	-1.000	4	157	139	0.477	0.465	740.991	3.302	0
5908	297	252	142	0.740	0.456	741.305	3.512	0	282	127	0.476	0.465	740.991	3.434	0
5928	298	272	147	0.740	0.456	741.305	3.437	0	265	129	0.476	0.465	740.991	3.224	0
5948	299	-1280	-1024	-1.000	-1.000	-1.000	-1.000	4	-1280	-1024	-1.000	-1.000	-1.000	-1.000	4
5968	300	-1280	-1024	-1.000	-1.000	-1.000	-1.000	4	-1280	-1024	-1.000	-1.000	-1.000	-1.000	4
5988	301	-1280	-1024	0.739	0.456	-1.000	-1.000	4	-1280	-1024	0.475	0.465	-1.000	-1.000	4
6008	302	-1280	-1024	-1.000	-1.000	-1.000	-1.000	4	-1280	-1024	-1.000	-1.000	-1.000	-1.000	4
6027	303	-1280	-1024	-1.000	-1.000	-1.000	-1.000	4	-1280	-1024	-1.000	-1.000	-1.000	-1.000	4
6047	304	-1280	-1024	-1.000	-1.000	-1.000	-1.000	4	-1280	-1024	-1.000	-1.000	-1.000	-1.000	4
6067	305	266	131	0.737	0.455	741.582	3.379	0	290	118	0.473	0.464	742.693	3.398	0
6087	306	265	129	0.737	0.455	742.336	3.382	0	290	122	0.473	0.464	741.118	3.391	0
6107	307	273	138	0.737	0.455	742.336	3.383	0	270	131	0.473	0.465	741.118	3.407	0
6127	308	271	168	0.737	0.455	742.336	3.337	0	274	136	0.473	0.464	741.118	3.317	0
6147	309	268	152	0.736	0.455	742.336	3.319	0	274	147	0.473	0.464	741.118	3.359	0
6167	310	276	140	0.736	0.455	742.336	3.294	0	277	128	0.472	0.465	741.118	3.270	0
6187	311	276	149	0.736	0.455	743.444	3.279	0	278	132	0.472	0.465	741.407	3.269	0
6207	312	-1280	-1024	-1.000	-1.000	-1.000	-1.000	4	-1280	-1024	-1.000	-1.000	-1.000	-1.000	4
6227	313	-1280	-1024	-1.000	-1.000	-1.000	-1.000	4	-1280	-1024	-1.000	-1.000	-1.000	-1.000	4
6247	314	264	144	0.735	0.455	743.444	3.349	0	-1280	-1024	0.735	0.455	-1.000	-1.000	4
6267	315	252	162	0.735	0.455	743.444	3.285	0	262	135	0.471	0.465	741.407	3.374	0
6287	316	252	161	0.735	0.455	743.703	3.287	0	261	131	0.471	0.465	742.505	3.379	0
6307	317	-1280	-1024	-1.000	-1.000	-1.000	-1.000	4	-1280	-1024	-1.000	-1.000	-1.000	-1.000	4
6326	318	-1280	-1024	-1.000	-1.000	-1.000	-1.000	4	-1280	-1024	-1.000	-1.000	-1.000	-1.000	4
6346	319	-1280	-1024	-1.000	-1.000	-1.000	-1.000	4	-1280	-1024	-1.000	-1.000	-1.000	-1.000	4
6366	320	-1280	-1024	-1.000	-1.000	-1.000	-1.000	4	-1280	-1024	-1.000	-1.000	-1.000	-1.000	4
6386	321	-1280	-1024	0.734	0.455	-1.000	-1.000	4	-1280	-1024	0.471	0.465	-1.000	-1.000	4
6406	322	269	139	0.734	0.455	745.150	3.449	0	264	154	0.471	0.465	740.940	3.439	0
6426	323	242	163	0.734	0.455	745.150	3.344	0	257	145	0.470	0.465	740.940	3.323	0
6446	324	233	176	0.734	0.454	745.150	3.312	0	-1280	-1024	0.734	0.454	-1.000	-1.000	4
6466	325	-1280	-1024	-1.000	-1.000	-1.000	-1.000	4	-1280	-1024	-1.000	-1.000	-1.000	-1.000	4
6486	326	-1280	-1024	0.733	0.454	-1.000	-1.000	4	-1280	-1024	0.469	0.464	-1.000	-1.000	4
6506	327	241	147	0.733	0.454	744.756	3.298	0	248	145	0.469	0.464	742.408	3.252	0
6526	328	257	143	0.733	0.454	744.756	3.342	0	272	134	0.469	0.464	742.408	3.285	0
6546	329	236	170	0.733	0.454	744.756	3.280	0	238	146	0.469	0.464	742.408	3.320	0
6566	330	238	169	0.733	0.454	744.756	3.386	0	240	143	0.469	0.464	742.408	3.362	0
6586	331	242	175	0.733	0.454	741.951	3.368	0	244	143	0.469	0.464	741.050	3.390	0
6606	332	-1280	-1024	-1.000	-1.000	-1.000	-1.000	4	-1280	-1024	-1.000	-1.000	-1.000	-1.000	4
6626	333	-1280	-1024	-1.000	-1.000	-1.000	-1.000	4	-1280	-1024	-1.000	-1.000	-1.000	-1.000	4
6645	334	229	161	0.733	0.454	741.951	3.385	0	-1280	-1024	0.733	0.454	-1.000	-1.000	4
6665	335	239	169	0.734	0.454	741.951	3.370	0	248	165	0.470	0.464	741.050	3.403	0
6685	336	237	163	0.734	0.454	744.092	3.380	0	247	159	0.470	0.464	743.304	3.414	0
6705	337	-1280	-1024	-1.000	-1.000	-1.000	-1.000	4	-1280	-1024	-1.000	-1.000	-1.000	-1.000	4
6725	338	-1280	-1024	-1.000	-1.000	-1.000	-1.000	4	-1280	-1024	-1.000	-1.000	-1.000	-1.000	4
6745	339	-1280	-1024	-1.000	-1.000	-1.000	-1.000	4	-1280	-1024	-1.000	-1.000	-1.000	-1.000	4
6765	340	-1280	-1024	-1.000	-1.000	-1.000	-1.000	4	-1280	-1024	-1.000	-1.000	-1.000	-1.000	4
6785	341	-1280	-1024	0.736	0.454	-1.000	-1.000	4	-1280	-1024	0.472	0.463	-1.000	-1.000	4
6805	342	199	151	0.736	0.454	742.970	3.372	0	184	138	0.472	0.463	741.525	3.520	0
6825	343	184	153	0.736	0.454	742.970	3.435	0	189	139	0.472	0.463	741.525	3.431	0
6845	344	182	143	0.736	0.454	742.970	3.233	0	187	128	0.472	0.463	741.525	3.333	0
6865	345	192	130	0.736	0.454	742.970	3.260	0	-1280	-1024	0.736	0.454	-1.000	-1.000	4
6885	346	191	128	0.736	0.454	742.613	3.286	0	-1280	-1024	0.472	0.463	-1.000	-1.000	4
6905	347	180	147	0.736	0.454	742.613	3.288	0	-1280	-1024	0.736	0.454	-1.000	-1.000	4
6925	348	193	160	0.736	0.454	742.613	3.360	0	197	130	0.472	0.463	744.439	3.383	0
6945	349	190	154	0.736	0.454	742.613	3.301	0	183	131	0.472	0.463	744.439	3.342	0
6964	350	146	158	0.736	0.454	742.613	3.285	0	155	140	0.472	0.463	744.439	3.459	0
6984	351	146	152	0.736	0.454	744.354	3.314	0	138	149	0.472	0.463	742.372	3.462	0
7004	352	-1280	-1024	-1.000	-1.000	-1.000	-1.000	4	-1280	-1024	-1.000	-1.000	-1.000	-1.000	4
7024	353	-1280	-1024	-1.000	-1.000	-1.000	-1.000	4	-1280	-1024	-1.000	-1.000	-1.000	-1.000	4
7044	354	-1280	-1024	-1.000	-1.000	-1.000	-1.000	4	-1280	-1024	-1.000	-1.000	-1.000	-1.000	4
7064	355	-1280	-1024	-1.000	-1.000	-1.000	-1.000	4	-1280	-1024	-1.000	-1.000	-1.000	-1.000	4
7084	356	-1280	-1024	0.736	0.454	-1.000	-1.000	4	-1280	-1024	0.472	0.463	-1.000	-1.000	4
7104	357	145	146	0.736	0.454	742.955	3.434	0	155	130	0.472	0.463	741.452	3.430	0
7124	358	151	156	0.735	0.454	742.955	3.401	0	149	142	0.472	0.463	741.452	3.302	0
7144	359	135	151	0.735	0.454	742.955	3.381	0	159	135	0.471	0.464	741.452	3.280	0
7164	360	150	156	0.735	0.454	742.955	3.340	0	156	145	0.471	0.464	741.452	3.405	0
7184	361	144	160	0.735	0.454	740.906	3.304	0	155	138	0.471	0.464	743.078	3.341	0
7204	362	-1280	-1024	-1.000	-1.000	-1.000	-1.000	4	-1280	-1024	-1.000	-1.000	-1.000	-1.000	4
7224	363	-1280	-1024	-1.000	-1.000	-1.000	-1.000	4	-1280	-1024	-1.000	-1.000	-1.000	-1.000	4
7244	364	-1280	-1024	-1.000	-1.000	-1.000	-1.000	4	-1280	-1024	-1.000	-1.000	-1.000	-1.000	4
7263	365	-1280	-1024	-1.000	-1.000	-1.000	-1.000	4	-1280	-1024	-1.000	-1.000	-1.000	-1.000	4
7283	366	-1280	-1024	0.733	0.454	-1.000	-1.000	4	-1280	-1024	0.469	0.464	-1.000	-1.000	4
7303	367	168	187	0.733	0.453	738.131	3.418	0	176	149	0.469	0.464	745.163	3.345	0
7323	368	156	187	0.733	0.453	738.131	3.405	0	148	138	0.468	0.464	745.163	3.392	0
7343	369	213	187	0.732	0.454	738.131	3.469	0	205	140	0.467	0.465	745.163	3.336	0
7363	370	237	198	0.731	0.454	738.131	3.288	0	218	167	0.467	0.465	745.163	3.456	0
7383	371	234	187	0.731	0.454	742.406	3.305	0	212	172	0.467	0.465	741.609	3.443	0
7403	372	-1280	-1024	-1.000	-1.000	-1.000	-1.000	4	-1280	-1024	-1.000	-1.000	-1.000	-1.000	4
7423	373	224	161	0.730	0.454	742.406	3.348	0	-1280	-1024	0.730	0.454	-1.000	-1.000	4
7443	374	238	184	0.730	0.454	742.406	3.407	0	237	160	0.466	0.466	741.609	3.498	0
7463	375	209	161	0.731	0.454	742.406	3.445	0	239	156	0.466	0.466	741.609	3.416	0
7483	376	210	171	0.731	0.455	741.406	3.480	0	239	158	0.466	0.466	740.946	3.413	0
7503	377	-1280	-1024	-1.000	-1.000	-1.000	-1.000	4	-1280	-1024	-1.000	-1.000	-1.000	-1.000	4
7523	378	156	254	0.732	0.456	741.406	3.415	0	171	260	0.468	0.467	740.946	3.437	0
7543	379	169	251	0.732	0.456	741.406	3.390	0	168	242	0.468	0.467	740.946	3.422	0
7563	380	168	234	0.732	0.456	741.406	3.353	0	166	248	0.468	0.467	740.946	3.372	0
7583	381	169	228	0.732	0.456	740.268	3.319	0	162	238	0.468	0.467	740.937	3.346	0
7602	382	160	253	0.733	0.456	740.268	3.422	0	-1280	-1024	0.733	0.456	-1.000	-1.000	4
7622	383	159	233	0.733	0.456	740.268	3.465	0	174	228	0.468	0.467	740.937	3.382	0
7642	384	162	237	0.733	0.456	740.268	3.325	0	192	220	0.468	0.467	740.937	3.323	0
7662	385	170	261	0.733	0.456	740.268	3.396	0	178	222	0.468	0.467	740.937	3.405	0
7682	386	170	251	0.733	0.456	740.846	3.382	0	184	225	0.468	0.467	741.241	3.394	0
7702	387	-1280	-1024	-1.000	-1.000	-1.000	-1.000	4	-1280	-1024	-1.000	-1.000	-1.000	-1.000	4
7722	388	-1280	-1024	-1.000	-1.000	-1.000	-1.000	4	-1280	-1024	-1.000	-1.000	-1.000	-1.000	4
7742	389	-1280	-1024	-1.000	-1.000	-1.000	-1.000	4	-1280	-1024	-1.000	-1.000	-1.000	-1.000	4
7762	390	-1280	-1024	-1.000	-1.000	-1.000	-1.000	4	-1280	-1024	-1.000	-1.000	-1.000	-1.000	4
7782	391	-1280	-1024	0.733	0.456	-1.000	-1.000	4	-1280	-1024	0.469	0.466	-1.000	-1.000	4
7802	392	163	240	0.733	0.455	741.611	3.293	0	159	219	0.469	0.466	740.958	3.424	0
7822	393	157	248	0.733	0.455	741.611	3.379	0	159	234	0.469	0.466	740.958	3.436	0
7842	394	144	254	0.733	0.455	741.611	3.332	0	158	237	0.469	0.466	740.958	3.337	0
7862	395	144	241	0.733	0.455	741.611	3.349	0	140	236	0.469	0.466	740.958	3.389	0
7882	396	131	244	0.733	0.455	742.524	3.328	0	137	229	0.469	0.466	743.457	3.378	0
7901	397	-1280	-1024	-1.000	-1.000	-1.000	-1.000	4	-1280	-1024	-1.000	-1.000	-1.000	-1.000	4
7921	398	-1280	-1024	-1.000	-1.000	-1.000	-1.000	4	-1280	-1024	-1.000	-1.000	-1.000	-1.000	4
7941	399	-1280	-1024	-1.000	-1.000	-1.000	-1.000	4	-1280	-1024	-1.000	-1.000	-1.000	-1.000	4
7961	400	340	559	0.731	0.459	742.524	3.422	0	361	590	0.467	0.470	743.457	3.391	0
7981	401	341	566	0.730	0.459	738.660	3.405	0	361	587	0.467	0.470	745.018	3.398	0
8001	402	373	634	0.731	0.458	738.660	3.404	0	-1280	-1024	0.731	0.458	-1.000	-1.000	4
8021	403	358	609	0.730	0.458	738.660	3.400	0	362	616	0.466	0.470	745.018	3.418	0
8041	404	344	615	0.730	0.458	738.660	3.443	0	388	602	0.466	0.470	745.018	3.445	0
8061	405	333	582	0.730	0.458	738.660	3.303	0	391	605	0.466	0.470	745.018	3.388	0
8081	406	321	570	0.730	0.458	741.977	3.317	0	393	609	0.466	0.470	744.099	3.383	0
8101	407	333	590	0.730	0.458	741.977	3.372	0	376	627	0.466	0.470	744.099	3.407	0
8121	408	338	570	0.730	0.458	741.977	3.329	0	328	565	0.465	0.470	744.099	3.245	0
8141	409	-1280	-1024	-1.000	-1.000	-1.000	-1.000	4	-1280	-1024	-1.000	-1.000	-1.000	-1.000	4
8161	410	-1280	-1024	-1.000	-1.000	-1.000	-1.000	4	-1280	-1024	-1.000	-1.000	-1.000	-1.000	4
8181	411	-1280	-1024	0.729	0.458	-1.000	-1.000	4	-1280	-1024	0.465	0.471	-1.000	-1.000	4
8201	412	-1280	-1024	-1.000	-1.000	-1.000	-1.000	4	-1280	-1024	-1.000	-1.000	-1.000	-1.000	4
8221	413	-1280	-1024	-1.000	-1.000	-1.000	-1.000	4	-1280	-1024	-1.000	-1.000	-1.000	-1.000	4
8240	414	432	624	0.729	0.458	743.536	3.347	0	-1280	-1024	0.729	0.458	-1.000	-1.000	4
8260	415	416	597	0.729	0.459	743.536	3.329	0	453	620	0.465	0.471	742.191	3.391	0
8280	416	416	605	0.729	0.459	738.870	3.308	0	453	623	0.465	0.471	740.324	3.383	0
8300	417	-1280	-1024	-1.000	-1.000	-1.000	-1.000	4	-1280	-1024	-1.000	-1.000	-1.000	-1.000	4
8320	418	-1280	-1024	-1.000	-1.000	-1.000	-1.000	4	-1280	-1024	-1.000	-1.000	-1.000	-1.000	4
8340	419	635	665	0.726	0.459	738.870	3.256	0	654	587	0.462	0.472	740.324	3.341	0
8360	420	936	595	0.723	0.459	738.870	3.259	0	877	637	0.459	0.472	740.324	3.288	0
8380	421	942	588	0.723	0.459	743.549	3.280	0	890	622	0.459	0.472	750.808	3.334	0
8400	422	949	594	0.723	0.459	743.549	3.220	0	938	626	0.458	0.472	750.808	3.326	0
8420	423	-1280	-1024	0.457	0.472	-1.000	-1.000	4	915	640	0.457	0.472	750.808	3.186	0
8440	424	938	591	0.722	0.458	743.549	3.193	0	-1280	-1024	0.722	0.458	-1.000	-1.000	4
8460	425	917	607	0.722	0.457	743.549	3.156	0	952	578	0.457	0.471	750.808	3.179	0
8480	426	917	604	0.721	0.456	745.103	3.162	0	952	578	0.456	0.471	751.266	3.181	0
8500	427	936	607	0.720	0.456	745.103	3.214	0	915	611	0.455	0.471	751.266	3.218	0
8520	428	937	611	0.720	0.456	745.103	3.316	0	916	633	0.455	0.472	751.266	3.109	0
8539	429	981	580	0.719	0.457	745.103	3.264	0	-1280	-1024	0.719	0.457	-1.000	-1.000	4
8559	430	923	566	0.719	0.459	745.103	3.282	0	-1280	-1024	0.719	0.459	-1.000	-1.000	4
8579	431	934	560	0.718	0.461	742.899	3.243	0	-1280	-1024	0.453	0.477	-1.000	-1.000	4
8599	432	886	543	0.717	0.459	742.899	3.225	0	-1280	-1024	0.717	0.459	-1.000	-1.000	4
8619	433	-1280	-1024	-1.000	-1.000	-1.000	-1.000	4	-1280	-1024	-1.000	-1.000	-1.000	-1.000	4
8639	434	-1280	-1024	-1.000	-1.000	-1.000	-1.000	4	-1280	-1024	-1.000	-1.000	-1.000	-1.000	4
8659	435	-1280	-1024	-1.000	-1.000	-1.000	-1.000	4	-1280	-1024	-1.000	-1.000	-1.000	-1.000	4
8679	436	-1280	-1024	0.711	0.442	-1.000	-1.000	4	-1280	-1024	0.711	0.442	-1.000	-1.000	4
8699	437	883	303	0.708	0.441	730.198	3.108	0	-1280	-1024	0.708	0.441	-1.000	-1.000	4
8719	438	-1280	-1024	-1.000	-1.000	-1.000	-1.000	4	-1280	-1024	-1.000	-1.000	-1.000	-1.000	4
8739	439	-1280	-1024	-1.000	-1.000	-1.000	-1.000	4	-1280	-1024	-1.000	-1.000	-1.000	-1.000	4
8759	440	-1280	-1024	-1.000	-1.000	-1.000	-1.000	4	-1280	-1024	-1.000	-1.000	-1.000	-1.000	4
8779	441	-1280	-1024	-1.000	-1.000	-1.000	-1.000	4	-1280	-1024	-1.000	-1.000	-1.000	-1.000	4
8799	442	974	359	0.694	0.444	730.198	3.174	0	-1280	-1024	0.694	0.444	-1.000	-1.000	4
8819	443	-1280	-1024	-1.000	-1.000	-1.000	-1.000	4	-1280	-1024	-1.000	-1.000	-1.000	-1.000	4
8839	444	-1280	-1024	0.689	0.437	-1.000	-1.000	4	-1280	-1024	0.689	0.437	-1.000	-1.000	4
8858	445	925	338	0.687	0.434	742.815	3.129	0	894	401	0.424	0.471	742.815	3.007	0
8878	446	937	343	0.684	0.433	742.815	3.128	0	-1280	-1024	0.684	0.433	-1.000	-1.000	4
8898	447	936	364	0.683	0.433	742.815	3.025	0	-1280	-1024	0.683	0.433	-1.000	-1.000	4
8918	448	923	340	0.681	0.436	742.815	3.025	0	889	405	0.419	0.476	742.815	3.006	0
8938	449	929	347	0.680	0.439	743.095	3.026	0	916	363	0.418	0.480	763.174	3.087	0
8958	450	940	325	0.680	0.442	743.095	3.082	0	-1280	-1024	0.680	0.442	-1.000	-1.000	4
8978	451	952	317	0.679	0.445	743.095	3.013	0	-1280	-1024	0.679	0.445	-1.000	-1.000	4
8998	452	927	365	0.679	0.447	743.095	3.092	0	-1280	-1024	0.679	0.447	-1.000	-1.000	4
9018	453	954	307	0.678	0.449	743.095	3.013	0	910	339	0.416	0.492	763.174	3.183	0
9038	454	944	328	0.678	0.449	739.534	3.025	0	903	352	0.416	0.492	757.205	3.159	0
9058	455	919	339	0.678	0.449	739.534	3.248	0	-1280	-1024	0.678	0.449	-1.000	-1.000	4
9078	456	915	353	0.678	0.449	739.534	3.268	0	875	350	0.416	0.493	757.205	3.306	0
9098	457	-1280	-1024	-1.000	-1.000	-1.000	-1.000	4	-1280	-1024	-1.000	-1.000	-1.000	-1.000	4
9118	458	-1280	-1024	-1.000	-1.000	-1.000	-1.000	4	-1280	-1024	-1.000	-1.000	-1.000	-1.000	4
9138	459	-1280	-1024	0.677	0.448	-1.000	-1.000	4	-1280	-1024	0.415	0.493	-1.000	-1.000	4
9158	460	900	375	0.677	0.448	736.346	3.264	0	-1280	-1024	0.677	0.448	-1.000	-1.000	4
9177	461	914	375	0.675	0.447	736.346	3.274	0	873	379	0.414	0.495	753.004	3.283	0
9197	462	-1280	-1024	-1.000	-1.000	-1.000	-1.000	4	-1280	-1024	-1.000	-1.000	-1.000	-1.000	4
9217	463	-1280	-1024	-1.000	-1.000	-1.000	-1.000	4	-1280	-1024	-1.000	-1.000	-1.000	-1.000	4
9237	464	-1280	-1024	0.670	0.446	-1.000	-1.000	4	-1280	-1024	0.409	0.498	-1.000	-1.000	4
9257	465	-1280	-1024	-1.000	-1.000	-1.000	-1.000	4	-1280	-1024	-1.000	-1.000	-1.000	-1.000	4
9277	466	-1280	-1024	0.405	0.502	-1.000	-1.000	4	1040	496	0.405	0.502	761.310	3.257	0
9297	467	988	636	0.663	0.448	738.898	3.320	0	-1280	-1024	0.663	0.448	-1.000	-1.000	4
9317	468	1017	608	0.661	0.448	738.898	3.262	0	995	628	0.402	0.504	761.310	3.313	0
9337	469	1023	602	0.661	0.449	742.851	3.279	0	1001	623	0.402	0.505	765.171	3.329	0
9357	470	1007	575	0.660	0.449	742.851	3.375	0	985	608	0.401	0.506	765.171	3.362	0
9377	471	1025	534	0.660	0.450	742.851	3.341	0	1002	609	0.401	0.507	765.171	3.390	0
9397	472	999	561	0.660	0.451	742.851	3.228	0	1026	540	0.401	0.508	765.171	3.363	0
9417	473	1021	579	0.659	0.451	742.851	3.378	0	1008	591	0.401	0.509	765.171	3.332	0
9437	474	1009	566	0.659	0.452	743.247	3.335	0	1018	574	0.400	0.510	764.235	3.333	0
9457	475	1015	554	0.658	0.453	743.247	3.399	0	1025	621	0.399	0.511	764.235	3.379	0
9476	476	1007	606	0.658	0.454	743.247	3.358	0	996	572	0.400	0.511	764.235	3.334	0
9496	477	1002	583	0.658	0.455	743.247	3.219	0	1007	505	0.399	0.512	764.235	3.163	0
9516	478	1000	565	0.657	0.455	743.247	3.393	0	1001	622	0.399	0.513	764.235	3.344	0
9536	479	1001	585	0.656	0.456	743.763	3.340	0	1006	580	0.397	0.513	764.433	3.292	0
9556	480	1007	564	0.655	0.456	743.763	3.343	0	990	570	0.397	0.514	764.433	3.366	0
9576	481	1001	572	0.655	0.455	743.763	3.280	0	999	588	0.397	0.514	764.433	3.334	0
9596	482	1021	581	0.655	0.455	743.763	3.342	0	-1280	-1024	0.655	0.455	-1.000	-1.000	4
9616	483	1008	619	0.654	0.455	743.763	3.402	0	1023	609	0.395	0.514	764.433	3.372	0
9636	484	1017	625	0.653	0.455	746.428	3.402	0	1024	605	0.394	0.513	767.850	3.387	0
9656	485	-1280	-1024	0.394	0.513	-1.000	-1.000	4	1024	567	0.394	0.513	767.850	3.259	0
9676	486	1010	595	0.652	0.454	746.428	3.360	0	1007	596	0.394	0.513	767.850	3.422	0
9696	487	1044	607	0.651	0.454	746.428	3.320	0	999	613	0.393	0.514	767.850	3.358	0
9716	488	1012	613	0.651	0.455	746.428	3.323	0	-1280	-1024	0.651	0.455	-1.000	-1.000	4
9736	489	1024	614	0.650	0.455	747.740	3.332	0	-1280	-1024	0.392	0.514	-1.000	-1.000	4
9756	490	1032	628	0.649	0.456	747.740	3.436	0	1013	616	0.391	0.515	768.215	3.315	0
9776	491	1013	622	0.650	0.457	747.740	3.289	0	-1280	-1024	0.650	0.457	-1.000	-1.000	4
9796	492	1005	568	0.649	0.458	747.740	3.321	0	1044	597	0.391	0.517	768.215	3.289	0
9815	493	-1280	-1024	-1.000	-1.000	-1.000	-1.000	4	-1280	-1024	-1.000	-1.000	-1.000	-1.000	4
9835	494	-1280	-1024	0.649	0.458	-1.000	-1.000	4	-1280	-1024	0.390	0.517	-1.000	-1.000	4
9855	495	956	397	0.648	0.456	743.878	3.190	0	-1280	-1024	0.648	0.456	-1.000	-1.000	4
9875	496	856	226	0.649	0.454	743.878	3.162	0	847	190	0.392	0.512	767.616	3.371	0
9895	497	802	169	0.649	0.453	743.878	3.300	0	788	137	0.392	0.511	767.616	3.224	0
9915	498	810	156	0.649	0.452	743.878	3.266	0	794	140	0.391	0.511	767.616	3.342	0
9935	499	818	154	0.648	0.452	739.674	3.275	0	801	166	0.390	0.510	758.355	3.244	0
9955	500	799	203	0.647	0.452	739.674	3.190	0	790	146	0.389	0.511	758.355	3.208	0
9975	501	783	177	0.647	0.452	739.674	3.162	0	780	169	0.389	0.511	758.355	3.251	0
9995	502	818	180	0.647	0.452	739.674	3.177	0	-1280	-1024	0.647	0.452	-1.000	-1.000	4
10015	503	-1280	-1024	0.388	0.511	-1.000	-1.000	4	776	172	0.388	0.511	758.355	3.249	0
10035	504	-1280	-1024	0.646	0.452	-1.000	-1.000	4	775	176	0.387	0.511	757.025	3.243	0
10055	505	821	145	0.645	0.452	739.502	3.203	0	783	191	0.387	0.511	757.025	3.218	0
10075	506	828	176	0.645	0.451	739.502	3.179	0	779	189	0.387	0.510	757.025	3.270	0
10095	507	808	170	0.645	0.450	739.502	3.301	0	777	194	0.386	0.510	757.025	3.237	0
10115	508	818	195	0.645	0.450	739.502	3.113	0	791	185	0.386	0.509	757.025	3.305	0
10135	509	816	198	0.644	0.450	739.955	3.126	0	792	178	0.386	0.509	759.612	3.316	0
10154	510	814	196	0.645	0.449	739.955	3.229	0	801	141	0.386	0.509	759.612	3.279	0
10174	511	823	189	0.645	0.449	739.955	3.193	0	802	184	0.386	0.508	759.612	3.316	0
10194	512	830	172	0.645	0.449	739.955	3.195	0	790	185	0.386	0.508	759.612	3.243	0
10214	513	809	201	0.645	0.449	739.955	3.244	0	788	198	0.387	0.508	759.612	3.238	0
