1	58	180	690	585
2	257	359	702	490
3	735	180	751	144
4	955	259	860	60
5	1234	319	547	251
6	1573	100	480	213
7	2131	100	221	453
8	2271	199	63	502
9	2670	518	239	222
10	3208	399	81	206
11	3626	160	255	224
12	3826	259	78	506
13	4105	299	69	504
14	4504	140	722	545
15	4703	199	697	512
16	4982	100	109	512
17	5122	319	58	504
18	5461	120	19	491
19	5640	279	164	230
20	5999	399	261	281
21	6597	139	1228	258
22	6757	120	1270	188
23	6996	239	215	251
24	7255	459	259	277
25	7734	359	122	333
26	8112	159	90	244
27	8312	159	234	280
28	8491	199	81	254
29	8711	159	64	227
30	8890	937	244	224
31	9847	419	86	247
32	10286	379	72	195
33	10684	419	45	508
34	11183	219	699	507
35	11442	279	708	504
36	11920	120	70	506
37	12060	339	69	509
38	12499	199	708	516
39	12818	259	93	526
40	13097	299	65	537
41	13515	359	728	526
42	13974	100	75	494
43	14094	359	76	533
44	14672	279	54	522
45	14971	279	55	537
46	15370	140	57	540
47	15529	120	38	502
48	15669	479	53	527
49	16267	499	66	518
50	16805	100	61	549
51	16985	120	587	554
52	17164	139	619	345
53	17363	479	661	340
54	17862	140	697	353
55	18061	100	599	234
56	18261	299	269	272
57	18659	219	769	399
58	18958	179	1096	384
59	19158	279	1069	340
60	19616	140	710	539
61	19796	299	363	371
62	20115	159	321	407
63	20294	439	89	433
64	20753	279	162	411
65	21072	638	58	549
66	21750	937	43	530
67	22707	219	77	542
68	22946	399	76	526
69	23384	199	362	939
70	23803	140	391	448
71	23983	140	53	541
72	24202	120	73	525
73	24342	100	84	539
74	24561	578	63	523
75	25159	897	35	525
76	26176	140	39	601
77	26355	120	70	604
78	26634	419	34	529
79	27073	339	69	525
80	27432	100	68	528
81	27611	139	705	534
82	27831	179	726	508
83	28030	578	721	516
84	28628	120	728	569
85	28768	339	726	562
86	29127	339	727	533
87	29485	518	730	511
88	30024	1575	724	540
89	31619	339	751	560
90	31978	319	730	571
91	32316	239	715	546
92	32576	718	727	576
93	33413	379	725	592
94	33812	179	116	586
95	34011	598	65	548
96	34629	299	27	528
97	34968	877	83	535
98	35905	379	67	519
99	36304	299	28	530
100	36723	259	83	580
101	37101	219	63	541
102	37420	598	42	546
103	38039	179	48	544
104	38238	199	79	544
105	38457	439	70	538
106	38916	160	52	537
107	39135	239	70	527
108	39494	618	708	542
109	40232	299	715	544
110	40571	299	687	529
111	40890	578	721	528
112	41488	379	746	553
113	42166	439	54	525
114	42624	1037	35	530
115	43681	319	69	583
116	44020	957	70	549
117	44997	1356	67	616
118	46372	279	91	619
119	46731	219	69	629
120	46971	179	103	641
121	47190	100	109	641
122	47389	279	55	663
123	47688	219	52	659
124	48007	279	111	642
125	48306	100	111	652
126	49004	339	67	221
127	49363	279	251	203
128	49981	159	102	627
129	50161	299	56	597
130	50480	199	42	619
131	50759	379	70	775
132	51157	219	54	665
133	51397	957	61	686
134	52473	359	66	561
135	52852	479	92	559
136	53351	299	85	536
137	53749	140	711	546
138	53949	299	749	555
139	54268	598	727	531
140	55065	359	679	522
141	55444	200	678	518
142	55663	558	735	559
143	56241	219	742	615
144	56481	339	740	596
145	56939	479	745	561
146	57737	379	733	574
147	58136	219	768	599
148	58435	479	770	674
149	58933	179	773	640
150	59172	140	846	649
151	59332	199	845	651
152	59551	159	838	603
153	59731	279	780	595
154	60050	179	741	679
155	60249	219	751	692
156	60668	140	162	222
157	60827	279	80	221
158	61126	379	242	199
159	61525	120	287	197
160	61964	140	256	211
161	62123	259	238	201
162	62701	319	776	565
163	63060	120	744	561
164	63339	279	696	572
165	63638	120	762	619
166	63778	239	765	616
167	64057	299	757	595
168	64376	478	764	691
169	64874	140	833	687
170	65173	160	764	693
171	65353	379	733	695
172	65831	100	731	705
173	66091	219	754	737
174	66330	219	789	728
175	66769	379	769	700
176	67327	100	843	727
177	67446	259	846	726
178	67785	120	797	729
179	67985	379	777	722
180	68463	199	781	736
181	68782	140	807	741
182	68942	179	809	752
183	69141	160	836	771
184	69340	100	841	773
185	69560	140	884	756
186	69719	379	731	690
187	70118	120	719	690
188	70317	678	711	577
189	71015	319	734	562
190	71414	299	738	575
191	71733	957	748	596
192	72710	120	836	576
193	72849	100	837	585
194	72969	159	731	589
195	73149	997	729	617
196	74205	578	754	558
197	74803	339	806	554
198	75461	139	734	518
199	75641	179	737	528
200	75840	379	705	526
201	76239	239	714	510
202	76498	179	714	633
203	76757	618	726	649
204	77395	100	724	700
205	77515	777	727	715
206	78312	100	736	741
207	78432	140	726	723
208	78631	279	681	716
209	79050	379	732	698
210	79508	160	677	710
211	79728	299	726	723
212	80047	120	724	729
213	80186	319	752	744
214	80525	379	761	802
215	81044	259	751	785
216	81323	100	757	792
217	81443	419	689	709
218	81881	818	684	701
219	82918	140	729	732
220	83077	199	736	732
221	83436	120	756	750
222	83576	219	773	730
223	83935	159	834	728
224	84114	339	698	685
225	84533	419	731	662
226	85031	279	776	660
227	85430	439	698	642
228	86068	399	741	612
229	86487	917	714	605
230	87424	239	691	601
231	87683	479	753	645
232	88261	239	773	657
233	88560	200	814	653
234	88879	279	773	662
235	89278	160	780	637
236	89557	678	716	590
237	90434	100	308	251
238	90853	438	259	207
239	91551	279	737	591
240	91850	199	729	584
241	92109	120	734	582
242	92249	120	700	586
243	92488	259	700	569
244	92867	179	754	592
245	93106	259	765	673
246	93385	100	756	657
247	93604	120	763	675
248	93744	319	756	612
249	94083	279	770	596
250	94382	359	844	603
251	95000	120	808	595
252	95140	538	765	624
253	95698	160	763	669
254	95877	339	772	664
255	96256	179	744	656
256	96455	199	725	584
257	96675	339	746	577
258	97034	140	553	599
259	97193	100	756	676
260	97333	299	763	663
261	97672	100	759	646
262	97871	160	761	633
263	98130	339	733	560
264	98968	299	80	585
265	99406	180	61	524
266	99606	100	70	541
267	99725	479	78	536
268	100224	120	94	528
269	100463	1336	93	560
270	101819	259	95	563
271	102297	339	77	203
272	102656	219	257	195
273	102915	140	45	199
274	103174	179	21	164
275	103434	199	92	559
276	103653	319	104	548
277	104052	219	98	564
278	104291	279	97	552
279	104730	100	737	647
280	104889	120	752	619
281	105029	439	754	631
282	105587	279	781	660
283	105886	179	819	669
284	106524	160	146	205
285	106703	140	84	213
286	106903	299	463	197
287	107222	359	552	196
288	107600	1436	592	205
289	109096	718	501	227
290	109893	518	255	215
291	110432	339	71	227
292	110810	359	239	215
293	111189	180	456	210
294	111428	140	716	750
295	111688	180	759	730
296	111887	498	724	544
297	112405	199	702	513
298	112724	239	725	575
299	112984	179	705	531
300	113502	359	739	876
301	114180	179	58	687
302	114399	997	49	681
303	115416	738	50	518
304	116213	160	536	212
305	116911	239	249	207
306	117171	140	53	216
307	117370	140	443	210
308	117529	778	566	224
309	118327	2153	589	229
310	120759	100	564	223
311	120998	199	554	231
312	121218	120	576	219
313	122793	1136	554	222
314	123969	419	437	217
315	124448	479	260	229
316	124966	299	74	243
317	125285	299	107	244
318	125644	439	261	233
319	126102	718	92	236
320	126840	319	240	241
321	127179	259	304	230
322	127458	259	259	227
323	127837	279	84	628
324	128136	100	83	672
325	128256	199	71	675
326	128475	239	73	647
327	128834	140	85	620
328	129033	219	108	664
329	129273	100	145	657
330	129572	498	66	606
331	130150	259	48	666
332	130429	180	48	662
333	130628	279	96	660
334	130927	897	112	676
335	131924	100	721	675
336	132084	120	738	671
337	132223	179	741	715
338	132722	518	721	567
339	133260	239	710	576
340	133519	239	708	575
341	133778	239	757	570
342	134038	120	749	567
343	134217	100	793	554
344	134357	399	705	534
345	134775	319	682	521
346	135214	379	729	521
347	135613	199	723	548
348	135832	120	719	537
349	135972	419	692	537
350	136410	199	731	566
351	136630	259	728	556
352	136909	877	758	556
353	137806	180	781	558
354	138005	778	698	559
355	138902	100	103	609
356	139022	359	81	599
357	139461	160	728	542
358	139740	638	705	536
359	140398	120	763	548
360	140537	439	764	541
361	140996	379	756	575
362	141395	120	769	586
363	141534	140	767	551
364	141913	698	769	569
365	142631	160	766	601
366	142910	877	57	632
367	143807	139	58	585
368	143986	239	61	603
369	144325	199	111	684
370	144724	199	106	657
371	144943	419	118	693
372	145402	140	745	610
373	145581	120	753	603
374	145940	140	765	620
375	146100	319	762	586
376	146439	618	767	594
377	147077	179	757	624
378	147376	379	80	659
379	147934	319	131	663
380	148333	140	84	628
381	148492	200	87	642
382	149070	379	91	626
383	149469	120	145	610
384	149669	120	185	609
385	150127	160	721	590
386	150307	379	769	560
387	150965	140	416	212
388	151164	379	268	229
389	151563	379	84	239
390	151961	518	255	236
391	152540	199	73	252
392	153058	239	735	601
393	153516	120	131	669
394	153935	299	83	647
395	154314	379	112	644
396	154912	279	111	662
397	155211	140	114	693
398	155411	200	112	684
399	155650	100	120	692
400	155809	199	113	702
401	156069	140	112	706
402	156407	319	769	593
403	156826	1296	767	547
404	158142	1196	767	567
405	159358	937	771	598
406	160315	778	755	606
407	161113	100	764	571
408	161232	140	778	587
409	161392	219	848	575
410	161691	319	738	552
411	162030	179	728	538
412	162289	199	759	633
413	162528	299	750	638
414	162907	219	713	632
415	163186	219	131	665
416	163525	120	765	588
417	163685	100	762	569
418	163824	179	737	546
419	164044	180	734	534
420	164582	100	708	532
421	164781	219	722	646
422	165120	139	710	537
423	165280	279	710	545
424	165579	100	703	541
425	165718	179	706	590
426	165938	160	706	586
427	166117	160	718	634
428	166296	299	736	643
429	166615	279	766	647
430	167034	359	744	553
431	167413	100	793	543
432	167592	159	107	714
433	167772	199	98	711
434	167991	100	110	666
435	168111	259	78	636
436	168390	578	80	636
437	169008	100	82	625
438	169287	120	147	613
439	169566	399	35	625
440	169985	259	84	633
441	170284	558	100	638
442	170962	419	120	673
443	171400	239	120	713
444	171660	140	191	707
445	171859	120	205	708
446	171999	259	155	641
447	172278	120	157	633
448	172417	180	116	632
449	172617	219	124	633
450	172856	120	116	629
451	173374	180	188	638
452	173693	479	93	609
453	174252	219	187	613
454	174650	518	225	631
455	175348	140	100	621
456	175627	100	64	622
457	175747	120	51	603
458	176006	100	399	179
459	176225	199	292	176
460	176445	279	450	226
461	176744	239	567	222
462	177003	1475	598	237
463	178498	239	538	261
464	178757	658	509	272
465	179435	379	298	243
466	179834	179	257	249
467	180033	279	75	261
468	180332	279	263	241
469	180631	179	88	251
470	180931	638	78	716
471	181588	379	68	633
472	181987	120	78	593
473	182226	479	106	689
474	182725	199	91	688
475	182944	259	87	662
476	183223	798	117	668
477	184160	957	123	657
478	185157	299	80	618
479	185476	120	94	632
480	185616	299	34	637
481	185935	279	39	636
482	186334	459	116	674
483	186812	279	113	679
484	187131	259	105	665
485	187410	199	102	659
486	187709	179	701	628
487	187909	399	748	606
488	188367	140	765	624
489	188567	179	745	641
490	188806	120	709	652
491	189045	499	700	645
492	189603	419	752	676
493	190062	160	781	680
494	190241	180	826	681
495	190501	339	762	642
496	190999	100	397	306
497	191119	259	331	253
498	191398	199	276	256
499	191617	119	247	260
500	191757	239	82	253
501	192036	339	462	254
502	192395	479	560	249
503	192893	897	595	256
504	193810	598	514	277
505	194428	339	486	297
506	194827	239	794	694
507	195086	140	774	676
508	195525	279	749	644
509	196083	319	103	697
510	196482	618	105	703
511	197120	100	105	683
512	197239	419	111	647
513	197678	219	101	625
514	198077	279	443	254
515	198416	279	252	252
516	198715	100	235	270
517	198874	339	72	272
518	199233	219	242	270
519	199472	379	53	268
520	199871	279	228	270
521	200270	798	247	265
522	201087	160	285	250
523	201267	140	246	254
524	201446	279	78	277
525	201865	180	70	707
526	202084	120	92	647
527	202224	159	101	640
528	202503	199	74	589
529	202722	179	87	652
530	202922	120	78	643
531	203061	339	70	602
532	203460	997	42	795
533	204477	419	68	816
534	204915	259	93	817
535	205214	120	90	806
536	205354	1077	79	804
537	206750	140	736	671
538	207009	120	710	717
539	207148	140	718	721
540	207308	219	722	721
541	207667	399	695	740
542	208085	279	751	752
543	208544	319	758	790
544	208883	239	759	808
545	209162	459	763	759
546	209641	219	833	758
547	209880	279	767	768
548	210179	299	765	784
549	210498	219	803	787
550	210737	518	737	782
551	211275	439	738	784
552	211734	239	742	748
553	211993	159	723	613
554	212173	140	727	547
555	212432	100	738	531
556	212551	798	734	520
557	213369	638	689	525
558	214027	519	745	524
559	214565	239	749	561
560	214864	199	749	596
561	215383	120	742	627
562	216060	359	712	616
563	216439	140	746	610
564	216718	100	746	604
565	216838	159	743	621
566	217177	120	725	635
567	217436	180	721	551
568	217835	180	704	649
569	218054	140	702	642
570	218273	239	684	641
571	218533	179	683	632
572	218812	578	694	647
573	219410	618	701	682
574	220068	120	705	552
575	220307	140	744	585
576	220646	259	750	640
577	220925	179	748	641
578	221204	100	752	609
579	221404	100	769	610
580	221603	140	766	611
581	221822	120	757	610
582	222102	199	758	596
583	222321	319	817	574
584	222759	120	720	609
585	222899	279	702	613
586	223497	100	758	620
587	224095	319	748	678
588	224434	997	742	545
589	225491	279	741	526
590	225830	499	731	526
591	226348	120	772	545
592	226488	120	766	538
593	226647	140	787	526
594	226926	100	837	526
595	227106	160	817	537
596	227285	419	777	542
597	227724	239	720	503
598	228003	419	686	518
599	228442	538	717	514
600	229000	259	726	542
601	229279	199	743	538
602	229498	399	735	582
603	229997	159	744	594
604	230176	299	745	603
605	230715	139	837	600
606	230894	877	720	619
607	231791	279	707	613
608	232090	140	770	636
609	232289	499	766	644
610	232967	100	765	674
611	233167	120	761	673
612	233366	299	770	709
613	233685	179	774	726
614	233885	100	767	728
615	234204	139	730	701
616	234363	140	770	685
617	234582	100	760	690
618	234901	160	741	685
619	235161	120	741	689
620	235300	140	783	702
621	235699	538	705	617
622	236357	439	751	599
623	236815	419	721	631
624	237254	140	751	646
625	237593	239	816	645
626	237852	419	734	642
627	238291	159	731	642
628	238470	120	764	667
629	238670	100	761	661
630	238869	279	724	653
631	239168	199	728	649
632	239407	120	787	667
633	239547	239	785	678
634	239846	439	801	723
635	240304	120	787	729
636	240564	478	700	590
637	241062	259	731	574
638	241341	279	729	573
639	241939	279	740	606
640	242238	179	735	607
641	242657	279	761	605
642	242956	359	751	635
643	243335	339	713	629
644	243794	758	753	767
645	244850	160	111	782
646	245109	140	94	788
647	245349	120	63	839
648	245588	319	95	853
649	245927	279	53	771
650	246226	219	46	760
651	246465	259	20	763
652	246744	658	74	793
653	247442	199	379	731
654	247661	100	380	741
655	247821	219	378	737
656	248080	120	381	740
657	248220	219	391	946
658	248499	159	73	853
659	248678	518	66	790
660	249216	279	94	804
661	249516	498	70	867
662	250054	478	85	831
663	250552	459	39	885
664	251051	199	58	942
665	251350	120	332	295
666	251569	139	324	235
667	251768	279	250	269
668	252068	319	65	254
669	252466	179	266	256
670	252666	379	444	249
671	253064	140	332	267
672	253264	778	504	280
673	254420	139	521	275
674	254659	120	518	276
675	254879	439	591	283
676	255357	658	592	286
677	256095	339	485	295
678	256554	439	502	216
679	257092	339	1264	238
680	257491	239	532	243
681	257750	179	447	292
682	257969	160	265	293
683	258188	758	1259	196
684	259046	778	421	257
685	259843	937	437	210
686	260800	180	426	186
687	261019	339	250	197
688	261378	578	75	194
689	262036	219	247	202
690	262276	339	308	185
691	262634	179	255	195
692	262874	299	107	663
693	263193	140	100	661
694	263352	259	84	596
695	263631	100	97	804
696	263771	279	98	799
697	264070	359	94	707
698	264668	239	110	295
699	265007	139	63	227
700	265186	239	256	231
701	265525	279	241	196
702	265824	379	63	188
703	266243	279	254	172
704	266562	299	68	180
705	266881	578	234	186
706	267479	140	326	185
707	267798	439	89	616
708	268297	219	106	625
709	268576	199	107	617
710	269533	299	58	679
711	269852	658	118	705
712	270629	439	773	664
713	271148	100	808	731
714	271267	140	809	740
715	271427	179	773	769
716	271726	339	746	635
717	272085	219	745	608
718	272324	239	742	601
719	272583	518	713	563
720	273122	239	692	584
721	273381	219	735	606
722	273720	139	714	563
723	273919	299	679	568
724	274238	877	722	548
725	275135	817	677	535
726	276012	379	88	627
727	276531	160	749	600
728	276710	180	758	602
729	277029	259	753	645
730	277308	199	785	680
731	277627	279	744	640
732	277926	100	779	614
733	278046	140	781	578
734	278206	518	769	594
735	278744	738	760	579
736	279501	180	750	558
737	279701	219	795	545
738	279940	339	786	574
739	280439	359	754	560
740	280817	279	753	624
741	281116	259	778	660
742	281455	179	831	701
743	281715	180	752	644
744	282093	100	794	642
745	282213	199	854	664
746	282492	179	784	674
747	282991	100	105	680
748	283250	259	108	712
749	283529	160	105	643
750	283708	179	98	627
751	283908	100	111	636
752	284027	159	115	620
753	284207	219	82	597
754	284506	219	287	186
755	284765	139	426	162
756	284924	359	271	171
757	285303	399	91	198
758	285722	259	284	170
759	286001	239	471	191
760	286260	877	520	181
761	287157	219	574	198
762	287397	120	479	177
763	287536	718	599	185
764	288433	180	586	212
765	288633	299	505	213
766	289092	379	307	183
767	289490	179	276	205
768	289690	379	82	211
769	290088	219	272	196
770	290328	359	288	195
771	290786	339	726	634
772	291185	339	762	616
773	291843	160	778	677
774	292022	339	767	582
775	292381	319	728	552
776	292740	120	776	556
777	293079	100	758	653
778	293298	180	114	691
779	293577	100	121	699
780	293697	399	116	687
781	294116	159	112	639
782	294315	159	109	632
783	294515	179	132	724
784	294714	179	129	732
785	294913	239	98	692
786	295172	120	146	688
787	295372	219	739	617
788	295631	439	773	592
789	296129	120	769	606
790	296269	140	737	626
791	296468	219	384	232
792	296708	259	290	228
793	297066	180	334	184
794	297286	259	493	193
795	297565	698	572	196
796	298283	159	473	221
797	298482	279	588	206
798	298781	658	599	201
799	299479	339	482	231
800	299838	399	500	230
801	300256	399	306	214
802	300675	159	247	209
803	300875	479	71	222
804	301393	239	229	207
805	301652	578	252	206
806	302569	359	731	528
807	302968	100	761	630
808	303287	100	761	581
809	303466	359	767	597
810	303945	219	717	570
811	304184	199	720	656
812	304443	219	763	689
813	304742	339	719	703
814	305101	319	738	730
815	305480	140	789	759
816	305659	180	725	733
817	305859	159	729	732
818	306038	319	689	736
819	306437	140	96	785
820	306597	558	66	922
821	307175	180	55	785
822	307474	399	36	569
823	307892	538	55	512
824	308471	698	65	510
825	309188	917	32	541
826	310126	1196	58	583
827	311342	160	78	709
828	311541	319	84	740
829	311920	199	58	754
830	312159	140	46	644
831	312319	419	24	606
832	312757	279	60	579
833	313116	179	67	613
834	313336	159	695	724
835	313515	598	707	732
836	314133	160	710	709
837	314332	120	698	527
838	314512	379	691	531
839	314910	120	684	538
840	315050	259	683	531
841	315329	419	727	534
842	315768	618	683	521
843	316406	120	739	560
844	316545	359	733	563
845	316924	100	753	606
846	317044	538	754	588
847	317702	2592	66	534
848	320314	100	85	527
849	320493	1137	50	541
850	321649	518	98	565
851	322188	100	39	507
852	322307	319	41	526
853	322686	578	53	601
854	323344	319	732	707
855	324062	120	463	304
856	324520	160	443	198
857	324700	239	265	212
858	324959	219	437	200
859	325198	379	555	207
860	325597	439	588	212
861	326056	678	603	228
862	326793	439	515	251
863	327272	120	360	228
864	327491	100	365	217
865	327651	120	418	220
866	327790	279	252	236
867	328089	997	71	234
868	329106	658	88	235
869	329784	199	239	226
870	330003	459	69	241
871	330502	518	50	537
872	331040	678	28	539
873	331738	479	78	536
874	332236	578	88	561
875	332834	120	89	568
876	332994	518	71	250
877	333572	479	250	236
878	334150	319	719	573
879	334569	279	277	273
880	334968	618	742	576
881	335626	459	711	528
882	336184	199	753	544
883	336403	199	749	585
884	336622	219	750	586
885	336862	798	751	612
886	337679	279	772	614
887	337978	558	748	570
888	338556	199	754	551
889	338776	120	791	547
890	338955	239	734	522
891	339254	299	469	237
892	339573	1954	593	238
893	341547	219	497	266
894	341786	498	506	279
895	342305	459	415	233
896	342783	239	244	245
897	343042	498	79	254
898	343561	459	264	248
899	344039	179	324	241
900	344239	439	259	244
901	344737	239	95	244
902	345235	538	52	550
903	345794	219	78	577
904	346033	379	72	546
905	346432	279	80	588
906	346731	419	84	554
907	347229	1077	50	620
908	348326	100	26	631
909	348445	160	47	568
910	348625	778	31	526
911	349442	459	56	582
912	349921	299	17	591
913	350320	199	67	599
914	350619	140	93	635
915	350778	120	88	706
916	351017	140	87	703
917	351276	239	86	648
918	351615	120	91	651
919	351775	1256	72	704
920	353051	1236	111	723
921	354466	419	709	521
922	355005	140	728	603
923	355264	578	712	672
924	355862	179	721	683
925	356161	100	696	679
926	356520	140	282	269
927	356719	120	426	242
928	356859	199	281	233
929	357078	219	248	239
930	357497	199	79	246
931	357896	100	732	675
932	358095	459	737	686
933	358574	439	719	675
934	359112	180	711	588
935	359311	857	688	515
936	360189	120	684	511
937	360368	100	679	522
938	360488	120	714	564
939	360627	279	713	555
940	360926	718	697	580
941	361664	239	730	577
942	361923	239	729	577
943	362262	219	748	656
944	362681	120	788	702
945	362820	140	801	740
946	362980	818	739	619
947	363817	239	719	611
948	364076	319	798	618
949	364475	359	763	629
950	364854	479	763	669
951	365392	339	789	767
952	365751	100	788	773
953	365891	538	770	709
954	366449	479	773	794
955	366947	339	756	620
956	367346	219	825	602
957	367625	140	776	780
958	367785	140	779	786
959	367944	100	753	779
960	368144	100	713	596
961	368263	479	712	610
962	368762	459	766	604
963	369240	100	742	610
964	369360	399	738	607
965	369838	120	782	622
966	369978	140	783	619
967	370157	578	731	633
968	370755	678	756	640
969	371453	160	708	649
970	371832	279	782	631
971	372131	279	754	639
972	372430	100	750	654
973	372550	259	749	644
974	372829	100	719	643
975	373028	199	726	609
976	373268	239	763	598
977	373626	140	851	617
978	373906	100	391	211
979	374125	120	434	200
980	374304	239	438	261
981	374563	538	563	241
982	375142	1196	594	239
983	376418	180	543	273
984	376617	519	503	287
985	377155	399	440	248
986	377574	239	257	263
987	377833	698	66	264
988	378591	219	249	264
989	378830	299	259	258
990	379149	957	60	264
991	380126	159	94	261
992	380325	498	251	255
993	380844	279	276	255
994	381143	100	243	258
995	381262	239	89	262
996	381522	159	55	271
997	381821	120	97	611
998	382060	199	98	649
999	382279	160	107	684
1000	382598	160	101	639
1001	382778	359	94	648
1002	383157	279	92	645
1003	383476	100	113	643
1004	383595	359	104	645
1005	383974	778	76	602
1006	384771	518	93	626
1007	385350	179	743	570
1008	385549	140	752	562
1009	385768	259	729	581
1010	386147	279	747	608
1011	386446	299	752	646
1012	386845	199	712	604
1013	387144	379	440	258
1014	387643	100	553	162
1015	387942	180	565	158
1016	388161	160	568	155
1017	388360	259	563	171
1018	388699	120	605	268
1019	388839	279	575	167
1020	389277	140	577	165
1021	389437	219	572	293
1022	389676	578	504	305
1023	390334	119	432	268
1024	390474	239	282	268
1025	390733	379	247	259
1026	391152	359	82	265
1027	391550	518	250	277
1028	392108	299	58	287
1029	392428	199	260	275
1030	392647	359	85	279
1031	393026	299	81	577
1032	393345	160	52	545
1033	393524	399	70	578
1034	394022	877	720	558
1035	394940	299	724	535
1036	395438	319	456	275
1037	395817	100	97	571
1038	395936	359	71	573
1039	396315	120	26	566
1040	396455	837	30	582
1041	397312	219	35	528
1042	397551	498	63	577
1043	398070	478	94	592
1044	398648	598	717	567
1045	399266	319	691	555
1046	399605	1077	740	591
1047	400741	100	823	576
1048	400861	259	827	565
1049	401140	439	765	591
1050	401599	100	761	587
1051	401718	279	839	591
1052	402037	199	758	613
1053	402297	120	760	613
1054	402556	120	845	612
1055	402795	120	86	596
1056	402954	120	99	611
1057	403234	439	94	587
1058	403692	179	64	562
1059	403991	140	60	567
1060	404151	837	65	574
1061	405028	379	426	256
1062	405427	279	264	257
1063	405726	379	79	269
1064	406184	140	484	254
1065	406444	140	1182	188
1066	406603	997	1275	193
1067	407680	140	526	290
1068	407839	319	433	256
1069	408178	199	421	209
1070	408417	459	276	209
1071	408896	219	85	215
1072	409175	140	486	203
1073	409334	339	441	206
1074	409893	120	1222	997
1075	410032	160	1256	998
1076	410371	239	448	190
1077	410630	419	428	221
1078	411069	877	603	216
1079	411966	140	544	231
1080	412126	259	501	226
1081	412465	279	274	213
1082	412764	179	248	223
1083	412983	279	55	225
1084	413302	239	214	224
1085	413561	578	251	225
1086	414159	179	62	250
1087	414379	459	66	573
1088	414857	977	44	536
1089	415854	140	63	594
1090	416014	120	68	593
1091	416153	479	67	550
1092	416691	120	88	656
1093	416931	120	88	679
1094	417170	299	72	746
1095	417489	139	78	814
1096	417648	857	38	621
1097	418526	598	41	587
1098	419144	598	65	637
1099	419762	1994	55	572
1100	421775	817	60	536
1101	422613	678	36	546
1102	423311	618	78	531
1103	423949	259	87	559
1104	424228	558	62	520
1105	424806	618	42	541
1106	425444	738	42	561
1107	426202	299	76	602
1108	426521	279	93	660
1109	426820	399	104	631
1110	427238	558	101	583
1111	427816	180	106	624
1112	428016	359	106	639
1113	428714	100	102	666
1114	428833	558	117	677
1115	429412	199	104	654
1116	429691	319	695	582
1117	430030	100	697	582
1118	430149	179	728	559
1119	430349	179	703	522
1120	430648	239	712	537
1121	430907	897	684	556
1122	431824	439	683	551
1123	432382	977	690	576
1124	433379	120	685	552
1125	433519	180	688	545
1126	433798	359	718	548
1127	434197	279	744	561
1128	434496	259	749	602
1129	434775	239	760	605
1130	435034	259	770	552
1131	435333	379	794	574
1132	435732	140	768	641
1133	435891	299	767	651
1134	436370	100	850	688
1135	436489	199	774	648
1136	436729	179	767	635
1137	436928	179	768	642
1138	437127	279	788	667
1139	437745	100	778	673
1140	438064	279	138	581
1141	438363	120	106	607
1142	438702	140	104	609
1143	438862	239	103	590
1144	439161	120	746	667
1145	439659	319	745	633
1146	440058	120	804	668
1147	440258	179	747	658
1148	440477	159	134	586
1149	440656	140	126	590
1150	440816	159	103	601
1151	440995	279	99	599
1152	441294	199	94	638
1153	441514	538	106	583
1154	442072	100	103	635
1155	442191	160	111	635
1156	442550	120	111	602
1157	442690	1376	124	656
1158	444086	1077	108	618
1159	445342	239	737	647
1160	445601	140	782	652
1161	446279	140	787	628
1162	446478	179	763	629
1163	446777	179	761	645
1164	447395	160	220	204
1165	447575	159	308	250
1166	447754	498	256	241
1167	448532	518	566	223
1168	449070	100	450	220
1169	449289	140	444	224
1170	449449	179	437	227
1171	449668	678	595	226
1172	450366	479	515	247
1173	450924	339	270	237
1174	451323	778	79	241
1175	452120	100	103	235
1176	452240	698	258	230
1177	453018	319	102	584
1178	453356	339	92	636
1179	453735	200	112	687
1180	453955	279	66	549
1181	454274	558	22	570
1182	454852	239	68	553
1183	455111	279	50	591
1184	455410	319	17	593
1185	455749	359	82	636
1186	456128	319	94	724
1187	456467	160	114	717
1188	456646	239	112	711
1189	456905	199	100	710
1190	457125	598	104	740
1191	457743	259	94	790
1192	458022	299	114	727
1193	458421	159	100	702
1194	458600	139	127	693
1195	458760	419	99	675
1196	459198	279	133	683
1197	459517	479	97	625
1198	460195	997	709	543
1199	461252	140	685	535
1200	461431	379	708	539
1201	461830	199	713	556
1202	462049	538	689	579
1203	462627	100	670	574
1204	462887	279	723	614
1205	463186	479	742	657
1206	463684	439	734	661
1207	464143	299	740	656
1208	464980	100	749	670
1209	465279	578	747	642
1210	465877	200	766	634
1211	466176	179	812	636
1212	466376	339	746	635
1213	466794	100	749	641
1214	466914	100	753	611
1215	467034	239	753	614
1216	467293	200	749	608
1217	467512	160	783	618
1218	467692	459	742	614
1219	468170	439	752	653
1220	468708	279	819	633
1221	469286	100	845	605
1222	469526	259	793	583
1223	469805	180	752	587
1224	470064	140	714	570
1225	470383	100	715	575
1226	470582	219	737	662
1227	470882	379	745	603
1228	471480	160	706	609
1229	471779	179	816	619
1230	471978	259	767	647
1231	473055	239	742	632
1232	473453	179	836	614
1233	473673	100	837	614
1234	474111	239	111	681
1235	474749	199	82	692
1236	474969	359	88	690
1237	475348	259	72	675
1238	475647	259	102	658
1239	476025	219	538	301
1240	476305	199	459	224
1241	476624	1376	604	226
1242	478019	140	472	236
1243	478179	140	428	238
1244	478378	160	240	238
1245	478617	199	440	224
1246	478836	160	560	242
1247	479016	100	562	238
1248	479136	259	544	233
1249	479415	179	539	236
1250	479614	578	470	225
1251	480212	379	446	222
1252	480611	199	569	236
1253	480830	459	531	238
1254	481309	339	452	227
1255	481688	159	319	233
1256	481867	120	281	236
1257	482007	239	474	239
1258	482266	219	551	244
1259	482505	678	609	244
1260	483203	239	582	279
1261	483502	618	501	281
1262	484140	379	471	249
1263	484539	678	435	216
1264	485296	120	208	216
1265	485436	359	71	228
1266	485835	379	263	216
1267	486293	698	441	205
1268	488546	120	426	209
1269	488686	100	480	215
1270	488825	279	484	211
1271	489124	159	443	221
1272	489324	598	268	239
1273	489942	279	442	240
1274	490281	518	76	250
1275	490879	100	245	253
1276	491018	279	66	262
1277	491377	279	77	577
1278	491676	100	72	577
1279	491796	259	70	530
1280	492075	140	109	667
1281	492414	100	105	671
1282	492534	518	90	601
1283	493072	339	56	570
1284	493431	279	69	599
1285	493730	219	16	584
1286	494069	279	83	722
1287	494368	179	73	767
1288	494567	1794	97	756
1289	496561	180	280	260
1290	496760	140	178	268
1291	496920	538	66	269
1292	497558	698	119	742
1293	498276	379	89	757
1294	498754	239	727	656
1295	499253	479	441	265
1296	499751	179	591	253
1297	499990	140	310	257
1298	500150	120	255	247
1299	500349	239	594	241
1300	500748	180	748	602
1301	501047	279	768	647
1302	501346	1037	755	615
1303	502462	199	782	625
1304	502702	120	751	624
1305	502901	219	758	617
1306	503140	179	761	609
1307	503360	259	749	595
1308	503699	160	824	590
1309	503938	120	552	280
1310	504077	399	597	250
1311	504536	239	250	248
1312	504815	120	82	269
1313	504975	299	456	252
1314	505294	479	503	293
1315	505832	219	433	252
1316	506091	140	431	255
1317	506450	259	1223	258
1318	506729	239	1274	271
1319	507028	598	1279	289
1320	507726	199	294	293
1321	507965	399	238	279
1322	508424	1236	439	269
1323	509680	120	449	206
1324	509919	379	1268	283
1325	510318	877	1279	205
1326	511235	698	414	233
1327	511953	159	311	226
1328	512132	159	428	242
1329	512312	279	260	253
1330	512611	379	77	252
1331	513009	538	242	246
1332	513608	299	72	254
1333	514006	279	64	652
1334	514325	1097	44	577
1335	515502	598	726	581
1336	516120	678	720	540
1337	516897	379	749	648
1338	517336	159	320	219
1339	517535	179	135	224
1340	517774	638	248	237
1341	518512	100	754	544
1342	518632	359	705	526
1343	519090	379	686	537
1344	519489	140	723	540
1345	519788	139	756	550
1346	520127	160	766	640
1347	520306	160	765	603
1348	520486	140	759	588
1349	520685	120	711	531
1350	520825	140	773	607
1351	520984	538	766	585
1352	521583	140	525	235
1353	521742	140	476	207
1354	521902	160	439	203
1355	522141	538	571	230
1356	522699	259	478	224
1357	522978	179	253	230
1358	523178	279	70	229
1359	523477	140	522	219
1360	523636	359	603	242
1361	524075	279	443	235
1362	524474	638	499	276
1363	525171	479	276	250
1364	525670	399	437	248
1365	526108	239	773	481
1366	526467	199	66	572
1367	526686	179	40	565
1368	526886	518	32	588
1369	527424	339	46	546
1370	527863	279	700	557
1371	528162	219	678	536
1372	528501	538	676	529
1373	529159	877	685	579
1374	530116	120	715	583
1375	530335	518	44	587
1376	530893	179	29	524
1377	531272	179	206	228
1378	531491	199	71	248
1379	531850	100	1210	234
1380	532050	1515	1280	191
1381	533645	180	285	255
1382	533944	897	91	220
1383	534861	259	122	213
1384	535140	239	180	215
1385	535439	339	67	521
1386	535838	140	135	250
1387	535997	219	108	223
1388	536237	179	68	207
1389	537313	120	29	476
1390	537453	179	53	521
1391	537672	877	80	209
1392	538569	1475	254	221
1393	540064	160	257	223
1394	540264	718	42	250
1395	541081	459	131	227
1396	541560	299	91	233
1397	541919	399	137	236
1398	542417	100	716	498
1399	542537	319	712	516
1400	542936	877	75	521
1401	543833	100	84	530
1402	544052	319	66	542
1403	544411	120	712	544
1404	544550	259	716	532
1405	544870	299	67	550
1406	545189	100	76	615
1407	545587	339	715	565
1408	545986	379	72	577
1409	547282	259	74	611
1410	547621	200	133	237
1411	547840	718	70	228
1412	548638	399	65	555
1413	549236	180	726	564
1414	549435	120	722	587
1415	549634	180	165	220
1416	549834	1675	249	229
1417	551628	100	1171	231
1418	551947	518	1262	256
1419	552486	1376	1270	210
1420	553981	1176	243	228
1421	555177	1176	251	197
1422	556393	459	73	187
1423	556872	219	247	197
1424	557111	339	258	282
1425	557570	1136	252	218
1426	558726	439	246	214
1427	559284	180	72	249
1428	559504	299	249	228
1429	560640	1296	236	218
1430	561976	439	12	230
1431	562434	179	175	226
1432	562634	319	91	230
1433	562973	339	151	238
1434	563332	479	96	239
1435	564388	100	107	275
1436	564508	219	96	234
1437	564747	160	184	224
1438	565644	718	74	237
1439	566382	160	58	517
1440	566701	279	74	559
1441	567220	419	719	556
1442	567758	618	97	225
1443	568456	299	65	565
1444	568774	100	69	537
1445	568954	279	708	557
1446	569253	977	722	535
1447	570250	180	726	582
1448	570449	100	722	564
1449	570649	598	59	573
1450	571267	219	59	547
1451	571506	140	21	540
1452	571666	857	42	558
1453	572543	339	84	576
1454	572942	219	177	567
1455	573221	120	111	656
1456	573679	199	1290	226
1457	573899	877	1276	194
1458	574836	339	127	206
1459	575194	897	73	253
1460	576112	279	60	311
1461	576411	1695	58	224
1462	578125	399	74	283
1463	579521	1376	63	300
1464	580936	399	222	312
1465	581355	1276	243	305
1466	582651	199	85	320
1467	582890	160	228	310
1468	583209	180	1241	242
1469	583409	180	1275	229
1470	583608	758	1270	197
1471	584426	179	191	293
1472	584625	578	238	284
1473	585223	359	237	233
1474	585602	299	247	289
1475	585921	658	239	234
1476	586619	459	249	304
1477	587117	259	313	292
1478	587396	538	258	283
1479	587954	1774	246	245
1480	589789	1017	72	265
1481	590826	359	33	262
1482	591503	159	60	556
1483	591683	199	64	563
1484	591902	239	59	568
1485	592161	100	96	575
1486	592580	299	730	562
1487	593158	179	68	565
1488	593397	239	34	574
1489	593657	279	67	587
1490	593995	120	738	604
1491	594135	100	753	599
1492	594394	140	120	258
1493	594554	259	71	246
1494	595890	857	63	268
1495	596767	2273	98	269
1496	599080	1156	236	264
1497	600256	239	232	264
1498	600515	1435	236	269
1499	602010	438	251	274
1500	602608	219	75	279
1501	602908	1495	273	270
1502	604443	140	113	296
1503	604622	159	69	527
1504	604802	179	72	569
1505	605001	817	71	598
1506	605898	140	738	616
1507	606058	180	703	578
1508	606297	140	727	583
1509	606496	140	772	571
1510	606955	160	66	596
1511	607354	100	45	604
1512	607553	259	74	580
1513	607892	239	67	579
1514	608191	1495	80	275
1515	609726	100	49	628
1516	609846	239	64	603
1517	610185	279	740	608
1518	610484	299	747	596
1519	610883	100	112	593
1520	611002	100	60	585
1521	611122	159	59	586
1522	611421	259	725	560
1523	611780	279	89	272
1524	612079	140	74	257
1525	612278	778	67	553
1526	613375	179	720	540
1527	613574	518	725	535
1528	614112	239	734	536
1529	614491	179	118	541
1530	614691	259	75	542
1531	614970	200	57	551
1532	615229	219	692	528
1533	615468	100	709	546
1534	615668	538	710	552
1535	616226	120	710	554
1536	616465	120	109	523
1537	616605	459	72	525
1538	617083	179	59	504
1539	617402	139	788	525
1540	617562	100	715	508
1541	617801	140	718	502
1542	618160	179	24	515
1543	618359	698	69	521
1544	619077	299	38	526
1545	619416	140	20	531
1546	619575	160	14	526
1547	619755	479	86	548
1548	620353	179	141	211
1549	620552	199	240	237
1550	620911	179	1148	173
1551	621170	279	1036	261
1552	621709	120	560	452
1553	621888	239	550	978
1554	622187	239	550	392
1555	622706	120	53	547
1556	622925	179	87	580
1557	623124	479	92	577
1558	623702	1396	39	536
1559	625297	100	1212	191
1560	625417	1495	1275	194
1561	626992	120	1270	1046
1562	627132	239	1263	1010
1563	627590	199	131	420
1564	627810	319	72	494
